pc,instr,gpr,csr,binary,mode,instr_str,operand,pad
80000000,csrrs,t0:ffffff14,,f14022f3,3,"csrrs	x5,mhartid,x0","t0,mhartid,zero",
80000004,addi,t1:00000000,,00000313,3,"addi	x6,x0,0","t1,zero,0",
8000000c,auipc,a1:8000000c,,00000597,3,"auipc	x11,0x0","a1,0x0",
80000010,addi,a1:80000018,,00c58593,3,"addi	x11,x11,12","a1,a1,12",
80000018,lui,t5:40001000,,40001f37,3,"lui	x30,0x40001","t5,0x40001",
8000001c,addi,t5:40001120,,120f0f13,3,"addi	x30,x30,288","t5,t5,288",
80000024,auipc,t0:80041024,,00041297,3,"auipc	x5,0x41","t0,0x41",
80000028,addi,t0:80041024,,00028293,3,"addi	x5,x5,0","t0,t0,0",
8000002c,auipc,t5:8000a02c,,0000af17,3,"auipc	x30,0xa","t5,0xa",
80000030,addi,t5:80009ed8,,eacf0f13,3,"addi	x30,x30,-340","t5,t5,-340",
80000034,ori,t5:80009ed8,,000f6f13,3,"ori	x30,x30,0","t5,t5,0",
8000003c,auipc,t5:8000003c,,00000f17,3,"auipc	x30,0x0","t5,0x0",
80000040,addi,t5:80000064,,028f0f13,3,"addi	x30,x30,40","t5,t5,40",
8000004c,lui,t5:00004000,,00004f37,3,"lui	x30,0x4","t5,0x4",
80000050,addi,t5:00003800,,800f0f13,3,"addi	x30,x30,-2048","t5,t5,-2048",
80000058,addi,t5:00000000,,00000f13,3,"addi	x30,x0,0","t5,zero,0",
80000064,lui,t5:ff800000,,ff800f37,3,"lui	x30,0xff800","t5,0xff800",
80000068,addi,t5:ff7fffff,,ffff0f13,3,"addi	x30,x30,-1","t5,t5,-1",
8000006c,fmv.w.x,ft0:ff7fffff,,f00f0053,3,"fmv.w.x	f0,x30","ft0,t5",
80000070,lui,t5:80274000,,80274f37,3,"lui	x30,0x80274","t5,0x80274",
80000074,addi,t5:80273b3c,,b3cf0f13,3,"addi	x30,x30,-1220","t5,t5,-1220",
80000078,fmv.w.x,ft1:80273b3c,,f00f00d3,3,"fmv.w.x	f1,x30","ft1,t5",
8000007c,lui,t5:80379000,,80379f37,3,"lui	x30,0x80379","t5,0x80379",
80000080,addi,t5:80378ed1,,ed1f0f13,3,"addi	x30,x30,-303","t5,t5,-303",
80000084,fmv.w.x,ft2:80378ed1,,f00f0153,3,"fmv.w.x	f2,x30","ft2,t5",
80000088,lui,t5:7f800000,,7f800f37,3,"lui	x30,0x7f800","t5,0x7f800",
8000008c,fmv.w.x,ft3:7f800000,,f00f01d3,3,"fmv.w.x	f3,x30","ft3,t5",
80000090,lui,t5:a5a75000,,a5a75f37,3,"lui	x30,0xa5a75","t5,0xa5a75",
80000094,addi,t5:a5a75622,,622f0f13,3,"addi	x30,x30,1570","t5,t5,1570",
80000098,fmv.w.x,ft4:a5a75622,,f00f0253,3,"fmv.w.x	f4,x30","ft4,t5",
8000009c,lui,t5:ff800000,,ff800f37,3,"lui	x30,0xff800","t5,0xff800",
800000a0,addi,t5:ff7fffff,,ffff0f13,3,"addi	x30,x30,-1","t5,t5,-1",
800000a4,fmv.w.x,ft5:ff7fffff,,f00f02d3,3,"fmv.w.x	f5,x30","ft5,t5",
800000a8,lui,t5:7f800000,,7f800f37,3,"lui	x30,0x7f800","t5,0x7f800",
800000ac,addi,t5:7f800001,,001f0f13,3,"addi	x30,x30,1","t5,t5,1",
800000b0,fmv.w.x,ft6:7f800001,,f00f0353,3,"fmv.w.x	f6,x30","ft6,t5",
800000b4,lui,t5:ff800000,,ff800f37,3,"lui	x30,0xff800","t5,0xff800",
800000b8,fmv.w.x,ft7:ff800000,,f00f03d3,3,"fmv.w.x	f7,x30","ft7,t5",
800000bc,lui,t5:ff800000,,ff800f37,3,"lui	x30,0xff800","t5,0xff800",
800000c0,addi,t5:ff7fffff,,ffff0f13,3,"addi	x30,x30,-1","t5,t5,-1",
800000c4,fmv.w.x,fs0:ff7fffff,,f00f0453,3,"fmv.w.x	f8,x30","fs0,t5",
800000c8,lui,t5:7f800000,,7f800f37,3,"lui	x30,0x7f800","t5,0x7f800",
800000cc,addi,t5:7f800001,,001f0f13,3,"addi	x30,x30,1","t5,t5,1",
800000d0,fmv.w.x,fs1:7f800001,,f00f04d3,3,"fmv.w.x	f9,x30","fs1,t5",
800000d4,lui,t5:7f800000,,7f800f37,3,"lui	x30,0x7f800","t5,0x7f800",
800000d8,addi,t5:7f7fffff,,ffff0f13,3,"addi	x30,x30,-1","t5,t5,-1",
800000dc,fmv.w.x,fa0:7f7fffff,,f00f0553,3,"fmv.w.x	f10,x30","fa0,t5",
800000e0,lui,t5:7f800000,,7f800f37,3,"lui	x30,0x7f800","t5,0x7f800",
800000e4,addi,t5:7f800001,,001f0f13,3,"addi	x30,x30,1","t5,t5,1",
800000e8,fmv.w.x,fa1:7f800001,,f00f05d3,3,"fmv.w.x	f11,x30","fa1,t5",
800000ec,lui,t5:80000000,,80000f37,3,"lui	x30,0x80000","t5,0x80000",
800000f0,fmv.w.x,fa2:80000000,,f00f0653,3,"fmv.w.x	f12,x30","fa2,t5",
800000f4,lui,t5:ff800000,,ff800f37,3,"lui	x30,0xff800","t5,0xff800",
800000f8,addi,t5:ff7fffff,,ffff0f13,3,"addi	x30,x30,-1","t5,t5,-1",
800000fc,fmv.w.x,fa3:ff7fffff,,f00f06d3,3,"fmv.w.x	f13,x30","fa3,t5",
80000100,lui,t5:ff800000,,ff800f37,3,"lui	x30,0xff800","t5,0xff800",
80000104,addi,t5:ff7fffff,,ffff0f13,3,"addi	x30,x30,-1","t5,t5,-1",
80000108,fmv.w.x,fa4:ff7fffff,,f00f0753,3,"fmv.w.x	f14,x30","fa4,t5",
8000010c,addi,t5:00000000,,00000f13,3,"addi	x30,x0,0","t5,zero,0",
80000110,fmv.w.x,fa5:00000000,,f00f07d3,3,"fmv.w.x	f15,x30","fa5,t5",
80000114,lui,t5:6231a000,,6231af37,3,"lui	x30,0x6231a","t5,0x6231a",
80000118,addi,t5:6231a2e2,,2e2f0f13,3,"addi	x30,x30,738","t5,t5,738",
8000011c,fmv.w.x,fa6:6231a2e2,,f00f0853,3,"fmv.w.x	f16,x30","fa6,t5",
80000120,lui,t5:7fc00000,,7fc00f37,3,"lui	x30,0x7fc00","t5,0x7fc00",
80000124,fmv.w.x,fa7:7fc00000,,f00f08d3,3,"fmv.w.x	f17,x30","fa7,t5",
80000128,lui,t5:ff800000,,ff800f37,3,"lui	x30,0xff800","t5,0xff800",
8000012c,addi,t5:ff7fffff,,ffff0f13,3,"addi	x30,x30,-1","t5,t5,-1",
80000130,fmv.w.x,fs2:ff7fffff,,f00f0953,3,"fmv.w.x	f18,x30","fs2,t5",
80000134,addi,t5:00000000,,00000f13,3,"addi	x30,x0,0","t5,zero,0",
80000138,fmv.w.x,fs3:00000000,,f00f09d3,3,"fmv.w.x	f19,x30","fs3,t5",
8000013c,lui,t5:7fc00000,,7fc00f37,3,"lui	x30,0x7fc00","t5,0x7fc00",
80000140,fmv.w.x,fs4:7fc00000,,f00f0a53,3,"fmv.w.x	f20,x30","fs4,t5",
80000144,lui,t5:8299e000,,8299ef37,3,"lui	x30,0x8299e","t5,0x8299e",
80000148,addi,t5:8299dfc7,,fc7f0f13,3,"addi	x30,x30,-57","t5,t5,-57",
8000014c,fmv.w.x,fs5:8299dfc7,,f00f0ad3,3,"fmv.w.x	f21,x30","fs5,t5",
80000150,lui,t5:ff800000,,ff800f37,3,"lui	x30,0xff800","t5,0xff800",
80000154,fmv.w.x,fs6:ff800000,,f00f0b53,3,"fmv.w.x	f22,x30","fs6,t5",
80000158,lui,t5:39739000,,39739f37,3,"lui	x30,0x39739","t5,0x39739",
8000015c,addi,t5:397388d1,,8d1f0f13,3,"addi	x30,x30,-1839","t5,t5,-1839",
80000160,fmv.w.x,fs7:397388d1,,f00f0bd3,3,"fmv.w.x	f23,x30","fs7,t5",
80000164,lui,t5:7f800000,,7f800f37,3,"lui	x30,0x7f800","t5,0x7f800",
80000168,addi,t5:7f800001,,001f0f13,3,"addi	x30,x30,1","t5,t5,1",
8000016c,fmv.w.x,fs8:7f800001,,f00f0c53,3,"fmv.w.x	f24,x30","fs8,t5",
80000170,lui,t5:0054b000,,0054bf37,3,"lui	x30,0x54b","t5,0x54b",
80000174,addi,t5:0054b638,,638f0f13,3,"addi	x30,x30,1592","t5,t5,1592",
80000178,fmv.w.x,fs9:0054b638,,f00f0cd3,3,"fmv.w.x	f25,x30","fs9,t5",
8000017c,addi,t5:00000000,,00000f13,3,"addi	x30,x0,0","t5,zero,0",
80000180,fmv.w.x,fs10:00000000,,f00f0d53,3,"fmv.w.x	f26,x30","fs10,t5",
80000184,lui,t5:64c2f000,,64c2ff37,3,"lui	x30,0x64c2f","t5,0x64c2f",
80000188,addi,t5:64c2e91e,,91ef0f13,3,"addi	x30,x30,-1762","t5,t5,-1762",
8000018c,fmv.w.x,fs11:64c2e91e,,f00f0dd3,3,"fmv.w.x	f27,x30","fs11,t5",
80000190,lui,t5:ff800000,,ff800f37,3,"lui	x30,0xff800","t5,0xff800",
80000194,fmv.w.x,ft8:ff800000,,f00f0e53,3,"fmv.w.x	f28,x30","ft8,t5",
80000198,lui,t5:7f800000,,7f800f37,3,"lui	x30,0x7f800","t5,0x7f800",
8000019c,addi,t5:7f800001,,001f0f13,3,"addi	x30,x30,1","t5,t5,1",
800001a0,fmv.w.x,ft9:7f800001,,f00f0ed3,3,"fmv.w.x	f29,x30","ft9,t5",
800001a4,lui,t5:dfaa4000,,dfaa4f37,3,"lui	x30,0xdfaa4","t5,0xdfaa4",
800001a8,addi,t5:dfaa43a3,,3a3f0f13,3,"addi	x30,x30,931","t5,t5,931",
800001ac,fmv.w.x,ft10:dfaa43a3,,f00f0f53,3,"fmv.w.x	f30,x30","ft10,t5",
800001b0,lui,t5:ff800000,,ff800f37,3,"lui	x30,0xff800","t5,0xff800",
800001b4,fmv.w.x,ft11:ff800000,,f00f0fd3,3,"fmv.w.x	f31,x30","ft11,t5",
800001c4,addi,ra:00000002,,00200093,3,"addi	x1,x0,2","ra,zero,2",
800001c8,lui,sp:80000000,,80000137,3,"lui	x2,0x80000","sp,0x80000",
800001cc,lui,gp:fba53000,,fba531b7,3,"lui	x3,0xfba53","gp,0xfba53",
800001d0,addi,gp:fba53652,,65218193,3,"addi	x3,x3,1618","gp,gp,1618",
800001d4,addi,tp:00000008,,00800213,3,"addi	x4,x0,8","tp,zero,8",
800001d8,lui,t1:80000000,,80000337,3,"lui	x6,0x80000","t1,0x80000",
800001dc,addi,t2:00000000,,00000393,3,"addi	x7,x0,0","t2,zero,0",
800001e0,addi,s0:00000000,,00000413,3,"addi	x8,x0,0","s0,zero,0",
800001e4,lui,a0:f4a92000,,f4a92537,3,"lui	x10,0xf4a92","a0,0xf4a92",
800001e8,addi,a0:f4a919e3,,9e350513,3,"addi	x10,x10,-1565","a0,a0,-1565",
800001ec,lui,a1:f7506000,,f75065b7,3,"lui	x11,0xf7506","a1,0xf7506",
800001f0,addi,a1:f7506410,,41058593,3,"addi	x11,x11,1040","a1,a1,1040",
800001f4,addi,a2:00000000,,00000613,3,"addi	x12,x0,0","a2,zero,0",
800001f8,addi,a3:00000000,,00000693,3,"addi	x13,x0,0","a3,zero,0",
800001fc,lui,a4:ff089000,,ff089737,3,"lui	x14,0xff089","a4,0xff089",
80000200,addi,a4:ff0890e1,,0e170713,3,"addi	x14,x14,225","a4,a4,225",
80000204,lui,a5:fc4de000,,fc4de7b7,3,"lui	x15,0xfc4de","a5,0xfc4de",
80000208,addi,a5:fc4de1a4,,1a478793,3,"addi	x15,x15,420","a5,a5,420",
8000020c,lui,a6:fc80a000,,fc80a837,3,"lui	x16,0xfc80a","a6,0xfc80a",
80000210,addi,a6:fc809887,,88780813,3,"addi	x16,x16,-1913","a6,a6,-1913",
80000214,addi,a7:00000003,,00300893,3,"addi	x17,x0,3","a7,zero,3",
80000218,lui,s2:a3bd6000,,a3bd6937,3,"lui	x18,0xa3bd6","s2,0xa3bd6",
8000021c,addi,s2:a3bd5f2e,,f2e90913,3,"addi	x18,x18,-210","s2,s2,-210",
80000220,addi,s3:00000009,,00900993,3,"addi	x19,x0,9","s3,zero,9",
80000224,lui,s4:89d53000,,89d53a37,3,"lui	x20,0x89d53","s4,0x89d53",
80000228,addi,s4:89d5347b,,47ba0a13,3,"addi	x20,x20,1147","s4,s4,1147",
8000022c,addi,s5:00000000,,00000a93,3,"addi	x21,x0,0","s5,zero,0",
80000230,lui,s6:f2226000,,f2226b37,3,"lui	x22,0xf2226","s6,0xf2226",
80000234,addi,s6:f2226336,,336b0b13,3,"addi	x22,x22,822","s6,s6,822",
80000238,lui,s7:f91ee000,,f91eebb7,3,"lui	x23,0xf91ee","s7,0xf91ee",
8000023c,addi,s7:f91ee659,,659b8b93,3,"addi	x23,x23,1625","s7,s7,1625",
80000240,lui,s8:6a988000,,6a988c37,3,"lui	x24,0x6a988","s8,0x6a988",
80000244,addi,s8:6a9885bb,,5bbc0c13,3,"addi	x24,x24,1467","s8,s8,1467",
80000248,lui,s9:80000000,,80000cb7,3,"lui	x25,0x80000","s9,0x80000",
8000024c,addi,s10:00000001,,00100d13,3,"addi	x26,x0,1","s10,zero,1",
80000250,lui,s11:e172b000,,e172bdb7,3,"lui	x27,0xe172b","s11,0xe172b",
80000254,addi,s11:e172ab7d,,b7dd8d93,3,"addi	x27,x27,-1155","s11,s11,-1155",
80000258,addi,t3:0000000d,,00d00e13,3,"addi	x28,x0,13","t3,zero,13",
8000025c,lui,t4:80000000,,80000eb7,3,"lui	x29,0x80000","t4,0x80000",
80000260,lui,t5:ce900000,,ce900f37,3,"lui	x30,0xce900","t5,0xce900",
80000264,addi,t5:ce8ffe23,,e23f0f13,3,"addi	x30,x30,-477","t5,t5,-477",
80000268,addi,t6:0000000f,,00f00f93,3,"addi	x31,x0,15","t6,zero,15",
8000026c,auipc,s1:8004126c,,00041497,3,"auipc	x9,0x41","s1,0x41",
80000270,addi,s1:80040fe4,,d7848493,3,"addi	x9,x9,-648","s1,s1,-648",
80000274,divu,a6:2aaaaaaa,,03135833,3,"divu	x16,x6,x17","a6,t1,a7",
80000278,sltu,a2:00000000,,01cfb633,3,"sltu	x12,x31,x28","a2,t6,t3",
8000027c,mulh,a3:04ff4030,,032b16b3,3,"mulh	x13,x22,x18","a3,s6,s2",
80000280,sra,a4:00000000,,40c05733,3,"sra	x14,x0,x12","a4,zero,a2",
80000284,remu,ra:80040fe4,,0254f0b3,3,"remu	x1,x9,x5","ra,s1,t0",
80000288,fdiv.s,ft8:80000000,,18372e53,3,"fdiv.s	f28,f14,f3","ft8,fa4,ft3",
8000028c,flt.s,sp:00000000,,a1481153,3,"flt.s	x2,f16,f20","sp,fa6,fs4",
80000290,fsqrt.s,ft8:7fc00000,,5805fe53,3,"fsqrt.s	f28,f11","ft8,fa1",
80000294,ori,s6:000004ef,,4ef3eb13,3,"ori	x22,x7,1263","s6,t2,1263",
80000298,slli,s6:c0000000,,01ef9b13,3,"slli	x22,x31,0x1e","s6,t6,0x1e",
8000029c,fmul.s,fs0:65a75622,,10403453,3,"fmul.s	f8,f0,f4","fs0,ft0,ft4",
800002a4,ori,a2:0000067d,,67cd6613,3,"ori	x12,x26,1660","a2,s10,1660",
800002a8,lui,s5:01803000,,01803ab7,3,"lui	x21,0x1803","s5,0x1803",
800002ac,mulhu,s11:0000033e,,03963db3,3,"mulhu	x27,x12,x25","s11,a2,s9",
800002b0,fmin.s,fa6:ff800000,,29f98853,3,"fmin.s	f16,f19,f31","fa6,fs3,ft11",
800002b8,slt,a6:00000001,,013ba833,3,"slt	x16,x23,x19","a6,s7,s3",
800002bc,fadd.s,fa3:ff7fffff,,005d76d3,3,"fadd.s	f13,f26,f5","fa3,fs10,ft5",
800002c0,fmax.s,fs3:64c2e91e,,29bc99d3,3,"fmax.s	f19,f25,f27","fs3,fs9,fs11",
800002c4,fcvt.s.wu,fs4:4f400000,,d01b7a53,3,"fcvt.s.wu	f20,x22","fs4,s6",
800002c8,sra,s11:c0020812,,4102ddb3,3,"sra	x27,x5,x16","s11,t0,a6",
800002cc,mulhu,ra:00000002,,0315b0b3,3,"mulhu	x1,x11,x17","ra,a1,a7",
800002d0,srl,s7:fba53652,,0021dbb3,3,"srl	x23,x3,x2","s7,gp,sp",
800002d4,andi,a3:00000000,,719cf693,3,"andi	x13,x25,1817","a3,s9,1817",
800002d8,mulhsu,s7:00000000,,02a02bb3,3,"mulhsu	x23,x0,x10","s7,zero,a0",
800002dc,fcvt.wu.s,a3:00000000,,c01ca6d3,3,"fcvt.wu.s	x13,f25","a3,fs9",
800002e0,add,a4:0000067d,,00e60733,3,"add	x14,x12,x14","a4,a2,a4",
800002e8,addi,gp:fffffad0,,ac798193,3,"addi	x3,x19,-1337","gp,s3,-1337",
800002ec,divu,t6:00000000,,02395fb3,3,"divu	x31,x18,x3","t6,s2,gp",
800002f0,mulhu,gp:39646652,,034c31b3,3,"mulhu	x3,x24,x20","gp,s8,s4",
800002f4,fsqrt.s,fs1:00000000,,580d34d3,3,"fsqrt.s	f9,f26","fs1,fs10",
800002f8,fsgnj.s,fs10:ff800001,,21658d53,3,"fsgnj.s	f26,f11,f22","fs10,fa1,fs6",
800002fc,fmax.s,fs7:ff7fffff,,29071bd3,3,"fmax.s	f23,f14,f16","fs7,fa4,fa6",
80000300,fcvt.s.wu,ft0:4f775064,,d015c053,3,"fcvt.s.wu	f0,x11","ft0,a1",
80000304,flt.s,tp:00000000,,a1821253,3,"flt.s	x4,f4,f24","tp,ft4,fs8",
80000308,fcvt.s.wu,ft10:4f000410,,d012cf53,3,"fcvt.s.wu	f30,x5","ft10,t0",
8000030c,div,s7:00000000,,025c4bb3,3,"div	x23,x24,x5","s7,s8,t0",
80000310,sll,a6:a3bd5f2e,,01991833,3,"sll	x16,x18,x25","a6,s2,s9",
80000314,mulhsu,t4:fe0299cb,,0347aeb3,3,"mulhsu	x29,x15,x20","t4,a5,s4",
80000318,slli,t5:00000000,,01839f13,3,"slli	x30,x7,0x18","t5,t2,0x18",
8000031c,srli,t5:00000000,,01e6df13,3,"srli	x30,x13,0x1e","t5,a3,0x1e",
80000320,auipc,a3:d4bff320,,54bff697,3,"auipc	x13,0x54bff","a3,0x54bff",
80000324,fmin.s,ft6:ff7fffff,,29770353,3,"fmin.s	f6,f14,f23","ft6,fa4,fs7",
80000328,fclass.s,ra:00000080,,e00190d3,3,"fclass.s	x1,f3","ra,ft3",
8000032c,ori,s11:fffffe7d,,e3966d93,3,"ori	x27,x12,-455","s11,a2,-455",
80000330,sltiu,sp:00000001,,b103b113,3,"sltiu	x2,x7,-1264","sp,t2,-1264",
80000334,sltu,t6:00000000,,01a5bfb3,3,"sltu	x31,x11,x26","t6,a1,s10",
80000338,xori,t2:fffffbf9,,bf9fc393,3,"xori	x7,x31,-1031","t2,t6,-1031",
8000033c,fsqrt.s,fs4:7fc00000,,58058a53,3,"fsqrt.s	f20,f11","fs4,fa1",
80000340,fmul.s,ft7:7f800000,,106293d3,3,"fmul.s	f7,f5,f6","ft7,ft5,ft6",
80000344,feq.s,t1:00000000,,a0102353,3,"feq.s	x6,f0,f1","t1,ft0,ft1",
80000348,sra,a3:00000600,,412ad6b3,3,"sra	x13,x21,x18","a3,s5,s2",
8000034c,fsgnjx.s,ft11:80273b3c,,20a0afd3,3,"fsgnjx.s	f31,f1,f10","ft11,ft1,fa0",
80000350,fmax.s,fs11:00000000,,28549dd3,3,"fmax.s	f27,f9,f5","fs11,fs1,ft5",
80000354,mul,s7:79dbfa54,,029d8bb3,3,"mul	x23,x27,x9","s7,s11,s1",
80000358,rem,s10:00000276,,02766d33,3,"rem	x26,x12,x7","s10,a2,t2",
8000035c,fcvt.s.w,fs6:40400000,,d008ab53,3,"fcvt.s.w	f22,x17","fs6,a7",
80000360,mulhsu,a7:0056215c,,023aa8b3,3,"mulhsu	x17,x21,x3","a7,s5,gp",
80000364,fsgnjn.s,ft2:cf000410,,21df1153,3,"fsgnjn.s	f2,f30,f29","ft2,ft10,ft9",
80000368,fsub.s,fa0:80273b3c,,08c0f553,3,"fsub.s	f10,f1,f12","fa0,ft1,fa2",
8000036c,flt.s,s4:00000000,,a0b79a53,3,"flt.s	x20,f15,f11","s4,fa5,fa1",
80000370,sub,a0:80000000,,41900533,3,"sub	x10,x0,x25","a0,zero,s9",
80000374,fsgnjx.s,fa7:cf000410,,21e128d3,3,"fsgnjx.s	f17,f2,f30","fa7,ft2,ft10",
80000378,flt.s,s0:00000000,,a1809453,3,"flt.s	x8,f1,f24","s0,ft1,fs8",
8000037c,fdiv.s,ft0:ff800000,,18e07053,3,"fdiv.s	f0,f0,f14","ft0,ft0,fa4",
80000380,mulhsu,a3:00000000,,036226b3,3,"mulhsu	x13,x4,x22","a3,tp,s6",
80000384,ori,a0:ffffff5e,,e5a8e513,3,"ori	x10,x17,-422","a0,a7,-422",
80000388,fsgnjn.s,fa1:7fc00000,,20de15d3,3,"fsgnjn.s	f11,f28,f13","fa1,ft8,fa3",
8000038c,slt,a7:00000000,,01ec28b3,3,"slt	x17,x24,x30","a7,s8,t5",
80000390,sltiu,sp:00000000,,515b3113,3,"sltiu	x2,x22,1301","sp,s6,1301",
80000398,fmin.s,fs6:ff7fffff,,292c8b53,3,"fmin.s	f22,f25,f18","fs6,fs9,fs2",
8000039c,lui,s10:07a67000,,07a67d37,3,"lui	x26,0x7a67","s10,0x7a67",
800003a0,or,t1:a3bd5f2e,,01996333,3,"or	x6,x18,x25","t1,s2,s9",
800003a4,xor,a5:00000000,,011f47b3,3,"xor	x15,x30,x17","a5,t5,a7",
800003a8,sltiu,a5:00000001,,f7063793,3,"sltiu	x15,x12,-144","a5,a2,-144",
800003ac,mul,a5:6f64b000,,03bd07b3,3,"mul	x15,x26,x27","a5,s10,s11",
800003b0,feq.s,a2:00000000,,a1b5a653,3,"feq.s	x12,f11,f27","a2,fa1,fs11",
800003b4,xori,t5:000000b7,,0b7f4f13,3,"xori	x30,x30,183","t5,t5,183",
800003b8,sra,a0:00000000,,4056d533,3,"sra	x10,x13,x5","a0,a3,t0",
800003bc,sra,tp:00000000,,41405233,3,"sra	x4,x0,x20","tp,zero,s4",
800003c0,fsub.s,fs6:7fc00000,,09ca8b53,3,"fsub.s	f22,f21,f28","fs6,fs5,ft8",
800003c4,fsqrt.s,fa5:00000000,,580da7d3,3,"fsqrt.s	f15,f27","fa5,fs11",
800003c8,div,a4:00000007,,02bb4733,3,"div	x14,x22,x11","a4,s6,a1",
800003cc,slt,gp:00000000,,012a21b3,3,"slt	x3,x20,x18","gp,s4,s2",
800003d0,fadd.s,ft1:ff7fffff,,0132a0d3,3,"fadd.s	f1,f5,f19","ft1,ft5,fs3",
800003d4,fcvt.wu.s,s9:ffffffff,,c0147cd3,3,"fcvt.wu.s	x25,f8","s9,fs0",
800003d8,rem,a3:00000000,,033566b3,3,"rem	x13,x10,x19","a3,a0,s3",
800003dc,fmax.s,ft3:00000000,,289211d3,3,"fmax.s	f3,f4,f9","ft3,ft4,fs1",
800003e0,sra,a5:07a67000,,403d57b3,3,"sra	x15,x26,x3","a5,s10,gp",
800003e4,ori,t2:000002bf,,2bf8e393,3,"ori	x7,x17,703","t2,a7,703",
800003e8,xori,a2:f85988d8,,8d8d4613,3,"xori	x12,x26,-1832","a2,s10,-1832",
800003ec,fcvt.s.w,fs8:ccf4cee5,,d0067c53,3,"fcvt.s.w	f24,x12","fs8,a2",
800003f0,fcvt.s.w,fs3:cd0af9bf,,d005f9d3,3,"fcvt.s.w	f19,x11","fs3,a1",
800003f4,remu,t3:c0000000,,024b7e33,3,"remu	x28,x22,x4","t3,s6,tp",
800003f8,fle.s,a7:00000001,,a18088d3,3,"fle.s	x17,f1,f24","a7,ft1,fs8",
800003fc,fsqrt.s,fs7:7fc00000,,580fcbd3,3,"fsqrt.s	f23,f31","fs7,ft11",
80000400,srli,t2:00000000,,019ad393,3,"srli	x7,x21,0x19","t2,s5,0x19",
80000404,mulhsu,s10:00000000,,02802d33,3,"mulhsu	x26,x0,x8","s10,zero,s0",
80000408,fmax.s,fa3:ff7fffff,,28d316d3,3,"fmax.s	f13,f6,f13","fa3,ft6,fa3",
8000040c,sub,s0:156b8a29,,41848433,3,"sub	x8,x9,x24","s0,s1,s8",
80000410,sll,sp:a672c000,,006e9133,3,"sll	x2,x29,x6","sp,t4,t1",
80000414,fcvt.wu.s,s3:00000000,,c01829d3,3,"fcvt.wu.s	x19,f16","s3,fa6",
80000418,fmul.s,fs10:ff800000,,11e0fd53,3,"fmul.s	f26,f1,f30","fs10,ft1,ft10",
8000041c,sll,s2:00000000,,001f9933,3,"sll	x18,x31,x1","s2,t6,ra",
80000420,xor,t5:00000000,,0006cf33,3,"xor	x30,x13,x0","t5,a3,zero",
80000424,fdiv.s,fs2:99ef2faf,,184ca953,3,"fdiv.s	f18,f25,f4","fs2,fs9,ft4",
80000428,addi,a7:fffff967,,96768893,3,"addi	x17,x13,-1689","a7,a3,-1689",
8000042c,fmv.w.x,ft4:00000000,,f00d0253,3,"fmv.w.x	f4,x26","ft4,s10",
80000430,fdiv.s,fs0:7fc00000,,197ef453,3,"fdiv.s	f8,f29,f23","fs0,ft9,fs7",
80000434,add,a7:6a9885bb,,018988b3,3,"add	x17,x19,x24","a7,s3,s8",
80000438,sra,t2:ffffffff,,414cd3b3,3,"sra	x7,x25,x20","t2,s9,s4",
8000043c,addi,s10:fffffd85,,d8550d13,3,"addi	x26,x10,-635","s10,a0,-635",
80000440,fcvt.s.w,fa1:cbfeb31a,,d00ef5d3,3,"fcvt.s.w	f11,x29","fa1,t4",
80000444,div,s8:ffffffff,,024a4c33,3,"div	x24,x20,x4","s8,s4,tp",
80000448,fsgnjx.s,ft11:7f800000,,20a82fd3,3,"fsgnjx.s	f31,f16,f10","ft11,fa6,fa0",
8000044c,slti,s3:00000001,,fecea993,3,"slti	x19,x29,-20","s3,t4,-20",
80000450,fcvt.w.s,s11:7fffffff,,c00b9dd3,3,"fcvt.w.s	x27,f23","s11,fs7",
80000454,xori,a3:00000022,,fddc4693,3,"xori	x13,x24,-35","a3,s8,-35",
80000458,fsub.s,ft4:7fc00000,,09417253,3,"fsub.s	f4,f2,f20","ft4,ft2,fs4",
8000045c,slli,s10:29000000,,01841d13,3,"slli	x26,x8,0x18","s10,s0,0x18",
80000460,fadd.s,ft10:4f000410,,015f7f53,3,"fadd.s	f30,f30,f21","ft10,ft10,fs5",
80000464,sub,s6:00000000,,41e20b33,3,"sub	x22,x4,x30","s6,tp,t5",
80000468,andi,s2:00000000,,5b5d7913,3,"andi	x18,x26,1461","s2,s10,1461",
8000046c,fdiv.s,fs8:7f800000,,18659c53,3,"fdiv.s	f24,f11,f6","fs8,fa1,ft6",
80000470,mulh,s5:0457aaad,,02559ab3,3,"mulh	x21,x11,x5","s5,a1,t0",
80000474,fcvt.s.wu,ft4:4f7e029a,,d01eb253,3,"fcvt.s.wu	f4,x29","ft4,t4",
80000478,mul,t3:aa8ced80,,02c58e33,3,"mul	x28,x11,x12","t3,a1,a2",
8000047c,auipc,a0:0473647c,,84736517,3,"auipc	x10,0x84736","a0,0x84736",
80000480,fdiv.s,fs6:3d0af9c0,,1919bb53,3,"fdiv.s	f22,f19,f17","fs6,fs3,fa7",
80000484,fle.s,t4:00000001,,a1b50ed3,3,"fle.s	x29,f10,f27","t4,fa0,fs11",
80000488,lui,s10:88c3d000,,88c3dd37,3,"lui	x26,0x88c3d","s10,0x88c3d",
8000048c,fsqrt.s,fa4:47339c52,,58021753,3,"fsqrt.s	f14,f4","fa4,ft4",
80000490,fadd.s,fa6:cd0af9bf,,00f9f853,3,"fadd.s	f16,f19,f15","fa6,fs3,fa5",
80000494,fcvt.wu.s,a3:ffffffff,,c01bf6d3,3,"fcvt.wu.s	x13,f23","a3,fs7",
80000498,divu,s2:00000000,,022dd933,3,"divu	x18,x27,x2","s2,s11,sp",
8000049c,div,t3:aa8ced80,,033e4e33,3,"div	x28,x28,x19","t3,t3,s3",
800004a0,srl,t6:07a67000,,0017dfb3,3,"srl	x31,x15,x1","t6,a5,ra",
800004a8,lui,ra:6cb71000,,6cb710b7,3,"lui	x1,0x6cb71","ra,0x6cb71",
800004ac,fcvt.s.wu,fa4:00000000,,d011c753,3,"fcvt.s.wu	f14,x3","fa4,gp",
800004b0,slt,gp:00000001,,008621b3,3,"slt	x3,x12,x8","gp,a2,s0",
800004b4,ori,a0:ffffff6e,,b4836513,3,"ori	x10,x6,-1208","a0,t1,-1208",
800004b8,fsgnjn.s,fa5:ff800000,,209017d3,3,"fsgnjn.s	f15,f0,f9","fa5,ft0,fs1",
800004bc,flt.s,t4:00000000,,a0b39ed3,3,"flt.s	x29,f7,f11","t4,ft7,fa1",
800004c0,sltu,a4:00000001,,00d7b733,3,"sltu	x14,x15,x13","a4,a5,a3",
800004c4,fmin.s,fa2:cd0af9bf,,293e0653,3,"fmin.s	f12,f28,f19","fa2,ft8,fs3",
800004c8,fcvt.w.s,ra:7fffffff,,c00ef0d3,3,"fcvt.w.s	x1,f29","ra,ft9",
800004cc,lui,a7:8cc5b000,,8cc5b8b7,3,"lui	x17,0x8cc5b","a7,0x8cc5b",
800004d0,fadd.s,fs6:7fc00000,,008bfb53,3,"fadd.s	f22,f23,f8","fs6,fs7,fs0",
800004d4,mul,s0:00000000,,03ab0433,3,"mul	x8,x22,x26","s0,s6,s10",
800004d8,sltu,a7:00000001,,011eb8b3,3,"sltu	x17,x29,x17","a7,t4,a7",
800004dc,div,s5:00000001,,02374ab3,3,"div	x21,x14,x3","s5,a4,gp",
800004e0,slli,s2:fff00000,,014c9913,3,"slli	x18,x25,0x14","s2,s9,0x14",
800004e4,and,s5:00000000,,011b7ab3,3,"and	x21,x22,x17","s5,s6,a7",
800004e8,and,sp:7fffffff,,01bcf133,3,"and	x2,x25,x27","sp,s9,s11",
800004ec,slti,s10:00000001,,47d72d13,3,"slti	x26,x14,1149","s10,a4,1149",
800004f0,xor,s7:7ffffffe,,0130cbb3,3,"xor	x23,x1,x19","s7,ra,s3",
800004f4,fmv.x.w,s6:7f800000,,e0038b53,3,"fmv.x.w	x22,f7","s6,ft7",
800004f8,mulh,s8:03d31c7e,,02c29c33,3,"mulh	x24,x5,x12","s8,t0,a2",
800004fc,ori,t6:00000183,,18276f93,3,"ori	x31,x14,386","t6,a4,386",
80000500,fcvt.wu.s,s0:ffffffff,,c01c7453,3,"fcvt.wu.s	x8,f24","s0,fs8",
80000504,fmax.s,ft9:cd0af9bf,,29761ed3,3,"fmax.s	f29,f12,f23","ft9,fa2,fs7",
80000508,add,t5:7ffffffe,,00168f33,3,"add	x30,x13,x1","t5,a3,ra",
8000050c,and,a2:00000001,,00e77633,3,"and	x12,x14,x14","a2,a4,a4",
80000510,fmul.s,ft9:00000000,,11edaed3,3,"fmul.s	f29,f27,f30","ft9,fs11,ft10",
80000514,fcvt.wu.s,tp:00000000,,c016b253,3,"fcvt.wu.s	x4,f13","tp,fa3",
80000518,andi,s8:000004bf,,4bfcfc13,3,"andi	x24,x25,1215","s8,s9,1215",
8000051c,feq.s,s8:00000000,,a19eac53,3,"feq.s	x24,f29,f25","s8,ft9,fs9",
80000520,sub,s3:ffffff6e,,415509b3,3,"sub	x19,x10,x21","s3,a0,s5",
80000524,slt,t4:00000001,,00492eb3,3,"slt	x29,x18,x4","t4,s2,tp",
80000528,fcvt.w.s,t4:80000000,,c007fed3,3,"fcvt.w.s	x29,f15","t4,fa5",
8000052c,mulh,s11:00000000,,03b89db3,3,"mulh	x27,x17,x27","s11,a7,s11",
80000530,slti,gp:00000001,,e6ce2193,3,"slti	x3,x28,-404","gp,t3,-404",
80000534,rem,s0:00000000,,039de433,3,"rem	x8,x27,x25","s0,s11,s9",
80000538,sra,a3:00000000,,41fad6b3,3,"sra	x13,x21,x31","a3,s5,t6",
8000053c,fcvt.s.wu,ft8:4f23bd5f,,d0137e53,3,"fcvt.s.wu	f28,x6","ft8,t1",
80000540,add,t4:80041025,,00560eb3,3,"add	x29,x12,x5","t4,a2,t0",
80000544,fmv.x.w,s7:8299dfc7,,e00a8bd3,3,"fmv.x.w	x23,f21","s7,fs5",
8000054c,slli,a0:fffffffc,,002c9513,3,"slli	x10,x25,0x2","a0,s9,0x2",
80000550,fmin.s,ft2:cf000410,,28488153,3,"fmin.s	f2,f17,f4","ft2,fa7,ft4",
80000558,fcvt.s.wu,fs10:4f23bd5f,,d0130d53,3,"fcvt.s.wu	f26,x6","fs10,t1",
8000055c,remu,a2:00000001,,03c8f633,3,"remu	x12,x17,x28","a2,a7,t3",
80000560,fdiv.s,fa3:7fc00000,,194316d3,3,"fdiv.s	f13,f6,f20","fa3,ft6,fs4",
80000564,sra,t1:00000000,,40625333,3,"sra	x6,x4,x6","t1,tp,t1",
80000568,xori,s5:fffffd6f,,d6f6ca93,3,"xori	x21,x13,-657","s5,a3,-657",
8000056c,fcvt.w.s,t3:80000000,,c007ae53,3,"fcvt.w.s	x28,f15","t3,fa5",
80000570,or,s7:00000001,,00e6ebb3,3,"or	x23,x13,x14","s7,a3,a4",
80000574,fmv.w.x,ft5:00000000,,f00002d3,3,"fmv.w.x	f5,x0","ft5,zero",
80000578,fle.s,a0:00000001,,a0710553,3,"fle.s	x10,f2,f7","a0,ft2,ft7",
8000057c,lui,sp:a2484000,,a2484137,3,"lui	x2,0xa2484","sp,0xa2484",
80000580,slti,s5:00000001,,eaa82a93,3,"slti	x21,x16,-342","s5,a6,-342",
80000584,divu,s11:ffffffff,,03bc5db3,3,"divu	x27,x24,x27","s11,s8,s11",
80000588,sra,s3:80000000,,40fe59b3,3,"sra	x19,x28,x15","s3,t3,a5",
8000058c,sltiu,s0:00000001,,cc313413,3,"sltiu	x8,x2,-829","s0,sp,-829",
80000590,srai,tp:fffffff0,,41b4d213,3,"srai	x4,x9,0x1b","tp,s1,0x1b",
80000594,mulhsu,s8:00000000,,037fac33,3,"mulhsu	x24,x31,x23","s8,t6,s7",
80000598,sltu,s5:00000000,,002cbab3,3,"sltu	x21,x25,x2","s5,s9,sp",
8000059c,fsgnj.s,ft8:7fc00000,,20d40e53,3,"fsgnj.s	f28,f8,f13","ft8,fs0,fa3",
800005a0,fmin.s,fa7:4f000410,,29ff08d3,3,"fmin.s	f17,f30,f31","fa7,ft10,ft11",
800005a4,flt.s,a0:00000000,,a0969553,3,"flt.s	x10,f13,f9","a0,fa3,fs1",
800005a8,slti,gp:00000001,,7d64a193,3,"slti	x3,x9,2006","gp,s1,2006",
800005ac,or,a0:a2484000,,002e6533,3,"or	x10,x28,x2","a0,t3,sp",
800005b0,fmv.x.w,t2:4f23bd5f,,e00d03d3,3,"fmv.x.w	x7,f26","t2,fs10",
800005b4,fclass.s,t6:00000040,,e0089fd3,3,"fclass.s	x31,f17","t6,fa7",
800005b8,fsub.s,fs2:7fc00000,,0906f953,3,"fsub.s	f18,f13,f16","fs2,fa3,fa6",
800005c0,auipc,gp:1d5595c0,,9d559197,3,"auipc	x3,0x9d559","gp,0x9d559",
800005c4,fcvt.wu.s,a4:00000000,,c01aa753,3,"fcvt.wu.s	x14,f21","a4,fs5",
800005c8,srli,s2:00000000,,00ac5913,3,"srli	x18,x24,0xa","s2,s8,0xa",
800005cc,fcvt.s.wu,fs2:4effffff,,d01f1953,3,"fcvt.s.wu	f18,x30","fs2,t5",
800005d0,remu,s8:00000000,,03737c33,3,"remu	x24,x6,x23","s8,t1,s7",
800005d4,and,s0:00000000,,000a7433,3,"and	x8,x20,x0","s0,s4,zero",
800005d8,sltiu,t1:00000001,,dbabb313,3,"sltiu	x6,x23,-582","t1,s7,-582",
800005dc,fsgnjn.s,fs6:8054b638,,217c9b53,3,"fsgnjn.s	f22,f25,f23","fs6,fs9,fs7",
800005e0,mul,gp:7f800000,,037b01b3,3,"mul	x3,x22,x23","gp,s6,s7",
800005e4,xori,t2:7ffffece,,1310c393,3,"xori	x7,x1,305","t2,ra,305",
800005e8,fsgnjn.s,fs3:ffc00000,,21ae19d3,3,"fsgnjn.s	f19,f28,f26","fs3,ft8,fs10",
800005ec,fmin.s,ft9:7fc00000,,29440ed3,3,"fmin.s	f29,f8,f20","ft9,fs0,fs4",
800005f0,fcvt.s.wu,ft8:3f800000,,d01d3e53,3,"fcvt.s.wu	f28,x26","ft8,s10",
800005f4,fmv.w.x,ft2:80000000,,f0098153,3,"fmv.w.x	f2,x19","ft2,s3",
800005f8,divu,a4:7fffffff,,0310d733,3,"divu	x14,x1,x17","a4,ra,a7",
800005fc,fsgnj.s,ft3:8299dfc7,,201a81d3,3,"fsgnj.s	f3,f21,f1","ft3,fs5,ft1",
80000600,fmv.w.x,fa2:7ffffece,,f0038653,3,"fmv.w.x	f12,x7","fa2,t2",
80000604,sra,gp:ffffffff,,405251b3,3,"sra	x3,x4,x5","gp,tp,t0",
80000608,and,a5:00000000,,01f977b3,3,"and	x15,x18,x31","a5,s2,t6",
8000060c,fcvt.s.wu,ft3:00000000,,d01a41d3,3,"fcvt.s.wu	f3,x20","ft3,s4",
80000610,fle.s,t6:00000001,,a0e18fd3,3,"fle.s	x31,f3,f14","t6,ft3,fa4",
80000618,or,s4:fffffffe,,009f6a33,3,"or	x20,x30,x9","s4,t5,s1",
8000061c,fcvt.s.wu,fs10:4f7fffff,,d01dfd53,3,"fcvt.s.wu	f26,x27","fs10,s11",
80000620,fmul.s,ft2:00000000,,10ecf153,3,"fmul.s	f2,f25,f14","ft2,fs9,fa4",
80000624,fcvt.wu.s,sp:00000000,,c01a9153,3,"fcvt.wu.s	x2,f21","sp,fs5",
80000628,andi,t2:00000000,,126bf393,3,"andi	x7,x23,294","t2,s7,294",
8000062c,divu,t2:00000000,,039ed3b3,3,"divu	x7,x29,x25","t2,t4,s9",
80000630,sltu,a4:00000000,,0141b733,3,"sltu	x14,x3,x20","a4,gp,s4",
80000634,fsub.s,fs1:7f800000,,0833f4d3,3,"fsub.s	f9,f7,f3","fs1,ft7,ft3",
80000638,srl,s10:00000000,,01bfdd33,3,"srl	x26,x31,x27","s10,t6,s11",
8000063c,fsqrt.s,fs3:7f800000,,580c79d3,3,"fsqrt.s	f19,f24","fs3,fs8",
80000644,fmax.s,ft8:4f000410,,29e91e53,3,"fmax.s	f28,f18,f30","ft8,fs2,ft10",
80000648,fmul.s,fs4:7fc00000,,11729a53,3,"fmul.s	f20,f5,f23","fs4,ft5,fs7",
8000064c,fcvt.s.wu,fs2:3f800000,,d018f953,3,"fcvt.s.wu	f18,x17","fs2,a7",
80000650,sub,a3:00000000,,407d06b3,3,"sub	x13,x26,x7","a3,s10,t2",
80000654,fsqrt.s,fa6:7fc00000,,58030853,3,"fsqrt.s	f16,f6","fa6,ft6",
80000658,feq.s,t4:00000000,,a0c22ed3,3,"feq.s	x29,f4,f12","t4,ft4,fa2",
8000065c,xor,s4:00000001,,0066ca33,3,"xor	x20,x13,x6","s4,a3,t1",
80000660,fsgnjn.s,ft8:0054b638,,206b1e53,3,"fsgnjn.s	f28,f22,f6","ft8,fs6,ft6",
80000664,fdiv.s,fa1:7fc00000,,19ea05d3,3,"fdiv.s	f11,f20,f30","fa1,fs4,ft10",
80000668,fsgnjx.s,fs3:0054b638,,213e29d3,3,"fsgnjx.s	f19,f28,f19","fs3,ft8,fs3",
8000066c,slti,s9:00000001,,0c302c93,3,"slti	x25,x0,195","s9,zero,195",
80000670,fle.s,gp:00000000,,a1dd01d3,3,"fle.s	x3,f26,f29","gp,fs10,ft9",
80000674,auipc,a0:7a8df674,,fa8df517,3,"auipc	x10,0xfa8df","a0,0xfa8df",
80000678,fsgnj.s,fa5:00000000,,20bd87d3,3,"fsgnj.s	f15,f27,f11","fa5,fs11,fa1",
8000067c,fmin.s,ft4:0054b638,,28b98253,3,"fmin.s	f4,f19,f11","ft4,fs3,fa1",
80000680,fdiv.s,ft11:00000000,,19818fd3,3,"fdiv.s	f31,f3,f24","ft11,ft3,fs8",
80000684,fsqrt.s,ft7:7fc00000,,580473d3,3,"fsqrt.s	f7,f8","ft7,fs0",
80000688,mulhu,a0:00000000,,03a7b533,3,"mulhu	x10,x15,x26","a0,a5,s10",
8000068c,sub,a5:80040fe3,,41f487b3,3,"sub	x15,x9,x31","a5,s1,t6",
80000690,fcvt.s.w,fs0:00000000,,d001f453,3,"fcvt.s.w	f8,x3","fs0,gp",
80000694,fsgnjn.s,ft3:8054b638,,204e11d3,3,"fsgnjn.s	f3,f28,f4","ft3,ft8,ft4",
80000698,fle.s,t5:00000001,,a1f00f53,3,"fle.s	x30,f0,f31","t5,ft0,ft11",
8000069c,feq.s,a4:00000000,,a1712753,3,"feq.s	x14,f2,f23","a4,ft2,fs7",
800006a0,and,t6:00000000,,01057fb3,3,"and	x31,x10,x16","t6,a0,a6",
800006a4,sll,t2:00000000,,00be93b3,3,"sll	x7,x29,x11","t2,t4,a1",
800006a8,flt.s,s11:00000000,,a1fd1dd3,3,"flt.s	x27,f26,f31","s11,fs10,ft11",
800006ac,fmax.s,fs4:4f000410,,29289a53,3,"fmax.s	f20,f17,f18","fs4,fa7,fs2",
800006b0,mulh,a7:ffffffff,,037e18b3,3,"mulh	x17,x28,x23","a7,t3,s7",
800006b4,fclass.s,s3:00000040,,e00f19d3,3,"fclass.s	x19,f30","s3,ft10",
800006b8,slli,s2:00000000,,000f9913,3,"slli	x18,x31,0x0","s2,t6,0x0",
800006bc,or,s3:80000000,,01ae69b3,3,"or	x19,x28,x26","s3,t3,s10",
800006c0,remu,s2:00000000,,023ff933,3,"remu	x18,x31,x3","s2,t6,gp",
800006c4,fsgnjx.s,fa0:7f800000,,207c2553,3,"fsgnjx.s	f10,f24,f7","fa0,fs8,ft7",
800006c8,rem,gp:80041024,,02e2e1b3,3,"rem	x3,x5,x14","gp,t0,a4",
800006cc,sltu,s8:00000000,,00043c33,3,"sltu	x24,x8,x0","s8,s0,zero",
800006d0,slli,s9:7f200000,,01349c93,3,"slli	x25,x9,0x13","s9,s1,0x13",
800006d4,srli,a4:003f9000,,009cd713,3,"srli	x14,x25,0x9","a4,s9,0x9",
800006d8,fclass.s,t2:00000200,,e00693d3,3,"fclass.s	x7,f13","t2,fa3",
800006dc,srli,s3:00010008,,00f1d993,3,"srli	x19,x3,0xf","s3,gp,0xf",
800006e0,fle.s,s7:00000001,,a0100bd3,3,"fle.s	x23,f0,f1","s7,ft0,ft1",
800006e4,mulhu,a6:00000000,,02d6b833,3,"mulhu	x16,x13,x13","a6,a3,a3",
800006e8,xor,a5:7f800200,,0163c7b3,3,"xor	x15,x7,x22","a5,t2,s6",
800006ec,xori,sp:fffffb25,,b2464113,3,"xori	x2,x12,-1244","sp,a2,-1244",
800006f0,fclass.s,gp:00000002,,e00091d3,3,"fclass.s	x3,f1","gp,ft1",
800006f4,mul,tp:f8000000,,03658233,3,"mul	x4,x11,x22","tp,a1,s6",
800006f8,xori,ra:00000059,,058bc093,3,"xori	x1,x23,88","ra,s7,88",
800006fc,mulh,a0:00000000,,03771533,3,"mulh	x10,x14,x23","a0,a4,s7",
80000700,auipc,s2:36375700,,b6375917,3,"auipc	x18,0xb6375","s2,0xb6375",
80000704,xor,s11:00000000,,01dacdb3,3,"xor	x27,x21,x29","s11,s5,t4",
80000708,fsgnj.s,ft8:cf000410,,216f0e53,3,"fsgnj.s	f28,f30,f22","ft8,ft10,fs6",
8000070c,sltiu,a4:00000001,,96543713,3,"sltiu	x14,x8,-1691","a4,s0,-1691",
80000714,fsub.s,fa1:0054b638,,096f95d3,3,"fsub.s	f11,f31,f22","fa1,ft11,fs6",
80000718,xor,s8:7f800000,,01684c33,3,"xor	x24,x16,x22","s8,a6,s6",
8000071c,sltu,a5:00000001,,019537b3,3,"sltu	x15,x10,x25","a5,a0,s9",
80000720,mulhsu,a7:00000000,,03d0a8b3,3,"mulhsu	x17,x1,x29","a7,ra,t4",
80000724,fsqrt.s,fa0:7fc00000,,580b7553,3,"fsqrt.s	f10,f22","fa0,fs6",
80000728,and,ra:00000000,,011af0b3,3,"and	x1,x21,x17","ra,s5,a7",
8000072c,srai,t5:00000000,,40badf13,3,"srai	x30,x21,0xb","t5,s5,0xb",
80000730,remu,t3:00000001,,03867e33,3,"remu	x28,x12,x24","t3,a2,s8",
80000734,srli,s7:00000000,,01ef5b93,3,"srli	x23,x30,0x1e","s7,t5,0x1e",
80000738,fdiv.s,ft11:7fc00000,,18777fd3,3,"fdiv.s	f31,f14,f7","ft11,fa4,ft7",
8000073c,fmv.x.w,s7:00000000,,e0078bd3,3,"fmv.x.w	x23,f15","s7,fa5",
80000740,sll,t1:00000000,,01069333,3,"sll	x6,x13,x16","t1,a3,a6",
80000744,fsqrt.s,fa2:1f9668f1,,58027653,3,"fsqrt.s	f12,f4","fa2,ft4",
80000748,srai,t5:00000000,,4027df13,3,"srai	x30,x15,0x2","t5,a5,0x2",
8000074c,fcvt.w.s,a7:00000000,,c00408d3,3,"fcvt.w.s	x17,f8","a7,fs0",
80000750,mulh,a5:00000000,,026b97b3,3,"mulh	x15,x23,x6","a5,s7,t1",
80000754,addi,t5:fffffbef,,bef50f13,3,"addi	x30,x10,-1041","t5,a0,-1041",
80000758,lui,a4:b7a31000,,b7a31737,3,"lui	x14,0xb7a31","a4,0xb7a31",
8000075c,fsgnjx.s,fs0:8299dfc7,,211aa453,3,"fsgnjx.s	f8,f21,f17","fs0,fs5,fa7",
80000760,fle.s,s8:00000000,,a1ba0c53,3,"fle.s	x24,f20,f27","s8,fs4,fs11",
80000764,divu,t4:ffffffff,,02185eb3,3,"divu	x29,x16,x1","t4,a6,ra",
80000768,fmin.s,fs9:0054b638,,28758cd3,3,"fmin.s	f25,f11,f7","fs9,fa1,ft7",
8000076c,srai,s10:00000000,,404ddd13,3,"srai	x26,x27,0x4","s10,s11,0x4",
80000770,fsgnjx.s,ft10:9f9668f1,,20662f53,3,"fsgnjx.s	f30,f12,f6","ft10,fa2,ft6",
80000774,fsgnjn.s,fa3:80000000,,214d96d3,3,"fsgnjn.s	f13,f27,f20","fa3,fs11,fs4",
80000778,srl,t5:00000000,,016fdf33,3,"srl	x30,x31,x22","t5,t6,s6",
8000077c,and,tp:00000000,,0037f233,3,"and	x4,x15,x3","tp,a5,gp",
80000780,fmax.s,fa2:0054b638,,28a21653,3,"fmax.s	f12,f4,f10","fa2,ft4,fa0",
80000784,mulhsu,t5:00000000,,038f2f33,3,"mulhsu	x30,x30,x24","t5,t5,s8",
80000788,fadd.s,fs2:0054b638,,00417953,3,"fadd.s	f18,f2,f4","fs2,ft2,ft4",
8000078c,feq.s,tp:00000000,,a1e7a253,3,"feq.s	x4,f15,f30","tp,fa5,ft10",
80000790,sll,a4:f8000000,,009b1733,3,"sll	x14,x22,x9","a4,s6,s1",
80000794,divu,a5:ffffffff,,03e3d7b3,3,"divu	x15,x7,x30","a5,t2,t5",
80000798,mulhsu,a0:fc040000,,03672533,3,"mulhsu	x10,x14,x22","a0,a4,s6",
8000079c,mulh,a5:00000000,,02c917b3,3,"mulh	x15,x18,x12","a5,s2,a2",
800007a0,srl,s7:00000000,,01935bb3,3,"srl	x23,x6,x25","s7,t1,s9",
800007a4,fsqrt.s,fs11:7fc00000,,580fbdd3,3,"fsqrt.s	f27,f31","fs11,ft11",
800007b0,slli,s9:00000000,,01979c93,3,"slli	x25,x15,0x19","s9,a5,0x19",
800007b4,sltu,t2:00000001,,01d833b3,3,"sltu	x7,x16,x29","t2,a6,t4",
800007b8,fadd.s,ft5:82973a15,,008612d3,3,"fadd.s	f5,f12,f8","ft5,fa2,fs0",
800007bc,or,a6:00000001,,01c36833,3,"or	x16,x6,x28","a6,t1,t3",
800007c0,sltiu,ra:00000000,,5079b093,3,"sltiu	x1,x19,1287","ra,s3,1287",
800007c4,flt.s,s11:00000000,,a0be9dd3,3,"flt.s	x27,f29,f11","s11,ft9,fa1",
800007c8,mulhu,t3:00000000,,03fcbe33,3,"mulhu	x28,x25,x31","t3,s9,t6",
800007cc,slti,s5:00000000,,88582a93,3,"slti	x21,x16,-1915","s5,a6,-1915",
800007d0,or,a4:00000000,,00006733,3,"or	x14,x0,x0","a4,zero,zero",
800007d4,feq.s,s9:00000000,,a1d52cd3,3,"feq.s	x25,f10,f29","s9,fa0,ft9",
800007d8,srai,s5:00000000,,41ad5a93,3,"srai	x21,x26,0x1a","s5,s10,0x1a",
800007dc,lui,s4:e1c28000,,e1c28a37,3,"lui	x20,0xe1c28","s4,0xe1c28",
800007e0,sra,a4:00000000,,41cbd733,3,"sra	x14,x23,x28","a4,s7,t3",
800007e4,div,s5:00000003,,02ba4ab3,3,"div	x21,x20,x11","s5,s4,a1",
800007e8,fmul.s,ft2:7fc00000,,10e82153,3,"fmul.s	f2,f16,f14","ft2,fa6,fa4",
800007ec,sra,s2:7f800000,,40db5933,3,"sra	x18,x22,x13","s2,s6,a3",
800007f0,fcvt.s.w,ft10:00000000,,d00faf53,3,"fcvt.s.w	f30,x31","ft10,t6",
800007f4,fcvt.s.wu,ft7:3f800000,,d013c3d3,3,"fcvt.s.wu	f7,x7","ft7,t2",
800007f8,fle.s,a6:00000001,,a0730853,3,"fle.s	x16,f6,f7","a6,ft6,ft7",
800007fc,fdiv.s,fs6:ff800000,,19e0bb53,3,"fdiv.s	f22,f1,f30","fs6,ft1,ft10",
80000800,sub,s0:80041021,,41528433,3,"sub	x8,x5,x21","s0,t0,s5",
80000804,fsgnj.s,ft10:ffc00000,,20580f53,3,"fsgnj.s	f30,f16,f5","ft10,fa6,ft5",
80000808,slli,a0:00000000,,00cd9513,3,"slli	x10,x27,0xc","a0,s11,0xc",
8000080c,addi,s9:e1c28003,,003a0c93,3,"addi	x25,x20,3","s9,s4,3",
80000810,sltu,t1:00000000,,0172b333,3,"sltu	x6,x5,x23","t1,t0,s7",
80000814,feq.s,s11:00000000,,a1782dd3,3,"feq.s	x27,f16,f23","s11,fa6,fs7",
80000818,and,s9:00000000,,00da7cb3,3,"and	x25,x20,x13","s9,s4,a3",
8000081c,srai,s6:ffffc002,,41145b13,3,"srai	x22,x8,0x11","s6,s0,0x11",
80000820,slt,a0:00000000,,00152533,3,"slt	x10,x10,x1","a0,a0,ra",
80000824,andi,s8:800409c0,,9c84fc13,3,"andi	x24,x9,-1592","s8,s1,-1592",
80000828,sub,t2:7ffbf01d,,409803b3,3,"sub	x7,x16,x9","t2,a6,s1",
8000082c,srli,t4:00000000,,00705e93,3,"srli	x29,x0,0x7","t4,zero,0x7",
80000830,fcvt.s.wu,ft6:00000000,,d0137353,3,"fcvt.s.wu	f6,x6","ft6,t1",
80000834,addi,a6:00000366,,366d0813,3,"addi	x16,x26,870","a6,s10,870",
80000838,fmv.x.w,t1:ffc00000,,e00f0353,3,"fmv.x.w	x6,f30","t1,ft10",
8000083c,fsub.s,fa5:7fc00000,,09d7f7d3,3,"fsub.s	f15,f15,f29","fa5,fa5,ft9",
80000844,remu,t3:00000000,,03777e33,3,"remu	x28,x14,x23","t3,a4,s7",
80000848,slli,a0:00000000,,00a31513,3,"slli	x10,x6,0xa","a0,t1,0xa",
8000084c,sub,tp:00000000,,41770233,3,"sub	x4,x14,x23","tp,a4,s7",
80000850,fclass.s,a3:00000040,,e00d16d3,3,"fclass.s	x13,f26","a3,fs10",
80000854,fcvt.w.s,a3:00000000,,c005b6d3,3,"fcvt.w.s	x13,f11","a3,fa1",
80000858,sll,s8:00000000,,01f71c33,3,"sll	x24,x14,x31","s8,a4,t6",
8000085c,ori,s11:fffffa01,,a017ed93,3,"ori	x27,x15,-1535","s11,a5,-1535",
80000860,div,t4:00000004,,0342ceb3,3,"div	x29,x5,x20","t4,t0,s4",
80000864,mul,s6:00000000,,03378b33,3,"mul	x22,x15,x19","s6,a5,s3",
80000868,slti,s11:00000001,,75232d93,3,"slti	x27,x6,1874","s11,t1,1874",
8000086c,feq.s,s11:00000000,,a0022dd3,3,"feq.s	x27,f4,f0","s11,ft4,ft0",
80000870,slt,a6:00000001,,0194a833,3,"slt	x16,x9,x25","a6,s1,s9",
80000874,flt.s,a7:00000000,,a0f318d3,3,"flt.s	x17,f6,f15","a7,ft6,fa5",
80000878,srl,s9:80041021,,00645cb3,3,"srl	x25,x8,x6","s9,s0,t1",
8000087c,mulhu,sp:00000000,,037d3133,3,"mulhu	x2,x26,x23","sp,s10,s7",
80000884,slti,t6:00000001,,2e4e2f93,3,"slti	x31,x28,740","t6,t3,740",
80000888,div,s11:00000000,,03d7cdb3,3,"div	x27,x15,x29","s11,a5,t4",
8000088c,auipc,s5:e27ca88c,,627caa97,3,"auipc	x21,0x627ca","s5,0x627ca",
80000890,fsgnjn.s,ft6:00000000,,20369353,3,"fsgnjn.s	f6,f13,f3","ft6,fa3,ft3",
80000894,fmv.w.x,fs2:80040fe4,,f0048953,3,"fmv.w.x	f18,x9","fs2,s1",
80000898,fmin.s,fs0:4f000410,,294d0453,3,"fmin.s	f8,f26,f20","fs0,fs10,fs4",
800008a0,mulh,ra:00000000,,038f90b3,3,"mulh	x1,x31,x24","ra,t6,s8",
800008a4,slti,s8:00000000,,e6062c13,3,"slti	x24,x12,-416","s8,a2,-416",
800008a8,feq.s,a6:00000000,,a06ca853,3,"feq.s	x16,f25,f6","a6,fs9,ft6",
800008ac,rem,t5:e1c28000,,02fa6f33,3,"rem	x30,x20,x15","t5,s4,a5",
800008b0,div,a5:00000000,,029447b3,3,"div	x15,x8,x9","a5,s0,s1",
800008b4,fmax.s,ft10:4f000410,,29169f53,3,"fmax.s	f30,f13,f17","ft10,fa3,fa7",
800008b8,feq.s,s7:00000000,,a166abd3,3,"feq.s	x23,f13,f22","s7,fa3,fs6",
800008bc,mulh,s2:00000000,,02261933,3,"mulh	x18,x12,x2","s2,a2,sp",
800008c0,or,a5:00000002,,0038e7b3,3,"or	x15,x17,x3","a5,a7,gp",
800008c4,sltu,tp:00000001,,01d23233,3,"sltu	x4,x4,x29","tp,tp,t4",
800008c8,div,t3:00000000,,03e04e33,3,"div	x28,x0,x30","t3,zero,t5",
800008cc,div,s10:ffffffff,,0316cd33,3,"div	x26,x13,x17","s10,a3,a7",
800008d0,sll,ra:80041021,,012c90b3,3,"sll	x1,x25,x18","ra,s9,s2",
800008d4,fdiv.s,fa2:3cb78297,,19292653,3,"fdiv.s	f12,f18,f18","fa2,fs2,fs2",
800008d8,fsqrt.s,fs2:7fc00000,,5807f953,3,"fsqrt.s	f18,f15","fs2,fa5",
800008dc,andi,tp:00000010,,2315f213,3,"andi	x4,x11,561","tp,a1,561",
800008e0,slt,s2:00000000,,0189a933,3,"slt	x18,x19,x24","s2,s3,s8",
800008e4,fmul.s,ft5:ff800000,,1092c2d3,3,"fmul.s	f5,f5,f9","ft5,ft5,fs1",
800008e8,fcvt.w.s,t1:80000000,,c00b1353,3,"fcvt.w.s	x6,f22","t1,fs6",
800008ec,fclass.s,a2:00000040,,e00d1653,3,"fclass.s	x12,f26","a2,fs10",
800008f0,sra,a6:00000000,,40cdd833,3,"sra	x16,x27,x12","a6,s11,a2",
800008f8,fcvt.wu.s,ra:ffffffff,,c01c20d3,3,"fcvt.wu.s	x1,f24","ra,fs8",
800008fc,mulhsu,s7:00000000,,03c7abb3,3,"mulhsu	x23,x15,x28","s7,a5,t3",
80000900,feq.s,a6:00000000,,a02ea853,3,"feq.s	x16,f29,f2","a6,ft9,ft2",
80000904,addi,a7:00000306,,306d8893,3,"addi	x17,x27,774","a7,s11,774",
80000908,fsgnjn.s,ft4:cf000410,,21d89253,3,"fsgnjn.s	f4,f17,f29","ft4,fa7,ft9",
8000090c,fle.s,s5:00000000,,a0780ad3,3,"fle.s	x21,f16,f7","s5,fa6,ft7",
80000910,slt,a3:00000000,,008da6b3,3,"slt	x13,x27,x8","a3,s11,s0",
80000914,sltiu,s9:00000000,,6262bc93,3,"sltiu	x25,x5,1574","s9,t0,1574",
80000918,mulh,t1:00000000,,031e9333,3,"mulh	x6,x29,x17","t1,t4,a7",
80000920,rem,a4:00000000,,02716733,3,"rem	x14,x2,x7","a4,sp,t2",
80000924,fcvt.w.s,a4:80000000,,c0001753,3,"fcvt.w.s	x14,f0","a4,ft0",
80000928,auipc,sp:920cd928,,120cd117,3,"auipc	x2,0x120cd","sp,0x120cd",
8000092c,ori,a3:fffffb53,,b517e693,3,"ori	x13,x15,-1199","a3,a5,-1199",
80000930,fcvt.w.s,s10:7fffffff,,c00f1d53,3,"fcvt.w.s	x26,f30","s10,ft10",
80000934,fsgnjn.s,ft0:80000000,,20969053,3,"fsgnjn.s	f0,f13,f9","ft0,fa3,fs1",
80000938,fsgnjn.s,fa1:7fc00000,,204b95d3,3,"fsgnjn.s	f11,f23,f4","fa1,fs7,ft4",
8000093c,fmv.x.w,a5:7fc00000,,e00807d3,3,"fmv.x.w	x15,f16","a5,fa6",
80000940,fsgnjx.s,fa2:7fc00000,,21d92653,3,"fsgnjx.s	f12,f18,f29","fa2,fs2,ft9",
80000944,or,a2:920cd928,,002be633,3,"or	x12,x23,x2","a2,s7,sp",
80000948,add,s9:00000004,,01d00cb3,3,"add	x25,x0,x29","s9,zero,t4",
8000094c,fsgnj.s,fa2:ff800000,,204c0653,3,"fsgnj.s	f12,f24,f4","fa2,fs8,ft4",
80000954,add,t5:00000002,,003d8f33,3,"add	x30,x27,x3","t5,s11,gp",
80000958,fmin.s,fs8:ff800000,,29630c53,3,"fmin.s	f24,f6,f22","fs8,ft6,fs6",
8000095c,auipc,s9:3a5f895c,,ba5f8c97,3,"auipc	x25,0xba5f8","s9,0xba5f8",
80000960,sll,s9:00000000,,00ab1cb3,3,"sll	x25,x22,x10","s9,s6,a0",
80000964,lui,s8:e082d000,,e082dc37,3,"lui	x24,0xe082d","s8,0xe082d",
80000968,xor,s9:00000000,,01ccccb3,3,"xor	x25,x25,x28","s9,s9,t3",
8000096c,fdiv.s,fa7:00000000,,1889f8d3,3,"fdiv.s	f17,f19,f8","fa7,fs3,fs0",
80000970,or,ra:7ffbf01d,,0079e0b3,3,"or	x1,x19,x7","ra,s3,t2",
80000974,sltu,t1:00000001,,013cb333,3,"sltu	x6,x25,x19","t1,s9,s3",
80000978,fcvt.w.s,a7:7fffffff,,c007f8d3,3,"fcvt.w.s	x17,f15","a7,fa5",
8000097c,xor,a2:7fffffff,,01a04633,3,"xor	x12,x0,x26","a2,zero,s10",
80000980,feq.s,tp:00000000,,a117a253,3,"feq.s	x4,f15,f17","tp,fa5,fa7",
80000984,fcvt.s.w,ft9:cd0af9bf,,d005fed3,3,"fcvt.s.w	f29,x11","ft9,a1",
80000988,slt,t5:00000000,,015caf33,3,"slt	x30,x25,x21","t5,s9,s5",
8000098c,slti,s8:00000001,,c2d6ac13,3,"slti	x24,x13,-979","s8,a3,-979",
80000990,fmin.s,fa1:00000000,,29e305d3,3,"fmin.s	f11,f6,f30","fa1,ft6,ft10",
80000994,fcvt.s.wu,fs4:00000000,,d01b1a53,3,"fcvt.s.wu	f20,x22","fs4,s6",
80000998,fmv.w.x,fs11:00000000,,f0050dd3,3,"fmv.w.x	f27,x10","fs11,a0",
8000099c,fmax.s,ft9:00000000,,28c59ed3,3,"fmax.s	f29,f11,f12","ft9,fa1,fa2",
800009a0,auipc,t4:b6b539a0,,36b53e97,3,"auipc	x29,0x36b53","t4,0x36b53",
800009a8,fmax.s,fa7:00000000,,29da98d3,3,"fmax.s	f17,f21,f29","fa7,fs5,ft9",
800009ac,fle.s,a6:00000000,,a1028853,3,"fle.s	x16,f5,f16","a6,ft5,fa6",
800009b0,mul,s8:6d0095b3,,02d40c33,3,"mul	x24,x8,x13","s8,s0,a3",
800009b8,srl,t4:00000fff,,00d3deb3,3,"srl	x29,x7,x13","t4,t2,a3",
800009bc,fsgnjn.s,fa0:ffc00000,,21df9553,3,"fsgnjn.s	f10,f31,f29","fa0,ft11,ft9",
800009c0,fcvt.s.w,ft7:00000000,,d00933d3,3,"fcvt.s.w	f7,x18","ft7,s2",
800009c4,srli,t1:00000000,,016f5313,3,"srli	x6,x30,0x16","t1,t5,0x16",
800009c8,auipc,s6:3d4a39c8,,bd4a3b17,3,"auipc	x22,0xbd4a3","s6,0xbd4a3",
800009cc,flt.s,s11:00000000,,a0b99dd3,3,"flt.s	x27,f19,f11","s11,fs3,fa1",
800009d0,slli,gp:a0000000,,01d09193,3,"slli	x3,x1,0x1d","gp,ra,0x1d",
800009d4,feq.s,t2:00000000,,a175a3d3,3,"feq.s	x7,f11,f23","t2,fa1,fs7",
800009d8,sll,s8:e1c28000,,015a1c33,3,"sll	x24,x20,x21","s8,s4,s5",
800009dc,div,s6:00000000,,02b9cb33,3,"div	x22,x19,x11","s6,s3,a1",
800009e0,sltu,a3:00000000,,013d36b3,3,"sltu	x13,x26,x19","a3,s10,s3",
800009e4,add,s4:7fffffff,,01b60a33,3,"add	x20,x12,x27","s4,a2,s11",
800009e8,fsgnjx.s,ft8:0054b638,,2109ae53,3,"fsgnjx.s	f28,f19,f16","ft8,fs3,fa6",
800009ec,fcvt.wu.s,s10:00000000,,c0107d53,3,"fcvt.wu.s	x26,f0","s10,ft0",
800009f0,fsub.s,ft5:4f000410,,086412d3,3,"fsub.s	f5,f8,f6","ft5,fs0,ft6",
800009f4,fadd.s,ft7:7fc00000,,01fdf3d3,3,"fadd.s	f7,f27,f31","ft7,fs11,ft11",
800009f8,fle.s,a7:00000000,,a16308d3,3,"fle.s	x17,f6,f22","a7,ft6,fs6",
800009fc,fcvt.s.wu,ft4:3f800000,,d01fa253,3,"fcvt.s.wu	f4,x31","ft4,t6",
80000a00,sll,s4:00000fff,,01be9a33,3,"sll	x20,x29,x27","s4,t4,s11",
80000a04,divu,s4:ffffffff,,03bf5a33,3,"divu	x20,x30,x27","s4,t5,s11",
80000a08,slt,a7:00000000,,008928b3,3,"slt	x17,x18,x8","a7,s2,s0",
80000a0c,ori,gp:000003a3,,3a3e6193,3,"ori	x3,x28,931","gp,t3,931",
80000a10,fmul.s,ft11:4f000000,,104d4fd3,3,"fmul.s	f31,f26,f4","ft11,fs10,ft4",
80000a14,rem,s7:00000000,,03a26bb3,3,"rem	x23,x4,x26","s7,tp,s10",
80000a18,fadd.s,ft5:7fc00000,,00e7f2d3,3,"fadd.s	f5,f15,f14","ft5,fa5,fa4",
80000a1c,fcvt.wu.s,s5:ffffffff,,c013bad3,3,"fcvt.wu.s	x21,f7","s5,ft7",
80000a20,auipc,t3:37a09a20,,b7a09e17,3,"auipc	x28,0xb7a09","t3,0xb7a09",
80000a24,fcvt.s.wu,fs6:4e5e8268,,d01e7b53,3,"fcvt.s.wu	f22,x28","fs6,t3",
80000a2c,addi,s3:fffff852,,852d8993,3,"addi	x19,x27,-1966","s3,s11,-1966",
80000a30,flt.s,sp:00000000,,a1019153,3,"flt.s	x2,f3,f16","sp,ft3,fa6",
80000a34,slt,t2:00000000,,015ba3b3,3,"slt	x7,x23,x21","t2,s7,s5",
80000a38,mulh,s2:00000000,,027c1933,3,"mulh	x18,x24,x7","s2,s8,t2",
80000a3c,mul,s11:00000000,,03e10db3,3,"mul	x27,x2,x30","s11,sp,t5",
80000a40,fmv.w.x,ft2:00000000,,f0000153,3,"fmv.w.x	f2,x0","ft2,zero",
80000a44,ori,s10:fffffa33,,a33ded13,3,"ori	x26,x27,-1485","s10,s11,-1485",
80000a48,fmul.s,fs10:7fc00000,,1123fd53,3,"fmul.s	f26,f7,f18","fs10,ft7,fs2",
80000a4c,fcvt.s.wu,fs9:4eff8000,,d017fcd3,3,"fcvt.s.wu	f25,x15","fs9,a5",
80000a50,and,s8:00000000,,01eb7c33,3,"and	x24,x22,x30","s8,s6,t5",
80000a54,srai,t2:00000000,,40925393,3,"srai	x7,x4,0x9","t2,tp,0x9",
80000a58,fcvt.w.s,t1:00000000,,c0070353,3,"fcvt.w.s	x6,f14","t1,fa4",
80000a5c,mulhsu,s0:00000000,,0293a433,3,"mulhsu	x8,x7,x9","s0,t2,s1",
80000a60,fcvt.w.s,t2:00000000,,c00a73d3,3,"fcvt.w.s	x7,f20","t2,fs4",
80000a64,srl,s4:0000003a,,0091da33,3,"srl	x20,x3,x9","s4,gp,s1",
80000a68,addi,s0:fffffafe,,afeb8413,3,"addi	x8,x23,-1282","s0,s7,-1282",
80000a6c,or,t6:f7506fff,,01d5efb3,3,"or	x31,x11,x29","t6,a1,t4",
80000a70,fle.s,s3:00000000,,a10c89d3,3,"fle.s	x19,f25,f16","s3,fs9,fa6",
80000a74,sra,t6:00000000,,41f0dfb3,3,"sra	x31,x1,x31","t6,ra,t6",
80000a78,sltiu,s6:00000000,,38f63b13,3,"sltiu	x22,x12,911","s6,a2,911",
80000a7c,fsub.s,fa6:ceff8000,,099ea853,3,"fsub.s	f16,f29,f25","fa6,ft9,fs9",
80000a80,remu,t3:00000000,,0293fe33,3,"remu	x28,x7,x9","t3,t2,s1",
80000a84,mulhsu,ra:000001d1,,0230a0b3,3,"mulhsu	x1,x1,x3","ra,ra,gp",
80000a88,srli,gp:00000000,,01655193,3,"srli	x3,x10,0x16","gp,a0,0x16",
80000a8c,remu,t3:00000000,,02e87e33,3,"remu	x28,x16,x14","t3,a6,a4",
80000a90,srli,t3:00000000,,004bde13,3,"srli	x28,x23,0x4","t3,s7,0x4",
80000a94,sra,s5:7fc00000,,4077dab3,3,"sra	x21,x15,x7","s5,a5,t2",
80000a98,slti,s5:00000001,,00d22a93,3,"slti	x21,x4,13","s5,tp,13",
80000a9c,fsqrt.s,fs5:46b50482,,580f9ad3,3,"fsqrt.s	f21,f31","fs5,ft11",
80000aa0,div,a0:ffffffff,,033d4533,3,"div	x10,x26,x19","a0,s10,s3",
80000aa4,sltu,sp:00000001,,01a0b133,3,"sltu	x2,x1,x26","sp,ra,s10",
80000aa8,fle.s,t4:00000000,,a0dc8ed3,3,"fle.s	x29,f25,f13","t4,fs9,fa3",
80000aac,or,a4:fffffa3b,,01aa6733,3,"or	x14,x20,x26","a4,s4,s10",
80000ab0,sll,a7:fffffff0,,005618b3,3,"sll	x17,x12,x5","a7,a2,t0",
80000ab8,fsub.s,fa0:ceff8000,,09977553,3,"fsub.s	f10,f14,f25","fa0,fa4,fs9",
80000abc,fmax.s,fs1:7f800000,,28f494d3,3,"fmax.s	f9,f9,f15","fs1,fs1,fa5",
80000ac0,fadd.s,fs11:ff800000,,01819dd3,3,"fadd.s	f27,f3,f24","fs11,ft3,fs8",
80000ac4,fadd.s,ft10:ff7fffff,,001aff53,3,"fadd.s	f30,f21,f1","ft10,fs5,ft1",
80000ac8,fcvt.w.s,ra:00000000,,c00e70d3,3,"fcvt.w.s	x1,f28","ra,ft8",
80000acc,srai,ra:00000000,,40ffd093,3,"srai	x1,x31,0xf","ra,t6,0xf",
80000ad0,slti,t1:00000000,,b9382313,3,"slti	x6,x16,-1133","t1,a6,-1133",
80000ad4,fcvt.s.wu,fs2:00000000,,d0123953,3,"fcvt.s.wu	f18,x4","fs2,tp",
80000adc,or,a4:00000000,,01fde733,3,"or	x14,x27,x31","a4,s11,t6",
80000ae0,fdiv.s,fs2:80000000,,18a5c953,3,"fdiv.s	f18,f11,f10","fs2,fa1,fa0",
80000ae4,mul,s10:00000000,,03a90d33,3,"mul	x26,x18,x26","s10,s2,s10",
80000aec,sltiu,a5:00000001,,8079b793,3,"sltiu	x15,x19,-2041","a5,s3,-2041",
80000af4,fsgnj.s,ft5:4eff8000,,20ec82d3,3,"fsgnj.s	f5,f25,f14","ft5,fs9,fa4",
80000af8,slli,s4:04102400,,00829a13,3,"slli	x20,x5,0x8","s4,t0,0x8",
80000afc,andi,s11:7ffff96d,,96d67d93,3,"andi	x27,x12,-1683","s11,a2,-1683",
80000b00,fsgnj.s,fa5:00000000,,20b707d3,3,"fsgnj.s	f15,f14,f11","fa5,fa4,fa1",
80000b04,fcvt.s.wu,ft10:4f00040f,,d0149f53,3,"fcvt.s.wu	f30,x9","ft10,s1",
80000b08,divu,a7:00000000,,022758b3,3,"divu	x17,x14,x2","a7,a4,sp",
80000b0c,fdiv.s,fs8:7f800000,,193b7c53,3,"fdiv.s	f24,f22,f19","fs8,fs6,fs3",
80000b10,divu,t1:ffffffff,,03f45333,3,"divu	x6,x8,x31","t1,s0,t6",
80000b14,slli,t1:00000000,,01419313,3,"slli	x6,x3,0x14","t1,gp,0x14",
80000b18,addi,t6:000002cf,,2cf20f93,3,"addi	x31,x4,719","t6,tp,719",
80000b1c,remu,a5:00000000,,020277b3,3,"remu	x15,x4,x0","a5,tp,zero",
80000b24,xor,a4:00000000,,0100c733,3,"xor	x14,x1,x16","a4,ra,a6",
80000b28,srli,ra:00000000,,00535093,3,"srli	x1,x6,0x5","ra,t1,0x5",
80000b2c,fmv.w.x,fs9:7fffffff,,f0060cd3,3,"fmv.w.x	f25,x12","fs9,a2",
80000b30,flt.s,a7:00000001,,a05798d3,3,"flt.s	x17,f15,f5","a7,fa5,ft5",
80000b34,fcvt.wu.s,a7:00000000,,c01678d3,3,"fcvt.wu.s	x17,f12","a7,fa2",
80000b3c,mulhsu,t4:00000000,,02d92eb3,3,"mulhsu	x29,x18,x13","t4,s2,a3",
80000b40,fadd.s,fs4:7fc00000,,0077fa53,3,"fadd.s	f20,f15,f7","fs4,fa5,ft7",
80000b44,srli,sp:0000007f,,018dd113,3,"srli	x2,x27,0x18","sp,s11,0x18",
80000b48,lui,a3:5cf32000,,5cf326b7,3,"lui	x13,0x5cf32","a3,0x5cf32",
80000b4c,fmul.s,ft1:80000000,,10f190d3,3,"fmul.s	f1,f3,f15","ft1,ft3,fa5",
80000b50,add,t3:5cf32000,,00d70e33,3,"add	x28,x14,x13","t3,a4,a3",
80000b54,remu,a7:80041024,,02f2f8b3,3,"remu	x17,x5,x15","a7,t0,a5",
80000b58,divu,s8:00000000,,02a6dc33,3,"divu	x24,x13,x10","s8,a3,a0",
80000b5c,srli,t2:00000000,,0069d393,3,"srli	x7,x19,0x6","t2,s3,0x6",
80000b60,remu,s8:00000000,,0263fc33,3,"remu	x24,x7,x6","s8,t2,t1",
80000b64,slli,s2:00000000,,002d1913,3,"slli	x18,x26,0x2","s2,s10,0x2",
80000b68,slt,gp:00000001,,0158a1b3,3,"slt	x3,x17,x21","gp,a7,s5",
80000b6c,fle.s,a6:00000000,,a17b8853,3,"fle.s	x16,f23,f23","a6,fs7,fs7",
80000b70,remu,s3:00000001,,037af9b3,3,"remu	x19,x21,x23","s3,s5,s7",
80000b74,remu,s5:80040fe4,,0214fab3,3,"remu	x21,x9,x1","s5,s1,ra",
80000b78,sra,s4:ffffffff,,40c2da33,3,"sra	x20,x5,x12","s4,t0,a2",
80000b7c,slt,t4:00000001,,01fb2eb3,3,"slt	x29,x22,x31","t4,s6,t6",
80000b80,flt.s,t2:00000000,,a0a393d3,3,"flt.s	x7,f7,f10","t2,ft7,fa0",
80000b84,div,t1:ffffffff,,024a4333,3,"div	x6,x20,x4","t1,s4,tp",
80000b88,add,s0:80041023,,00628433,3,"add	x8,x5,x6","s0,t0,t1",
80000b8c,auipc,s10:10d4cb8c,,90d4cd17,3,"auipc	x26,0x90d4c","s10,0x90d4c",
80000b90,fmul.s,fa7:7fc00000,,108a08d3,3,"fmul.s	f17,f20,f8","fa7,fs4,fs0",
80000b94,lui,a5:9d60f000,,9d60f7b7,3,"lui	x15,0x9d60f","a5,0x9d60f",
80000b98,xori,t5:00000254,,dab54f13,3,"xori	x30,x10,-597","t5,a0,-597",
80000b9c,divu,s4:00000000,,03eeda33,3,"divu	x20,x29,x30","s4,t4,t5",
80000ba0,fcvt.w.s,s11:7fc00000,,c002cdd3,3,"fcvt.w.s	x27,f5","s11,ft5",
80000ba4,fcvt.s.w,ft8:00000000,,d00cfe53,3,"fcvt.s.w	f28,x25","ft8,s9",
80000ba8,xor,t4:80041022,,00344eb3,3,"xor	x29,x8,x3","t4,s0,gp",
80000bac,rem,a3:f7506410,,0375e6b3,3,"rem	x13,x11,x23","a3,a1,s7",
80000bb0,remu,s5:80041024,,0202fab3,3,"remu	x21,x5,x0","s5,t0,zero",
80000bb4,mulhsu,s5:400207f1,,02962ab3,3,"mulhsu	x21,x12,x9","s5,a2,s1",
80000bb8,lui,a4:5bd2a000,,5bd2a737,3,"lui	x14,0x5bd2a","a4,0x5bd2a",
80000bbc,sll,s11:00000000,,01839db3,3,"sll	x27,x7,x24","s11,t2,s8",
80000bc0,sll,a3:00000000,,01a396b3,3,"sll	x13,x7,x26","a3,t2,s10",
80000bc4,fmax.s,ft11:4e5e8268,,286b1fd3,3,"fmax.s	f31,f22,f6","ft11,fs6,ft6",
80000bc8,remu,a5:10d4cb8c,,039d77b3,3,"remu	x15,x26,x25","a5,s10,s9",
80000bcc,mul,a6:00000000,,03d38833,3,"mul	x16,x7,x29","a6,t2,t4",
80000bd0,sll,gp:00000000,,00bb11b3,3,"sll	x3,x22,x11","gp,s6,a1",
80000bd4,fmv.x.w,t2:ff800000,,e00d83d3,3,"fmv.x.w	x7,f27","t2,fs11",
80000bd8,remu,s5:00000000,,02edfab3,3,"remu	x21,x27,x14","s5,s11,a4",
80000bdc,fdiv.s,fs11:7fc00000,,18713dd3,3,"fdiv.s	f27,f2,f7","fs11,ft2,ft7",
80000be0,fcvt.s.w,fa5:cefff7e0,,d004c7d3,3,"fcvt.s.w	f15,x9","fa5,s1",
80000be4,xor,s9:80041025,,0132ccb3,3,"xor	x25,x5,x19","s9,t0,s3",
80000be8,fmin.s,fa0:7fc00000,,297a0553,3,"fmin.s	f10,f20,f23","fa0,fs4,fs7",
80000bec,rem,s9:5cf32000,,036e6cb3,3,"rem	x25,x28,x22","s9,t3,s6",
80000bf0,fcvt.w.s,a2:00000000,,c0068653,3,"fcvt.w.s	x12,f13","a2,fa3",
80000bf4,fmul.s,fs8:80000000,,10597c53,3,"fmul.s	f24,f18,f5","fs8,fs2,ft5",
80000bf8,rem,t3:ffffffc0,,0314ee33,3,"rem	x28,x9,x17","t3,s1,a7",
80000bfc,srl,t5:00000000,,0181df33,3,"srl	x30,x3,x24","t5,gp,s8",
80000c00,fsgnjx.s,fs8:4efff7e0,,20d7ac53,3,"fsgnjx.s	f24,f15,f13","fs8,fa5,fa3",
80000c04,fclass.s,s5:00000010,,e0031ad3,3,"fclass.s	x21,f6","s5,ft6",
80000c08,rem,t5:ffffffff,,03636f33,3,"rem	x30,x6,x22","t5,t1,s6",
80000c0c,sub,s8:80041024,,41788c33,3,"sub	x24,x17,x23","s8,a7,s7",
80000c10,andi,s8:00000000,,01e77c13,3,"andi	x24,x14,30","s8,a4,30",
80000c14,slt,t1:00000000,,01162333,3,"slt	x6,x12,x17","t1,a2,a7",
80000c18,lui,s2:8947b000,,8947b937,3,"lui	x18,0x8947b","s2,0x8947b",
80000c1c,fsgnjx.s,fs3:00000000,,206ea9d3,3,"fsgnjx.s	f19,f29,f6","fs3,ft9,ft6",
80000c20,add,t4:00000001,,013c0eb3,3,"add	x29,x24,x19","t4,s8,s3",
80000c24,ori,s11:000001bf,,1bfeed93,3,"ori	x27,x29,447","s11,t4,447",
80000c28,fcvt.wu.s,s0:00000000,,c01e7453,3,"fcvt.wu.s	x8,f28","s0,ft8",
80000c2c,fadd.s,fs2:7fc00000,,014b9953,3,"fadd.s	f18,f23,f20","fs2,fs7,fs4",
80000c30,fcvt.w.s,tp:7ffbf000,,c00c7253,3,"fcvt.w.s	x4,f24","tp,fs8",
80000c34,fdiv.s,ft6:00000000,,1855f353,3,"fdiv.s	f6,f11,f5","ft6,fa1,ft5",
80000c38,fsqrt.s,fs7:7fc00000,,580d0bd3,3,"fsqrt.s	f23,f26","fs7,fs10",
80000c3c,mul,s2:00000000,,02f80933,3,"mul	x18,x16,x15","s2,a6,a5",
80000c40,fcvt.s.wu,fs10:4f800000,,d01e3d53,3,"fcvt.s.wu	f26,x28","fs10,t3",
80000c44,fmin.s,fs5:4e5e8268,,29bf8ad3,3,"fmin.s	f21,f31,f27","fs5,ft11,fs11",
80000c48,fsub.s,fa1:7fc00000,,087375d3,3,"fsub.s	f11,f6,f7","fa1,ft6,ft7",
80000c50,fmv.x.w,t4:7fc00000,,e0038ed3,3,"fmv.x.w	x29,f7","t4,ft7",
80000c54,fadd.s,fa7:7fc00000,,001978d3,3,"fadd.s	f17,f18,f1","fa7,fs2,ft1",
80000c58,feq.s,a6:00000000,,a0a32853,3,"feq.s	x16,f6,f10","a6,ft6,fa0",
80000c5c,slt,s2:00000001,,01ada933,3,"slt	x18,x27,x26","s2,s11,s10",
80000c60,fcvt.wu.s,a3:ffffffff,,c018c6d3,3,"fcvt.wu.s	x13,f17","a3,fa7",
80000c64,fsgnjx.s,fs11:8054b638,,2081add3,3,"fsgnjx.s	f27,f3,f8","fs11,ft3,fs0",
80000c68,ori,tp:ffffffff,,5926e213,3,"ori	x4,x13,1426","tp,a3,1426",
80000c6c,slt,s5:00000001,,00d5aab3,3,"slt	x21,x11,x13","s5,a1,a3",
80000c70,sltu,a6:00000000,,0192b833,3,"sltu	x16,x5,x25","a6,t0,s9",
80000c74,rem,t4:00000000,,0248eeb3,3,"rem	x29,x17,x4","t4,a7,tp",
80000c78,fmul.s,fs6:80000000,,10dafb53,3,"fmul.s	f22,f21,f13","fs6,fs5,fa3",
80000c7c,add,s5:00000000,,01d30ab3,3,"add	x21,x6,x29","s5,t1,t4",
80000c80,lui,a2:c6769000,,c6769637,3,"lui	x12,0xc6769","a2,0xc6769",
80000c84,andi,s10:00000000,,6583fd13,3,"andi	x26,x7,1624","s10,t2,1624",
80000c88,mulhsu,s4:480f1719,,02ccaa33,3,"mulhsu	x20,x25,x12","s4,s9,a2",
80000c8c,feq.s,gp:00000000,,a11e21d3,3,"feq.s	x3,f28,f17","gp,ft8,fa7",
80000c90,srli,a2:0000000f,,01c55613,3,"srli	x12,x10,0x1c","a2,a0,0x1c",
80000c94,srai,t4:00000000,,414c5e93,3,"srai	x29,x24,0x14","t4,s8,0x14",
80000c98,fle.s,gp:00000001,,a1e701d3,3,"fle.s	x3,f14,f30","gp,fa4,ft10",
80000c9c,sra,s4:5bd2a000,,40075a33,3,"sra	x20,x14,x0","s4,a4,zero",
80000ca0,feq.s,ra:00000000,,a12da0d3,3,"feq.s	x1,f27,f18","ra,fs11,fs2",
80000ca4,rem,a7:00000000,,03e668b3,3,"rem	x17,x12,x30","a7,a2,t5",
80000ca8,fmv.x.w,tp:7f800000,,e0048253,3,"fmv.x.w	x4,f9","tp,fs1",
80000cac,fsqrt.s,fs1:80000000,,5800a4d3,3,"fsqrt.s	f9,f1","fs1,ft1",
80000cb0,divu,s11:ffffffff,,0372ddb3,3,"divu	x27,x5,x23","s11,t0,s7",
80000cb4,sub,s5:ffffffff,,41050ab3,3,"sub	x21,x10,x16","s5,a0,a6",
80000cb8,slt,t6:00000001,,01462fb3,3,"slt	x31,x12,x20","t6,a2,s4",
80000cbc,sra,a4:5bd2a000,,400a5733,3,"sra	x14,x20,x0","a4,s4,zero",
80000cc0,flt.s,gp:00000000,,a11e11d3,3,"flt.s	x3,f28,f17","gp,ft8,fa7",
80000cc4,fmul.s,fa1:7fc00000,,10a875d3,3,"fmul.s	f11,f16,f10","fa1,fa6,fa0",
80000cc8,flt.s,s4:00000001,,a0411a53,3,"flt.s	x20,f2,f4","s4,ft2,ft4",
80000ccc,sub,a6:00000080,,40a10833,3,"sub	x16,x2,x10","a6,sp,a0",
80000cd0,mulhsu,ra:ffffffff,,02af20b3,3,"mulhsu	x1,x30,x10","ra,t5,a0",
80000cd4,fsgnjx.s,fa7:ffc00000,,201a28d3,3,"fsgnjx.s	f17,f20,f1","fa7,fs4,ft1",
80000cd8,auipc,a5:fa4efcd8,,7a4ef797,3,"auipc	x15,0x7a4ef","a5,0x7a4ef",
80000cdc,add,a4:00000080,,00290733,3,"add	x14,x18,x2","a4,s2,sp",
80000ce0,sra,a2:00000000,,40da5633,3,"sra	x12,x20,x13","a2,s4,a3",
80000ce4,sra,t6:00000000,,40a85fb3,3,"sra	x31,x16,x10","t6,a6,a0",
80000ce8,fsgnjn.s,fs5:00000000,,20db1ad3,3,"fsgnjn.s	f21,f22,f13","fs5,fs6,fa3",
80000cec,lui,t6:d08cb000,,d08cbfb7,3,"lui	x31,0xd08cb","t6,0xd08cb",
80000cf0,mulhsu,t3:ffffffff,,03cdae33,3,"mulhsu	x28,x27,x28","t3,s11,t3",
80000cf4,fsgnjx.s,ft1:3f800000,,20e220d3,3,"fsgnjx.s	f1,f4,f14","ft1,ft4,fa4",
80000cf8,fcvt.w.s,s9:7ffbf000,,c007fcd3,3,"fcvt.w.s	x25,f15","s9,fa5",
80000cfc,rem,ra:80041024,,0312e0b3,3,"rem	x1,x5,x17","ra,t0,a7",
80000d00,fadd.s,fs1:ff800000,,009634d3,3,"fadd.s	f9,f12,f9","fs1,fa2,fs1",
80000d04,flt.s,a3:00000000,,a0a516d3,3,"flt.s	x13,f10,f10","a3,fa0,fa0",
80000d08,fmin.s,ft9:ceff8000,,28b80ed3,3,"fmin.s	f29,f16,f11","ft9,fa6,fa1",
80000d0c,fsgnjn.s,fa6:80000000,,20869853,3,"fsgnjn.s	f16,f13,f8","fa6,fa3,fs0",
80000d10,lui,s2:80c38000,,80c38937,3,"lui	x18,0x80c38","s2,0x80c38",
80000d14,addi,a4:00000615,,614a0713,3,"addi	x14,x20,1556","a4,s4,1556",
80000d18,fdiv.s,ft9:7fc00000,,197ffed3,3,"fdiv.s	f29,f31,f23","ft9,ft11,fs7",
80000d1c,fmv.x.w,s6:4e5e8268,,e00f8b53,3,"fmv.x.w	x22,f31","s6,ft11",
80000d20,fle.s,s7:00000000,,a12d0bd3,3,"fle.s	x23,f26,f18","s7,fs10,fs2",
80000d24,fsgnj.s,ft8:00000000,,20880e53,3,"fsgnj.s	f28,f16,f8","ft8,fa6,fs0",
80000d28,mulhsu,tp:7ffbefff,,035ca233,3,"mulhsu	x4,x25,x21","tp,s9,s5",
80000d30,fmax.s,fa6:80000000,,29b81853,3,"fmax.s	f16,f16,f27","fa6,fa6,fs11",
80000d34,div,ra:00000000,,027d40b3,3,"div	x1,x26,x7","ra,s10,t2",
80000d38,srli,s8:00001fff,,013ddc13,3,"srli	x24,x27,0x13","s8,s11,0x13",
80000d3c,ori,a4:fffffb0d,,b0ca6713,3,"ori	x14,x20,-1268","a4,s4,-1268",
80000d40,and,t3:00000000,,017c7e33,3,"and	x28,x24,x23","t3,s8,s7",
80000d44,fclass.s,s8:00000200,,e0089c53,3,"fclass.s	x24,f17","s8,fa7",
80000d48,divu,a0:00000000,,02a6d533,3,"divu	x10,x13,x10","a0,a3,a0",
80000d4c,flt.s,t1:00000000,,a0c69353,3,"flt.s	x6,f13,f12","t1,fa3,fa2",
80000d50,fcvt.wu.s,t2:ffffffff,,c01973d3,3,"fcvt.wu.s	x7,f18","t2,fs2",
80000d54,fclass.s,a3:00000010,,e00716d3,3,"fclass.s	x13,f14","a3,fa4",
80000d58,ori,a4:fffffb3d,,93576713,3,"ori	x14,x14,-1739","a4,a4,-1739",
80000d60,fcvt.s.wu,ft10:4f7ffffb,,d0174f53,3,"fcvt.s.wu	f30,x14","ft10,a4",
80000d64,mulhu,s3:00000067,,03f139b3,3,"mulhu	x19,x2,x31","s3,sp,t6",
80000d68,or,t1:80c38000,,012e6333,3,"or	x6,x28,x18","t1,t3,s2",
80000d6c,srl,s9:d08cb000,,01cfdcb3,3,"srl	x25,x31,x28","s9,t6,t3",
80000d70,srai,t4:ffffffff,,41f35e93,3,"srai	x29,x6,0x1f","t4,t1,0x1f",
80000d74,mulh,s3:00000000,,02e399b3,3,"mulh	x19,x7,x14","s3,t2,a4",
80000d78,fmv.w.x,fa1:00000000,,f00085d3,3,"fmv.w.x	f11,x1","fa1,ra",
80000d7c,addi,t6:fffffd2c,,d1c68f93,3,"addi	x31,x13,-740","t6,a3,-740",
80000d80,mulhsu,s10:00000000,,024d2d33,3,"mulhsu	x26,x26,x4","s10,s10,tp",
80000d84,mulhsu,s4:e8459734,,025caa33,3,"mulhsu	x20,x25,x5","s4,s9,t0",
80000d88,fsgnjx.s,fs1:00000000,,21ce24d3,3,"fsgnjx.s	f9,f28,f28","fs1,ft8,ft8",
80000d8c,srai,tp:00001ffe,,41225213,3,"srai	x4,x4,0x12","tp,tp,0x12",
80000d90,div,a4:fffffffa,,02e24733,3,"div	x14,x4,x14","a4,tp,a4",
80000d94,fclass.s,a4:00000010,,e0011753,3,"fclass.s	x14,f2","a4,ft2",
80000d98,fsub.s,ft4:7fc00000,,08b38253,3,"fsub.s	f4,f7,f11","ft4,ft7,fa1",
80000d9c,mulhsu,s2:00000000,,02ed2933,3,"mulhsu	x18,x26,x14","s2,s10,a4",
80000da0,fmin.s,fs1:ff800000,,294604d3,3,"fmin.s	f9,f12,f20","fs1,fa2,fs4",
80000da4,sltu,t5:00000000,,006abf33,3,"sltu	x30,x21,x6","t5,s5,t1",
80000da8,feq.s,s9:00000000,,a17f2cd3,3,"feq.s	x25,f30,f23","s9,ft10,fs7",
80000dac,and,s7:00000000,,01757bb3,3,"and	x23,x10,x23","s7,a0,s7",
80000db0,fsgnjn.s,fa1:ffc00000,,21cb95d3,3,"fsgnjn.s	f11,f23,f28","fa1,fs7,ft8",
80000db4,addi,ra:fffff8fc,,8fc60093,3,"addi	x1,x12,-1796","ra,a2,-1796",
80000db8,fdiv.s,fa7:ff800000,,195798d3,3,"fdiv.s	f17,f15,f21","fa7,fa5,fs5",
80000dbc,or,t3:ffffffff,,01d16e33,3,"or	x28,x2,x29","t3,sp,t4",
80000dc0,fsub.s,fs6:7fc00000,,084bbb53,3,"fsub.s	f22,f23,f4","fs6,fs7,ft4",
80000dc8,fclass.s,a7:00000008,,e00818d3,3,"fclass.s	x17,f16","a7,fa6",
80000dd0,srai,a5:00000000,,410c5793,3,"srai	x15,x24,0x10","a5,s8,0x10",
80000dd4,srai,s11:00000000,,4056dd93,3,"srai	x27,x13,0x5","s11,a3,0x5",
80000dd8,fsqrt.s,fs4:473501cc,,580c2a53,3,"fsqrt.s	f20,f24","fs4,fs8",
80000ddc,remu,s5:00000010,,03c77ab3,3,"remu	x21,x14,x28","s5,a4,t3",
80000de0,feq.s,tp:00000000,,a1eea253,3,"feq.s	x4,f29,f30","tp,ft9,ft10",
80000de4,srli,t2:00000000,,01ff5393,3,"srli	x7,x30,0x1f","t2,t5,0x1f",
80000de8,rem,a7:00000010,,03bae8b3,3,"rem	x17,x21,x27","a7,s5,s11",
80000dec,flt.s,s4:00000000,,a08d1a53,3,"flt.s	x20,f26,f8","s4,fs10,fs0",
80000df0,srai,s3:ffffffff,,41de5993,3,"srai	x19,x28,0x1d","s3,t3,0x1d",
80000df4,sub,s5:4e5e896c,,401b0ab3,3,"sub	x21,x22,x1","s5,s6,ra",
80000df8,auipc,a0:c90b7df8,,490b7517,3,"auipc	x10,0x490b7","a0,0x490b7",
80000dfc,xori,s8:000005af,,5af3cc13,3,"xori	x24,x7,1455","s8,t2,1455",
80000e00,fmv.w.x,fs5:00000000,,f0018ad3,3,"fmv.w.x	f21,x3","fs5,gp",
80000e04,srl,t3:00000000,,000cde33,3,"srl	x28,x25,x0","t3,s9,zero",
80000e08,fcvt.wu.s,s3:00000000,,c016f9d3,3,"fcvt.wu.s	x19,f13","s3,fa3",
80000e0c,mulh,t4:00000000,,030d1eb3,3,"mulh	x29,x26,x16","t4,s10,a6",
80000e10,fcvt.w.s,t3:00000000,,c0068e53,3,"fcvt.w.s	x28,f13","t3,fa3",
80000e14,fcvt.s.wu,ft4:00000000,,d011f253,3,"fcvt.s.wu	f4,x3","ft4,gp",
80000e18,feq.s,a0:00000000,,a1b42553,3,"feq.s	x10,f8,f27","a0,fs0,fs11",
80000e1c,fsqrt.s,fs0:46b50a40,,58047453,3,"fsqrt.s	f8,f8","fs0,fs0",
80000e20,fmin.s,fa1:8054b638,,283d85d3,3,"fmin.s	f11,f27,f3","fa1,fs11,ft3",
80000e24,fadd.s,fa0:4efff7e0,,0189c553,3,"fadd.s	f10,f19,f24","fa0,fs3,fs8",
80000e28,xori,t6:000007d9,,7d9bcf93,3,"xori	x31,x23,2009","t6,s7,2009",
80000e2c,fsgnjx.s,fs9:473501cc,,219a2cd3,3,"fsgnjx.s	f25,f20,f25","fs9,fs4,fs9",
80000e30,auipc,t4:df44ce30,,5f44ce97,3,"auipc	x29,0x5f44c","t4,0x5f44c",
80000e34,srai,a2:00000000,,419dd613,3,"srai	x12,x27,0x19","a2,s11,0x19",
80000e3c,fcvt.s.wu,ft11:00000000,,d01f7fd3,3,"fcvt.s.wu	f31,x30","ft11,t5",
80000e40,and,t6:00040024,,0152ffb3,3,"and	x31,x5,x21","t6,t0,s5",
80000e44,add,a5:00000000,,01c407b3,3,"add	x15,x8,x28","a5,s0,t3",
80000e48,slli,s11:00000000,,01791d93,3,"slli	x27,x18,0x17","s11,s2,0x17",
80000e4c,fcvt.wu.s,sp:00000000,,c0162153,3,"fcvt.wu.s	x2,f12","sp,fa2",
80000e50,addi,s11:fffff977,,97750d93,3,"addi	x27,x10,-1673","s11,a0,-1673",
80000e54,fsqrt.s,ft1:00000000,,580220d3,3,"fsqrt.s	f1,f4","ft1,ft4",
80000e58,slt,t6:00000001,,01512fb3,3,"slt	x31,x2,x21","t6,sp,s5",
80000e5c,fsqrt.s,ft3:00000000,,580981d3,3,"fsqrt.s	f3,f19","ft3,fs3",
80000e60,xor,s11:00000080,,00f84db3,3,"xor	x27,x16,x15","s11,a6,a5",
80000e64,or,s10:80040fe4,,00986d33,3,"or	x26,x16,x9","s10,a6,s1",
80000e68,xori,s10:000004da,,4da64d13,3,"xori	x26,x12,1242","s10,a2,1242",
80000e6c,fsqrt.s,ft6:7fc00000,,5805f353,3,"fsqrt.s	f6,f11","ft6,fa1",
80000e70,mulhsu,a2:00000000,,03bc2633,3,"mulhsu	x12,x24,x27","a2,s8,s11",
80000e74,and,s4:00000000,,018f7a33,3,"and	x20,x30,x24","s4,t5,s8",
80000e78,and,s9:00000000,,008e7cb3,3,"and	x25,x28,x8","s9,t3,s0",
80000e7c,xori,sp:fffff9ac,,9ac64113,3,"xori	x2,x12,-1620","sp,a2,-1620",
80000e80,auipc,a3:3b60be80,,bb60b697,3,"auipc	x13,0xbb60b","a3,0xbb60b",
80000e84,fsub.s,ft11:c73501cc,,094acfd3,3,"fsub.s	f31,f21,f20","ft11,fs5,fs4",
80000e88,xor,t4:f7506410,,0195ceb3,3,"xor	x29,x11,x25","t4,a1,s9",
80000e8c,mulhu,s6:122d65d0,,0366bb33,3,"mulhu	x22,x13,x22","s6,a3,s6",
80000e90,fcvt.wu.s,s8:00000000,,c0187c53,3,"fcvt.wu.s	x24,f16","s8,fa6",
80000e94,mulh,s5:00000000,,02109ab3,3,"mulh	x21,x1,x1","s5,ra,ra",
80000e98,fsub.s,fs10:4f800000,,080d7d53,3,"fsub.s	f26,f26,f0","fs10,fs10,ft0",
80000e9c,add,gp:80041034,,005881b3,3,"add	x3,x17,x5","gp,a7,t0",
80000ea0,sltu,tp:00000000,,00fbb233,3,"sltu	x4,x23,x15","tp,s7,a5",
80000ea4,or,sp:000004da,,014d6133,3,"or	x2,x26,x20","sp,s10,s4",
80000ea8,fcvt.wu.s,s4:ffffffff,,c0197a53,3,"fcvt.wu.s	x20,f18","s4,fs2",
80000eac,mulhu,s3:4004103c,,0251b9b3,3,"mulhu	x19,x3,x5","s3,gp,t0",
80000eb0,fadd.s,ft11:00000000,,0156ffd3,3,"fadd.s	f31,f13,f21","ft11,fa3,fs5",
80000eb4,fsqrt.s,fa3:00000000,,5801f6d3,3,"fsqrt.s	f13,f3","fa3,ft3",
80000eb8,slti,s7:00000001,,00feab93,3,"slti	x23,x29,15","s7,t4,15",
80000ec0,fmul.s,fa3:7fc00000,,106d76d3,3,"fmul.s	f13,f26,f6","fa3,fs10,ft6",
80000ec4,fsgnjx.s,ft9:00000000,,20982ed3,3,"fsgnjx.s	f29,f16,f9","ft9,fa6,fs1",
80000ec8,fcvt.s.wu,fs3:00000000,,d01279d3,3,"fcvt.s.wu	f19,x4","fs3,tp",
80000ecc,sub,s9:fffffb26,,41a60cb3,3,"sub	x25,x12,x26","s9,a2,s10",
80000ed4,xori,a5:fffffde2,,df28c793,3,"xori	x15,x17,-526","a5,a7,-526",
80000ed8,divu,s7:00000000,,02e25bb3,3,"divu	x23,x4,x14","s7,tp,a4",
80000edc,mulh,a3:00000000,,03b896b3,3,"mulh	x13,x17,x27","a3,a7,s11",
80000ee0,fcvt.s.w,fs0:00000000,,d0007453,3,"fcvt.s.w	f8,x0","fs0,zero",
80000ee4,srai,sp:ffba8320,,405ed113,3,"srai	x2,x29,0x5","sp,t4,0x5",
80000ee8,xori,s8:08af9d8f,,99f5cc13,3,"xori	x24,x11,-1633","s8,a1,-1633",
80000eec,sltu,a2:00000000,,0092b633,3,"sltu	x12,x5,x9","a2,t0,s1",
80000ef0,lui,t6:25327000,,25327fb7,3,"lui	x31,0x25327","t6,0x25327",
80000ef4,sltiu,s7:00000001,,dbe13b93,3,"sltiu	x23,x2,-578","s7,sp,-578",
80000ef8,remu,a6:000004da,,034d7833,3,"remu	x16,x26,x20","a6,s10,s4",
80000efc,or,t4:f77d65d0,,0165eeb3,3,"or	x29,x11,x22","t4,a1,s6",
80000f00,fmul.s,ft0:80000000,,10407053,3,"fmul.s	f0,f0,f4","ft0,ft0,ft4",
80000f04,fcvt.wu.s,s9:00000000,,c0173cd3,3,"fcvt.wu.s	x25,f14","s9,fa4",
80000f08,fcvt.w.s,s6:00000000,,c0041b53,3,"fcvt.w.s	x22,f8","s6,fs0",
80000f0c,slti,t4:00000001,,8fd12e93,3,"slti	x29,x2,-1795","t4,sp,-1795",
80000f10,fdiv.s,fs7:7fc00000,,18787bd3,3,"fdiv.s	f23,f16,f7","fs7,fa6,ft7",
80000f14,xor,t4:00000010,,0032ceb3,3,"xor	x29,x5,x3","t4,t0,gp",
80000f18,fmin.s,fa4:8054b638,,29658753,3,"fmin.s	f14,f11,f22","fa4,fa1,fs6",
80000f1c,fcvt.wu.s,s9:00000000,,c01afcd3,3,"fcvt.wu.s	x25,f21","s9,fs5",
80000f20,sub,a4:00000704,,401b0733,3,"sub	x14,x22,x1","a4,s6,ra",
80000f24,srli,s4:00000000,,01295a13,3,"srli	x20,x18,0x12","s4,s2,0x12",
80000f28,fclass.s,a6:00000200,,e00b1853,3,"fclass.s	x16,f22","a6,fs6",
80000f2c,fmv.w.x,ft0:fffff8fc,,f0008053,3,"fmv.w.x	f0,x1","ft0,ra",
80000f30,slt,s9:00000001,,01a22cb3,3,"slt	x25,x4,x26","s9,tp,s10",
80000f34,mul,s0:d57bc000,,029f8433,3,"mul	x8,x31,x9","s0,t6,s1",
80000f38,fcvt.w.s,t6:80000000,,c0089fd3,3,"fcvt.w.s	x31,f17","t6,fa7",
80000f40,slt,t1:00000000,,000da333,3,"slt	x6,x27,x0","t1,s11,zero",
80000f44,fmv.x.w,t6:80000000,,e0080fd3,3,"fmv.x.w	x31,f16","t6,fa6",
80000f48,slli,ra:fffc7e00,,00709093,3,"slli	x1,x1,0x7","ra,ra,0x7",
80000f4c,remu,t2:00000001,,036cf3b3,3,"remu	x7,x25,x22","t2,s9,s6",
80000f50,fcvt.s.w,ft10:00000000,,d00a4f53,3,"fcvt.s.w	f30,x20","ft10,s4",
80000f54,mulhu,a4:00000000,,025ab733,3,"mulhu	x14,x21,x5","a4,s5,t0",
80000f58,add,t4:00000010,,01da0eb3,3,"add	x29,x20,x29","t4,s4,t4",
80000f5c,auipc,a6:f1b4cf5c,,71b4c817,3,"auipc	x16,0x71b4c","a6,0x71b4c",
80000f60,addi,t4:000002e9,,2e968e93,3,"addi	x29,x13,745","t4,a3,745",
80000f64,xor,ra:80000000,,01fa40b3,3,"xor	x1,x20,x31","ra,s4,t6",
80000f68,fclass.s,t2:00000010,,e00a93d3,3,"fclass.s	x7,f21","t2,fs5",
80000f6c,srli,a7:00080000,,00c0d893,3,"srli	x17,x1,0xc","a7,ra,0xc",
80000f70,andi,sp:00000000,,205d7113,3,"andi	x2,x26,517","sp,s10,517",
80000f74,auipc,gp:52d27f74,,d2d27197,3,"auipc	x3,0xd2d27","gp,0xd2d27",
80000f78,div,t3:fffd03eb,,03d5ce33,3,"div	x28,x11,x29","t3,a1,t4",
80000f7c,fmin.s,fs3:00000000,,29d689d3,3,"fmin.s	f19,f13,f29","fs3,fa3,ft9",
80000f80,slti,t1:00000001,,fbf42313,3,"slti	x6,x8,-65","t1,s0,-65",
80000f84,sltiu,sp:00000001,,83d93113,3,"sltiu	x2,x18,-1987","sp,s2,-1987",
80000f88,auipc,t6:ff13ef88,,7f13ef97,3,"auipc	x31,0x7f13e","t6,0x7f13e",
80000f8c,sltu,s11:00000000,,00343db3,3,"sltu	x27,x8,x3","s11,s0,gp",
80000f90,slti,s8:00000000,,c4252c13,3,"slti	x24,x10,-958","s8,a0,-958",
80000f94,ori,a3:fffd07ef,,7a5e6693,3,"ori	x13,x28,1957","a3,t3,1957",
80000f98,xor,s8:800414fe,,005d4c33,3,"xor	x24,x26,x5","s8,s10,t0",
80000f9c,xori,a6:00000118,,11854813,3,"xori	x16,x10,280","a6,a0,280",
80000fa0,addi,a4:0008028a,,28a88713,3,"addi	x14,x17,650","a4,a7,650",
80000fa4,rem,s0:00000000,,02806433,3,"rem	x8,x0,x8","s0,zero,s0",
80000fa8,xori,a2:00000540,,54064613,3,"xori	x12,x12,1344","a2,a2,1344",
80000fac,lui,s3:abfb1000,,abfb19b7,3,"lui	x19,0xabfb1","s3,0xabfb1",
80000fb0,ori,s10:fffffb0b,,b0b9ed13,3,"ori	x26,x19,-1269","s10,s3,-1269",
80000fb4,addi,s2:00000641,,641a8913,3,"addi	x18,x21,1601","s2,s5,1601",
80000fb8,and,t2:00000000,,012b73b3,3,"and	x7,x22,x18","t2,s6,s2",
80000fbc,and,s7:0008020a,,00ed7bb3,3,"and	x23,x26,x14","s7,s10,a4",
80000fc0,sll,t1:00000000,,01ca9333,3,"sll	x6,x21,x28","t1,s5,t3",
80000fc4,flt.s,a2:00000000,,a0e01653,3,"flt.s	x12,f0,f14","a2,ft0,fa4",
80000fc8,mulhu,sp:00000000,,0233b133,3,"mulhu	x2,x7,x3","sp,t2,gp",
80000fcc,xor,gp:00000641,,012dc1b3,3,"xor	x3,x27,x18","gp,s11,s2",
80000fd0,fsub.s,fs9:4efff7e0,,08febcd3,3,"fsub.s	f25,f29,f15","fs9,ft9,fa5",
80000fd4,fmax.s,fs7:00000000,,29f79bd3,3,"fmax.s	f23,f15,f31","fs7,fa5,ft11",
80000fd8,divu,a3:00000000,,033f56b3,3,"divu	x13,x30,x19","a3,t5,s3",
80000fdc,feq.s,tp:00000000,,a1da2253,3,"feq.s	x4,f20,f29","tp,fs4,ft9",
80000fe0,slli,a2:00000000,,011a1613,3,"slli	x12,x20,0x11","a2,s4,0x11",
80000fe4,fmv.w.x,fs4:abfb1000,,f0098a53,3,"fmv.w.x	f20,x19","fs4,s3",
80000fe8,xor,a5:00000000,,008f47b3,3,"xor	x15,x30,x8","a5,t5,s0",
80000fec,fcvt.s.wu,fa3:44c82000,,d01186d3,3,"fcvt.s.wu	f13,x3","fa3,gp",
80000ff0,sub,t3:00030256,,41c90e33,3,"sub	x28,x18,x28","t3,s2,t3",
80000ff4,mulhu,a4:00000000,,03243733,3,"mulhu	x14,x8,x18","a4,s0,s2",
80000ff8,fsgnjn.s,fa2:8054b638,,20171653,3,"fsgnjn.s	f12,f14,f1","fa2,fa4,ft1",
80000ffc,slli,a7:00000000,,00639893,3,"slli	x17,x7,0x6","a7,t2,0x6",
80001000,sltu,s0:00000001,,01c13433,3,"sltu	x8,x2,x28","s0,sp,t3",
80001004,fmax.s,ft9:abfb1000,,29449ed3,3,"fmax.s	f29,f9,f20","ft9,fs1,fs4",
80001008,add,a4:00000000,,00488733,3,"add	x14,x17,x4","a4,a7,tp",
8000100c,auipc,s0:3c80300c,,bc802417,3,"auipc	x8,0xbc802","s0,0xbc802",
80001010,mul,s11:00000000,,03400db3,3,"mul	x27,x0,x20","s11,zero,s4",
80001014,fle.s,s11:00000001,,a1ad8dd3,3,"fle.s	x27,f27,f26","s11,fs11,fs10",
80001018,fsqrt.s,fs3:42200cca,,5806f9d3,3,"fsqrt.s	f19,f13","fs3,fa3",
8000101c,ori,s0:ffffffbe,,fb6fe413,3,"ori	x8,x31,-74","s0,t6,-74",
80001020,or,s6:00000641,,00336b33,3,"or	x22,x6,x3","s6,t1,gp",
80001024,div,t3:ffffffff,,02e4ce33,3,"div	x28,x9,x14","t3,s1,a4",
80001028,fle.s,t6:00000001,,a10f0fd3,3,"fle.s	x31,f30,f16","t6,ft10,fa6",
8000102c,add,s10:00000000,,00610d33,3,"add	x26,x2,x6","s10,sp,t1",
80001030,fmin.s,ft8:00000000,,296f0e53,3,"fmin.s	f28,f30,f22","ft8,ft10,fs6",
80001034,andi,s7:00000000,,920cfb93,3,"andi	x23,x25,-1760","s7,s9,-1760",
80001038,fsgnjx.s,fs3:00000000,,20a0a9d3,3,"fsgnjx.s	f19,f1,f10","fs3,ft1,fa0",
8000103c,xor,t1:00000000,,00e64333,3,"xor	x6,x12,x14","t1,a2,a4",
80001040,sra,s9:00000000,,41435cb3,3,"sra	x25,x6,x20","s9,t1,s4",
80001044,mulh,s6:ffffffff,,03f09b33,3,"mulh	x22,x1,x31","s6,ra,t6",
80001048,fmax.s,fs3:00000000,,282099d3,3,"fmax.s	f19,f1,f2","fs3,ft1,ft2",
8000104c,sltiu,s7:00000001,,97f83b93,3,"sltiu	x23,x16,-1665","s7,a6,-1665",
80001050,sll,ra:00000c82,,012910b3,3,"sll	x1,x18,x18","ra,s2,s2",
80001054,fadd.s,fs3:4f800000,,015d79d3,3,"fadd.s	f19,f26,f21","fs3,fs10,fs5",
80001058,fsqrt.s,ft11:7fc00000,,58049fd3,3,"fsqrt.s	f31,f9","ft11,fs1",
8000105c,lui,t4:b5fdd000,,b5fddeb7,3,"lui	x29,0xb5fdd","t4,0xb5fdd",
80001060,remu,tp:00000000,,03e37233,3,"remu	x4,x6,x30","tp,t1,t5",
80001064,fcvt.wu.s,a0:00000000,,c0142553,3,"fcvt.wu.s	x10,f8","a0,fs0",
80001068,srl,s6:00000000,,00bddb33,3,"srl	x22,x27,x11","s6,s11,a1",
8000106c,srli,s11:00000000,,0086dd93,3,"srli	x27,x13,0x8","s11,a3,0x8",
80001074,sub,s6:fffff37e,,40100b33,3,"sub	x22,x0,x1","s6,zero,ra",
80001078,fsub.s,fs7:abfb1000,,083a0bd3,3,"fsub.s	f23,f20,f3","fs7,fs4,ft3",
8000107c,fmv.x.w,s7:fffff8fc,,e0000bd3,3,"fmv.x.w	x23,f0","s7,ft0",
80001080,slli,a6:ff7c0000,,01141813,3,"slli	x16,x8,0x11","a6,s0,0x11",
80001084,fdiv.s,fs0:7fc00000,,19082453,3,"fdiv.s	f8,f16,f16","fs0,fa6,fa6",
80001088,fdiv.s,ft0:ff800000,,183df053,3,"fdiv.s	f0,f27,f3","ft0,fs11,ft3",
8000108c,addi,a3:0000030f,,30f20693,3,"addi	x13,x4,783","a3,tp,783",
80001090,mulhu,a6:00000000,,023ab833,3,"mulhu	x16,x21,x3","a6,s5,gp",
80001094,and,a6:00000000,,0188f833,3,"and	x16,x17,x24","a6,a7,s8",
80001098,fmv.x.w,s3:7fc00000,,e00309d3,3,"fmv.x.w	x19,f6","s3,ft6",
8000109c,fmul.s,ft3:00000000,,11e6f1d3,3,"fmul.s	f3,f13,f30","ft3,fa3,ft10",
800010a0,and,a4:00000000,,0195f733,3,"and	x14,x11,x25","a4,a1,s9",
800010a4,fsqrt.s,fa3:80000000,,580816d3,3,"fsqrt.s	f13,f16","fa3,fa6",
800010a8,fmv.w.x,fa7:fffff8fc,,f00b88d3,3,"fmv.w.x	f17,x23","fa7,s7",
800010ac,fsgnj.s,ft11:ff800000,,21148fd3,3,"fsgnj.s	f31,f9,f17","ft11,fs1,fa7",
800010b0,xori,t2:000004e3,,4e304393,3,"xori	x7,x0,1251","t2,zero,1251",
800010b4,addi,s9:00000266,,26600c93,3,"addi	x25,x0,614","s9,zero,614",
800010b8,fsgnj.s,fa3:8054b638,,209586d3,3,"fsgnj.s	f13,f11,f9","fa3,fa1,fs1",
800010bc,flt.s,t2:00000000,,a1ee13d3,3,"flt.s	x7,f28,f30","t2,ft8,ft10",
800010c0,sltiu,s6:00000001,,08aabb13,3,"sltiu	x22,x21,138","s6,s5,138",
800010c4,auipc,t3:2ce420c4,,ace41e17,3,"auipc	x28,0xace41","t3,0xace41",
800010c8,auipc,t3:3dada0c8,,bdad9e17,3,"auipc	x28,0xbdad9","t3,0xbdad9",
800010cc,fcvt.wu.s,a0:00000000,,c01f7553,3,"fcvt.wu.s	x10,f30","a0,ft10",
800010d0,sra,s10:00000000,,41765d33,3,"sra	x26,x12,x23","s10,a2,s7",
800010d4,mulhu,sp:00000000,,02f1b133,3,"mulhu	x2,x3,x15","sp,gp,a5",
800010d8,fcvt.w.s,s5:00000000,,c001bad3,3,"fcvt.w.s	x21,f3","s5,ft3",
800010dc,fcvt.wu.s,t2:00000000,,c01bf3d3,3,"fcvt.wu.s	x7,f23","t2,fs7",
800010e0,fsub.s,fs3:7fc00000,,0933b9d3,3,"fsub.s	f19,f7,f19","fs3,ft7,fs3",
800010e4,fmax.s,fa5:abfb1000,,297f97d3,3,"fmax.s	f15,f31,f23","fa5,ft11,fs7",
800010e8,fcvt.w.s,t5:00000000,,c00b9f53,3,"fcvt.w.s	x30,f23","t5,fs7",
800010ec,srli,s5:00fffff8,,008bda93,3,"srli	x21,x23,0x8","s5,s7,0x8",
800010f0,fle.s,a6:00000000,,a0730853,3,"fle.s	x16,f6,f7","a6,ft6,ft7",
800010f4,srai,t2:00000000,,409dd393,3,"srai	x7,x27,0x9","t2,s11,0x9",
800010f8,fsgnjn.s,ft6:7fc00000,,21141353,3,"fsgnjn.s	f6,f8,f17","ft6,fs0,fa7",
800010fc,fclass.s,a3:00000002,,e00e96d3,3,"fclass.s	x13,f29","a3,ft9",
80001100,srli,gp:00000001,,01f45193,3,"srli	x3,x8,0x1f","gp,s0,0x1f",
80001104,auipc,a2:79a1e104,,f9a1d617,3,"auipc	x12,0xf9a1d","a2,0xf9a1d",
80001108,fsgnjx.s,fa1:abfb1000,,219ba5d3,3,"fsgnjx.s	f11,f23,f25","fa1,fs7,fs9",
8000110c,srl,s2:00000000,,01f8d933,3,"srl	x18,x17,x31","s2,a7,t6",
80001110,fmul.s,ft10:80000000,,10360f53,3,"fmul.s	f30,f12,f3","ft10,fa2,ft3",
80001114,remu,s6:00000722,,0219fb33,3,"remu	x22,x19,x1","s6,s3,ra",
80001118,sub,s11:80040d7e,,41948db3,3,"sub	x27,x9,x25","s11,s1,s9",
8000111c,xori,gp:fffff9c1,,9c184193,3,"xori	x3,x16,-1599","gp,a6,-1599",
80001120,rem,tp:00000008,,028ae233,3,"rem	x4,x21,x8","tp,s5,s0",
80001124,xor,a4:79a1e104,,00a64733,3,"xor	x14,x12,x10","a4,a2,a0",
80001128,sltu,s3:00000001,,013ab9b3,3,"sltu	x19,x21,x19","s3,s5,s3",
8000112c,fmin.s,ft10:4efff7e0,,296c8f53,3,"fmin.s	f30,f25,f22","ft10,fs9,fs6",
80001130,fsub.s,fs5:8054b638,,08377ad3,3,"fsub.s	f21,f14,f3","fs5,fa4,ft3",
80001134,fle.s,s6:00000000,,a12c0b53,3,"fle.s	x22,f24,f18","s6,fs8,fs2",
80001138,feq.s,s8:00000000,,a0b32c53,3,"feq.s	x24,f6,f11","s8,ft6,fa1",
8000113c,fsgnjx.s,fa2:ffc00000,,21142653,3,"fsgnjx.s	f12,f8,f17","fa2,fs0,fa7",
80001140,fmul.s,ft5:7fc00000,,113172d3,3,"fmul.s	f5,f2,f19","ft5,ft2,fs3",
80001144,fcvt.s.wu,fs11:40000000,,d016fdd3,3,"fcvt.s.wu	f27,x13","fs11,a3",
80001148,or,s2:79a1e104,,00776933,3,"or	x18,x14,x7","s2,a4,t2",
8000114c,fmax.s,ft1:00000000,,281090d3,3,"fmax.s	f1,f1,f1","ft1,ft1,ft1",
80001150,xor,s7:00000001,,010fcbb3,3,"xor	x23,x31,x16","s7,t6,a6",
80001158,mul,s6:000004cc,,03968b33,3,"mul	x22,x13,x25","s6,a3,s9",
8000115c,sltiu,t2:00000001,,96af3393,3,"sltiu	x7,x30,-1686","t2,t5,-1686",
80001160,or,t6:000004cc,,01686fb3,3,"or	x31,x16,x22","t6,a6,s6",
80001164,sll,s3:00000000,,01bc19b3,3,"sll	x19,x24,x27","s3,s8,s11",
80001168,mulhu,a5:eeec3a55,,02b5b7b3,3,"mulhu	x15,x11,x11","a5,a1,a1",
8000116c,fsqrt.s,ft1:473501cc,,580540d3,3,"fsqrt.s	f1,f10","ft1,fa0",
80001170,fsgnj.s,ft7:c73501cc,,215083d3,3,"fsgnj.s	f7,f1,f21","ft7,ft1,fs5",
80001174,mulhsu,t3:00000000,,020b2e33,3,"mulhsu	x28,x22,x0","t3,s6,zero",
80001178,fsqrt.s,fa7:473501cc,,580c08d3,3,"fsqrt.s	f17,f24","fa7,fs8",
8000117c,or,s3:80040d7e,,010de9b3,3,"or	x19,x27,x16","s3,s11,a6",
80001180,fmul.s,fs1:80000000,,10f174d3,3,"fmul.s	f9,f2,f15","fs1,ft2,fa5",
80001184,ori,s2:000004cb,,4cb8e913,3,"ori	x18,x17,1227","s2,a7,1227",
80001188,add,t4:010004c4,,015b0eb3,3,"add	x29,x22,x21","t4,s6,s5",
8000118c,mulh,t4:ffffffff,,02569eb3,3,"mulh	x29,x13,x5","t4,a3,t0",
80001190,fsub.s,fa0:c73501cc,,0943a553,3,"fsub.s	f10,f7,f20","fa0,ft7,fs4",
80001194,mulhu,a0:3cd2dd72,,03373533,3,"mulhu	x10,x14,x19","a0,a4,s3",
80001198,fmin.s,fa7:abfb1000,,294788d3,3,"fmin.s	f17,f15,f20","fa7,fa5,fs4",
8000119c,auipc,s10:5743b19c,,d743ad17,3,"auipc	x26,0xd743a","s10,0xd743a",
800011a0,slli,t3:98000000,,019b1e13,3,"slli	x28,x22,0x19","t3,s6,0x19",
800011a4,sll,s11:80041024,,01829db3,3,"sll	x27,x5,x24","s11,t0,s8",
800011ac,fle.s,t4:00000000,,a0bd8ed3,3,"fle.s	x29,f27,f11","t4,fs11,fa1",
800011b0,fadd.s,fs3:8054b638,,004709d3,3,"fadd.s	f19,f14,f4","fs3,fa4,ft4",
800011b4,fmv.w.x,fs6:eeec3a55,,f0078b53,3,"fmv.w.x	f22,x15","fs6,a5",
800011b8,fsqrt.s,ft0:7fc00000,,58094053,3,"fsqrt.s	f0,f18","ft0,fs2",
800011bc,fmv.x.w,s5:7fc00000,,e0028ad3,3,"fmv.x.w	x21,f5","s5,ft5",
800011c0,divu,t5:ffffffff,,022d5f33,3,"divu	x30,x26,x2","t5,s10,sp",
800011c4,fmv.x.w,gp:4efff7e0,,e00c81d3,3,"fmv.x.w	x3,f25","gp,fs9",
800011c8,fadd.s,ft6:c73501cc,,00239353,3,"fadd.s	f6,f7,f2","ft6,ft7,ft2",
800011cc,sra,gp:00000000,,41d151b3,3,"sra	x3,x2,x29","gp,sp,t4",
800011d0,fsgnjn.s,ft11:8054b638,,21271fd3,3,"fsgnjn.s	f31,f14,f18","ft11,fa4,fs2",
800011d4,flt.s,s10:00000001,,a1331d53,3,"flt.s	x26,f6,f19","s10,ft6,fs3",
800011d8,srai,s4:00000000,,411d5a13,3,"srai	x20,x26,0x11","s4,s10,0x11",
800011dc,fcvt.s.wu,fa2:00000000,,d0101653,3,"fcvt.s.wu	f12,x0","fa2,zero",
800011e0,fle.s,s0:00000001,,a1598453,3,"fle.s	x8,f19,f21","s0,fs3,fs5",
800011e4,fclass.s,s2:00000200,,e0091953,3,"fclass.s	x18,f18","s2,fs2",
800011e8,fmv.w.x,fs8:00000001,,f00b8c53,3,"fmv.w.x	f24,x23","fs8,s7",
800011ec,mul,gp:1113c5ab,,03e781b3,3,"mul	x3,x15,x30","gp,a5,t5",
800011f0,mul,a2:39ce7c0c,,02518633,3,"mul	x12,x3,x5","a2,gp,t0",
800011f4,auipc,a7:a28841f4,,22883897,3,"auipc	x17,0x22883","a7,0x22883",
800011f8,sltiu,s11:00000001,,b51b3d93,3,"sltiu	x27,x22,-1199","s11,s6,-1199",
800011fc,fsgnjx.s,ft6:abfb1000,,218ea353,3,"fsgnjx.s	f6,f29,f24","ft6,ft9,fs8",
80001200,fmul.s,ft4:7fc00000,,10863253,3,"fmul.s	f4,f12,f8","ft4,fa2,fs0",
80001204,div,s5:ffffffff,,02094ab3,3,"div	x21,x18,x0","s5,s2,zero",
80001208,mul,s4:00000000,,03d38a33,3,"mul	x20,x7,x29","s4,t2,t4",
8000120c,sltu,a7:00000001,,01c338b3,3,"sltu	x17,x6,x28","a7,t1,t3",
80001210,lui,s3:e82d1000,,e82d19b7,3,"lui	x19,0xe82d1","s3,0xe82d1",
80001214,fcvt.s.wu,ft4:44998000,,d01ff253,3,"fcvt.s.wu	f4,x31","ft4,t6",
80001218,fcvt.wu.s,tp:00000000,,c01af253,3,"fcvt.wu.s	x4,f21","tp,fs5",
8000121c,fsgnjx.s,fs10:7fc00000,,20192d53,3,"fsgnjx.s	f26,f18,f1","fs10,fs2,ft1",
80001220,fcvt.wu.s,s7:00000000,,c01efbd3,3,"fcvt.wu.s	x23,f29","s7,ft9",
80001224,div,s7:ffffffff,,037e4bb3,3,"div	x23,x28,x23","s7,t3,s7",
80001228,fdiv.s,fs2:3ab2401e,,184d9953,3,"fdiv.s	f18,f27,f4","fs2,fs11,ft4",
80001230,srai,s8:ffffffff,,41fadc13,3,"srai	x24,x21,0x1f","s8,s5,0x1f",
80001234,sltiu,t6:00000001,,b5a4bf93,3,"sltiu	x31,x9,-1190","t6,s1,-1190",
80001238,slli,t3:00020000,,01069e13,3,"slli	x28,x13,0x10","t3,a3,0x10",
8000123c,fsgnjn.s,ft3:80000000,,200e11d3,3,"fsgnjn.s	f3,f28,f0","ft3,ft8,ft0",
80001240,srl,a4:00000000,,01885733,3,"srl	x14,x16,x24","a4,a6,s8",
80001244,xor,a2:7ffbf01b,,0184c633,3,"xor	x12,x9,x24","a2,s1,s8",
80001248,remu,s7:00000000,,028f7bb3,3,"remu	x23,x30,x8","s7,t5,s0",
8000124c,sltiu,tp:00000001,,9bd2b213,3,"sltiu	x4,x5,-1603","tp,t0,-1603",
80001250,auipc,s10:0dd32250,,8dd31d17,3,"auipc	x26,0x8dd31","s10,0x8dd31",
80001254,xor,s7:00000001,,011a4bb3,3,"xor	x23,x20,x17","s7,s4,a7",
80001258,add,sp:00020001,,01cb8133,3,"add	x2,x23,x28","sp,s7,t3",
8000125c,flt.s,t4:00000000,,a14f1ed3,3,"flt.s	x29,f30,f20","t4,ft10,fs4",
80001260,srl,gp:000007ff,,00ff51b3,3,"srl	x3,x30,x15","gp,t5,a5",
80001264,mul,a2:f22cddb0,,038d0633,3,"mul	x12,x26,x24","a2,s10,s8",
80001268,rem,s4:00000000,,0312ea33,3,"rem	x20,x5,x17","s4,t0,a7",
8000126c,flt.s,s0:00000001,,a09a1453,3,"flt.s	x8,f20,f9","s0,fs4,fs1",
80001270,fle.s,sp:00000000,,a0ff0153,3,"fle.s	x2,f30,f15","sp,ft10,fa5",
80001274,fcvt.w.s,t3:00000000,,c009fe53,3,"fcvt.w.s	x28,f19","t3,fs3",
80001278,xor,sp:f22cddb1,,00c44133,3,"xor	x2,x8,x12","sp,s0,a2",
8000127c,addi,ra:80041128,,14448093,3,"addi	x1,x9,324","ra,s1,324",
80001280,xori,s8:0dd32051,,201d4c13,3,"xori	x24,x26,513","s8,s10,513",
80001284,addi,s4:000005ad,,5ab68a13,3,"addi	x20,x13,1451","s4,a3,1451",
80001288,mul,a5:00000000,,03ae07b3,3,"mul	x15,x28,x26","a5,t3,s10",
8000128c,mul,s2:00000200,,03b90933,3,"mul	x18,x18,x27","s2,s2,s11",
80001290,fle.s,s6:00000000,,a09f0b53,3,"fle.s	x22,f30,f9","s6,ft10,fs1",
80001294,fsqrt.s,fs11:00000000,,580e7dd3,3,"fsqrt.s	f27,f28","fs11,ft8",
80001298,ori,s11:800411f8,,0d80ed93,3,"ori	x27,x1,216","s11,ra,216",
8000129c,srai,s3:ffffffff,,403f5993,3,"srai	x19,x30,0x3","s3,t5,0x3",
800012a0,fle.s,s8:00000000,,a1680c53,3,"fle.s	x24,f16,f22","s8,fa6,fs6",
800012a4,addi,a4:00000117,,eb1c8713,3,"addi	x14,x25,-335","a4,s9,-335",
800012a8,sra,t6:00000000,,41e45fb3,3,"sra	x31,x8,x30","t6,s0,t5",
800012ac,feq.s,a6:00000000,,a15d2853,3,"feq.s	x16,f26,f21","a6,fs10,fs5",
800012b0,and,t2:00000000,,01f7f3b3,3,"and	x7,x15,x31","t2,a5,t6",
800012b4,fmin.s,fs9:8054b638,,295f8cd3,3,"fmin.s	f25,f31,f21","fs9,ft11,fs5",
800012b8,xori,s7:fffffb1b,,b196cb93,3,"xori	x23,x13,-1255","s7,a3,-1255",
800012bc,fadd.s,ft11:44998000,,004c0fd3,3,"fadd.s	f31,f24,f4","ft11,fs8,ft4",
800012c0,mulhu,s7:00000000,,02083bb3,3,"mulhu	x23,x16,x0","s7,a6,zero",
800012c4,sltu,a3:00000001,,00b236b3,3,"sltu	x13,x4,x11","a3,tp,a1",
800012c8,flt.s,a2:00000001,,a01c1653,3,"flt.s	x12,f24,f1","a2,fs8,ft1",
800012cc,xori,s10:fffffa8b,,a8bc4d13,3,"xori	x26,x24,-1397","s10,s8,-1397",
800012d0,fmv.x.w,s4:80000000,,e0018a53,3,"fmv.x.w	x20,f3","s4,ft3",
800012d4,lui,t4:b6c76000,,b6c76eb7,3,"lui	x29,0xb6c76","t4,0xb6c76",
800012d8,fmin.s,fa3:8054b638,,295c86d3,3,"fmin.s	f13,f25,f21","fa3,fs9,fs5",
800012dc,feq.s,s3:00000000,,a08429d3,3,"feq.s	x19,f8,f8","s3,fs0,fs0",
800012e4,xori,gp:fffffded,,212ac193,3,"xori	x3,x21,530","gp,s5,530",
800012e8,sltu,s2:00000000,,00c2b933,3,"sltu	x18,x5,x12","s2,t0,a2",
800012ec,srl,a3:00000000,,01e7d6b3,3,"srl	x13,x15,x30","a3,a5,t5",
800012f0,fcvt.wu.s,t4:00000000,,c016aed3,3,"fcvt.wu.s	x29,f13","t4,fa3",
800012f4,fmv.w.x,fa2:ffffffff,,f00f0653,3,"fmv.w.x	f12,x30","fa2,t5",
800012f8,fcvt.s.wu,ft9:00000000,,d01ffed3,3,"fcvt.s.wu	f29,x31","ft9,t6",
800012fc,mulhsu,s4:ffffffff,,028f2a33,3,"mulhsu	x20,x30,x8","s4,t5,s0",
80001300,sll,s5:00000000,,00081ab3,3,"sll	x21,x16,x0","s5,a6,zero",
80001304,fsub.s,ft1:c73501cc,,0933f0d3,3,"fsub.s	f1,f7,f19","ft1,ft7,fs3",
80001308,xor,a5:f22cddb0,,002247b3,3,"xor	x15,x4,x2","a5,tp,sp",
8000130c,addi,s3:f22ce350,,5a078993,3,"addi	x19,x15,1440","s3,a5,1440",
80001314,fsub.s,fs10:7fc00000,,08f2ad53,3,"fsub.s	f26,f5,f15","fs10,ft5,fa5",
80001318,lui,sp:defcb000,,defcb137,3,"lui	x2,0xdefcb","sp,0xdefcb",
8000131c,xori,s2:fffff8c8,,9df74913,3,"xori	x18,x14,-1569","s2,a4,-1569",
80001320,feq.s,s3:00000000,,a05929d3,3,"feq.s	x19,f18,f5","s3,fs2,ft5",
80001324,add,s3:defcb001,,011109b3,3,"add	x19,x2,x17","s3,sp,a7",
80001328,fcvt.s.wu,fa2:00000000,,d013b653,3,"fcvt.s.wu	f12,x7","fa2,t2",
8000132c,fsgnjx.s,ft6:c4998000,,21322353,3,"fsgnjx.s	f6,f4,f19","ft6,ft4,fs3",
80001330,auipc,s11:62bfe330,,e2bfdd97,3,"auipc	x27,0xe2bfd","s11,0xe2bfd",
80001334,fle.s,a5:00000000,,a1ac07d3,3,"fle.s	x15,f24,f26","a5,fs8,fs10",
80001338,fcvt.wu.s,s9:00000000,,c0159cd3,3,"fcvt.wu.s	x25,f11","s9,fa1",
80001340,fsgnjx.s,fs4:473501cc,,20f52a53,3,"fsgnjx.s	f20,f10,f15","fs4,fa0,fa5",
80001344,fcvt.s.wu,ft2:3f800000,,d0167153,3,"fcvt.s.wu	f2,x12","ft2,a2",
80001348,fcvt.s.wu,fa6:00000000,,d01af853,3,"fcvt.s.wu	f16,x21","fa6,s5",
8000134c,fsgnjn.s,ft9:00000001,,213c1ed3,3,"fsgnjn.s	f29,f24,f19","ft9,fs8,fs3",
80001350,auipc,a7:e909f350,,6909e897,3,"auipc	x17,0x6909e","a7,0x6909e",
80001354,srli,t2:00000000,,000cd393,3,"srli	x7,x25,0x0","t2,s9,0x0",
80001358,fmax.s,fs4:00000000,,280e1a53,3,"fmax.s	f20,f28,f0","fs4,ft8,ft0",
8000135c,rem,s6:fffffcd0,,03a9eb33,3,"rem	x22,x19,x26","s6,s3,s10",
80001364,fdiv.s,ft1:80000000,,18da10d3,3,"fdiv.s	f1,f20,f13","ft1,fs4,fa3",
80001368,fadd.s,ft9:8054b637,,018caed3,3,"fadd.s	f29,f25,f24","ft9,fs9,fs8",
8000136c,fsqrt.s,ft0:7fc00000,,5806b053,3,"fsqrt.s	f0,f13","ft0,fa3",
80001370,remu,t3:80040fe4,,0204fe33,3,"remu	x28,x9,x0","t3,s1,zero",
80001374,fcvt.w.s,s10:00000000,,c007cd53,3,"fcvt.w.s	x26,f15","s10,fa5",
80001378,srl,ra:7fffffff,,00ca50b3,3,"srl	x1,x20,x12","ra,s4,a2",
8000137c,fmax.s,fa3:00000000,,29c396d3,3,"fmax.s	f13,f7,f28","fa3,ft7,ft8",
80001380,xori,a7:defcb43b,,43b14893,3,"xori	x17,x2,1083","a7,sp,1083",
80001384,fmv.x.w,a6:eeec3a55,,e00b0853,3,"fmv.x.w	x16,f22","a6,fs6",
80001388,flt.s,t4:00000001,,a1e21ed3,3,"flt.s	x29,f4,f30","t4,ft4,ft10",
8000138c,slti,s2:00000001,,47682913,3,"slti	x18,x16,1142","s2,a6,1142",
80001390,feq.s,t1:00000000,,a136a353,3,"feq.s	x6,f13,f19","t1,fa3,fs3",
80001394,or,gp:f7506410,,0185e1b3,3,"or	x3,x11,x24","gp,a1,s8",
80001398,feq.s,s8:00000000,,a0132c53,3,"feq.s	x24,f6,f1","s8,ft6,ft1",
8000139c,or,a2:00000001,,00cce633,3,"or	x12,x25,x12","a2,s9,a2",
800013a0,lui,s7:48aad000,,48aadbb7,3,"lui	x23,0x48aad","s7,0x48aad",
800013a4,andi,a3:00000000,,323bf693,3,"andi	x13,x23,803","a3,s7,803",
800013a8,fmv.x.w,t3:3f800000,,e0010e53,3,"fmv.x.w	x28,f2","t3,ft2",
800013ac,slli,s6:80000000,,01f21b13,3,"slli	x22,x4,0x1f","s6,tp,0x1f",
800013b0,divu,a6:ffffffff,,03fdd833,3,"divu	x16,x27,x31","a6,s11,t6",
800013b4,sll,s7:f7506410,,00659bb3,3,"sll	x23,x11,x6","s7,a1,t1",
800013b8,sra,s2:00000001,,40695933,3,"sra	x18,x18,x6","s2,s2,t1",
800013bc,fcvt.wu.s,s4:00000000,,c01e9a53,3,"fcvt.wu.s	x20,f29","s4,ft9",
800013c0,rem,tp:00000000,,03cae233,3,"rem	x4,x21,x28","tp,s5,t3",
800013c4,fcvt.s.w,fs8:4ec57fc7,,d00dac53,3,"fcvt.s.w	f24,x27","fs8,s11",
800013c8,fmv.x.w,s10:7fc00000,,e0028d53,3,"fmv.x.w	x26,f5","s10,ft5",
800013cc,sub,s4:c0800000,,41c00a33,3,"sub	x20,x0,x28","s4,zero,t3",
800013d0,srl,t4:00000000,,01125eb3,3,"srl	x29,x4,x17","t4,tp,a7",
800013d4,mul,a4:00000000,,03dd8733,3,"mul	x14,x27,x29","a4,s11,t4",
800013d8,flt.s,a5:00000000,,a0b417d3,3,"flt.s	x15,f8,f11","a5,fs0,fa1",
800013dc,slti,t3:00000001,,4ba7ae13,3,"slti	x28,x15,1210","t3,a5,1210",
800013e4,srli,sp:00000037,,01a9d113,3,"srli	x2,x19,0x1a","sp,s3,0x1a",
800013e8,srai,a2:00000000,,41225613,3,"srai	x12,x4,0x12","a2,tp,0x12",
800013ec,feq.s,s0:00000000,,a1842453,3,"feq.s	x8,f8,f24","s0,fs0,fs8",
800013f0,ori,a7:fffffa8e,,a8ea6893,3,"ori	x17,x20,-1394","a7,s4,-1394",
800013f4,fadd.s,ft9:abfb1000,,017e7ed3,3,"fadd.s	f29,f28,f23","ft9,ft8,fs7",
800013f8,fcvt.wu.s,s2:000004cc,,c0127953,3,"fcvt.wu.s	x18,f4","s2,ft4",
800013fc,fmin.s,fa1:8054b638,,299a85d3,3,"fmin.s	f11,f21,f25","fa1,fs5,fs9",
80001400,fdiv.s,fa7:3fb1387a,,1917f8d3,3,"fdiv.s	f17,f15,f17","fa7,fa5,fa7",
80001408,sub,a2:3f8004cc,,41490633,3,"sub	x12,x18,x20","a2,s2,s4",
8000140c,fmul.s,ft4:3f800000,,10212253,3,"fmul.s	f4,f2,f2","ft4,ft2,ft2",
80001410,and,s11:00000000,,0191fdb3,3,"and	x27,x3,x25","s11,gp,s9",
80001414,feq.s,ra:00000000,,a00620d3,3,"feq.s	x1,f12,f0","ra,fa2,ft0",
80001418,rem,a4:00000000,,032ce733,3,"rem	x14,x25,x18","a4,s9,s2",
8000141c,mul,a5:00000000,,025387b3,3,"mul	x15,x7,x5","a5,t2,t0",
80001420,slt,a4:00000000,,006e2733,3,"slt	x14,x28,x6","a4,t3,t1",
80001424,sll,s10:2dd72000,,00c51d33,3,"sll	x26,x10,x12","s10,a0,a2",
80001428,slti,a3:00000000,,e1bf2693,3,"slti	x13,x30,-485","a3,t5,-485",
8000142c,fsgnj.s,ft4:3fb1387a,,20588253,3,"fsgnj.s	f4,f17,f5","ft4,fa7,ft5",
80001430,fadd.s,fs8:8054b638,,0019fc53,3,"fadd.s	f24,f19,f1","fs8,fs3,ft1",
80001434,fsgnjn.s,fa7:80000000,,204818d3,3,"fsgnjn.s	f17,f16,f4","fa7,fa6,ft4",
80001438,divu,a6:00000000,,03a35833,3,"divu	x16,x6,x26","a6,t1,s10",
8000143c,fsqrt.s,fa4:00000000,,580a1753,3,"fsqrt.s	f14,f20","fa4,fs4",
80001440,auipc,s8:258e6440,,a58e5c17,3,"auipc	x24,0xa58e5","s8,0xa58e5",
80001444,fcvt.wu.s,a0:ffffffff,,c0107553,3,"fcvt.wu.s	x10,f0","a0,ft0",
80001448,slt,s0:00000000,,01152433,3,"slt	x8,x10,x17","s0,a0,a7",
8000144c,sll,t2:06410000,,00cb93b3,3,"sll	x7,x23,x12","t2,s7,a2",
80001450,lui,a7:f529a000,,f529a8b7,3,"lui	x17,0xf529a","a7,0xf529a",
80001454,rem,a7:258e6440,,02ec68b3,3,"rem	x17,x24,x14","a7,s8,a4",
80001458,addi,a5:defcb4ef,,4ee98793,3,"addi	x15,x19,1262","a5,s3,1262",
8000145c,addi,s0:00000319,,31968413,3,"addi	x8,x13,793","s0,a3,793",
80001460,fmv.x.w,a0:c73501cc,,e0038553,3,"fmv.x.w	x10,f7","a0,ft7",
80001464,srai,t6:04b1cc88,,4038df93,3,"srai	x31,x17,0x3","t6,a7,0x3",
8000146c,sub,s8:38cafe6b,,40a10c33,3,"sub	x24,x2,x10","s8,sp,a0",
80001470,sltiu,s3:00000000,,6263b993,3,"sltiu	x19,x7,1574","s3,t2,1574",
80001474,addi,tp:00000016,,b4a90213,3,"addi	x4,x18,-1206","tp,s2,-1206",
80001478,sub,s8:08af9bf0,,417c8c33,3,"sub	x24,x25,x23","s8,s9,s7",
8000147c,and,a6:00000000,,010cf833,3,"and	x16,x25,x16","a6,s9,a6",
80001480,auipc,a4:a87ea480,,287e9717,3,"auipc	x14,0x287e9","a4,0x287e9",
80001484,divu,s6:ffffffff,,035edb33,3,"divu	x22,x29,x21","s6,t4,s5",
80001488,fdiv.s,ft3:c6c70534,,184571d3,3,"fdiv.s	f3,f10,f4","ft3,fa0,ft4",
8000148c,fsgnjn.s,fs7:0054b638,,218c9bd3,3,"fsgnjn.s	f23,f25,f24","fs7,fs9,fs8",
80001490,rem,t2:00000319,,038463b3,3,"rem	x7,x8,x24","t2,s0,s8",
80001494,andi,s4:00000204,,20e4fa13,3,"andi	x20,x9,526","s4,s1,526",
80001498,and,t3:00000000,,01037e33,3,"and	x28,x6,x16","t3,t1,a6",
8000149c,fmin.s,fa4:c73501cc,,28a20753,3,"fmin.s	f14,f4,f10","fa4,ft4,fa0",
800014a0,fmv.w.x,fs5:00000000,,f0000ad3,3,"fmv.w.x	f21,x0","fs5,zero",
800014a4,div,s9:ffffffff,,03d6ccb3,3,"div	x25,x13,x29","s9,a3,t4",
800014a8,fcvt.w.s,s11:000004cc,,c00f8dd3,3,"fcvt.w.s	x27,f31","s11,ft11",
800014ac,sltiu,a4:00000001,,7ac13713,3,"sltiu	x14,x2,1964","a4,sp,1964",
800014b0,div,s5:00000001,,02a54ab3,3,"div	x21,x10,x10","s5,a0,a0",
800014b4,and,s11:00000319,,01e47db3,3,"and	x27,x8,x30","s11,s0,t5",
800014b8,srai,t6:00000000,,40c95f93,3,"srai	x31,x18,0xc","t6,s2,0xc",
800014bc,remu,a3:08af9bf0,,025c76b3,3,"remu	x13,x24,x5","a3,s8,t0",
800014c0,fmul.s,fs7:07ef95b8,,11938bd3,3,"fmul.s	f23,f7,f25","fs7,ft7,fs9",
800014c4,fclass.s,a3:00000004,,e00c96d3,3,"fclass.s	x13,f25","a3,fs9",
800014c8,srai,a3:00000000,,417fd693,3,"srai	x13,x31,0x17","a3,t6,0x17",
800014cc,ori,s6:fffffdef,,9687eb13,3,"ori	x22,x15,-1688","s6,a5,-1688",
800014d0,sll,a4:ffffffff,,01cf1733,3,"sll	x14,x30,x28","a4,t5,t3",
800014d4,fcvt.wu.s,s0:00000000,,c0190453,3,"fcvt.wu.s	x8,f18","s0,fs2",
800014d8,addi,a6:000005f2,,5f240813,3,"addi	x16,x8,1522","a6,s0,1522",
800014dc,addi,s0:00000195,,cc990413,3,"addi	x8,x18,-823","s0,s2,-823",
800014e0,fmul.s,fs11:00000000,,10109dd3,3,"fmul.s	f27,f1,f1","fs11,ft1,ft1",
800014e4,rem,a2:00000000,,03ec6633,3,"rem	x12,x24,x30","a2,s8,t5",
800014e8,add,gp:ffffffff,,01ee01b3,3,"add	x3,x28,x30","gp,t3,t5",
800014ec,and,s0:00000000,,001ff433,3,"and	x8,x31,x1","s0,t6,ra",
800014f0,fsqrt.s,fa5:80000000,,5800a7d3,3,"fsqrt.s	f15,f1","fa5,ft1",
800014f4,fsub.s,ft7:7fc00000,,09a833d3,3,"fsub.s	f7,f16,f26","ft7,fa6,fs10",
800014f8,sltu,t4:00000001,,00adbeb3,3,"sltu	x29,x27,x10","t4,s11,a0",
800014fc,srai,a7:fffffba8,,411bd893,3,"srai	x17,x23,0x11","a7,s7,0x11",
80001500,mulhu,a7:000004cb,,036938b3,3,"mulhu	x17,x18,x22","a7,s2,s6",
80001504,mulhu,t1:00000000,,02c5b333,3,"mulhu	x6,x11,x12","t1,a1,a2",
80001508,xori,t2:00000062,,063ec393,3,"xori	x7,x29,99","t2,t4,99",
8000150c,add,a3:2dd724cb,,01a886b3,3,"add	x13,x17,x26","a3,a7,s10",
80001510,fcvt.wu.s,t2:00000000,,c014b3d3,3,"fcvt.wu.s	x7,f9","t2,fs1",
80001514,srai,s10:00000000,,41815d13,3,"srai	x26,x2,0x18","s10,sp,0x18",
80001518,fcvt.wu.s,s8:00000000,,c01a7c53,3,"fcvt.wu.s	x24,f20","s8,fs4",
8000151c,fmin.s,fs5:3f800000,,282f8ad3,3,"fmin.s	f21,f31,f2","fs5,ft11,ft2",
80001520,addi,a4:000000cd,,c0190713,3,"addi	x14,x18,-1023","a4,s2,-1023",
80001524,mulh,a5:00000000,,029997b3,3,"mulh	x15,x19,x9","a5,s3,s1",
80001528,addi,s7:fffff8aa,,8aae0b93,3,"addi	x23,x28,-1878","s7,t3,-1878",
8000152c,fsgnj.s,fs0:00000000,,212e0453,3,"fsgnj.s	f8,f28,f18","fs0,ft8,fs2",
80001530,andi,a5:000005c3,,7c3b7793,3,"andi	x15,x22,1987","a5,s6,1987",
80001534,fsgnjn.s,fs10:ffc00000,,21501d53,3,"fsgnjn.s	f26,f0,f21","fs10,ft0,fs5",
80001538,fcvt.s.wu,fs2:3f800000,,d01e8953,3,"fcvt.s.wu	f18,x29","fs2,t4",
8000153c,mulhsu,s10:ffffffff,,0355ad33,3,"mulhsu	x26,x11,x21","s10,a1,s5",
80001540,rem,a7:00000000,,023f68b3,3,"rem	x17,x30,x3","a7,t5,gp",
80001544,srli,s11:00000000,,0128dd93,3,"srli	x27,x17,0x12","s11,a7,0x12",
80001548,srli,s7:00000000,,01c75b93,3,"srli	x23,x14,0x1c","s7,a4,0x1c",
8000154c,sll,a5:fffffdef,,013b17b3,3,"sll	x15,x22,x19","a5,s6,s3",
80001550,sltu,t6:00000000,,00483fb3,3,"sltu	x31,x16,x4","t6,a6,tp",
80001554,divu,s7:ffffffff,,0335dbb3,3,"divu	x23,x11,x19","s7,a1,s3",
80001558,fcvt.w.s,s10:00000000,,c0044d53,3,"fcvt.w.s	x26,f8","s10,fs0",
8000155c,fmax.s,ft8:00000000,,28d09e53,3,"fmax.s	f28,f1,f13","ft8,ft1,fa3",
80001560,mul,s10:00000000,,03ba0d33,3,"mul	x26,x20,x27","s10,s4,s11",
80001564,flt.s,sp:00000000,,a1839153,3,"flt.s	x2,f7,f24","sp,ft7,fs8",
8000156c,mulhu,gp:00000000,,0368b1b3,3,"mulhu	x3,x17,x22","gp,a7,s6",
80001570,fsqrt.s,fs10:7fc00000,,58029d53,3,"fsqrt.s	f26,f5","fs10,ft5",
80001574,slt,s0:00000000,,0116a433,3,"slt	x8,x13,x17","s0,a3,a7",
80001578,fsgnjx.s,ft9:0054b638,,2035aed3,3,"fsgnjx.s	f29,f11,f3","ft9,fa1,ft3",
8000157c,remu,a4:00000000,,03da7733,3,"remu	x14,x20,x29","a4,s4,t4",
80001580,srli,s9:00000000,,0058dc93,3,"srli	x25,x17,0x5","s9,a7,0x5",
80001584,fadd.s,fs9:3fb1387a,,00447cd3,3,"fadd.s	f25,f8,f4","fs9,fs0,ft4",
80001588,fdiv.s,fs4:beef2faf,,193e8a53,3,"fdiv.s	f20,f29,f19","fs4,ft9,fs3",
8000158c,add,s10:00000000,,01ea8d33,3,"add	x26,x21,x30","s10,s5,t5",
80001590,and,t6:00000000,,0149ffb3,3,"and	x31,x19,x20","t6,s3,s4",
80001594,or,a7:fffffdef,,00fce8b3,3,"or	x17,x25,x15","a7,s9,a5",
80001598,or,t1:fffffdff,,0115e333,3,"or	x6,x11,x17","t1,a1,a7",
8000159c,srli,a6:018e6a03,,00755813,3,"srli	x16,x10,0x7","a6,a0,0x7",
800015a0,srli,t4:00000000,,007c5e93,3,"srli	x29,x24,0x7","t4,s8,0x7",
800015a4,fle.s,s11:00000000,,a03c0dd3,3,"fle.s	x27,f24,f3","s11,fs8,ft3",
800015a8,feq.s,s6:00000000,,a12eab53,3,"feq.s	x22,f29,f18","s6,ft9,fs2",
800015ac,xori,a2:fffffcf6,,1198c613,3,"xori	x12,x17,281","a2,a7,281",
800015b0,fmv.x.w,a6:80000000,,e0088853,3,"fmv.x.w	x16,f17","a6,fa7",
800015b4,fsqrt.s,fs3:80000000,,580089d3,3,"fsqrt.s	f19,f1","fs3,ft1",
800015b8,mul,s3:00000000,,033d09b3,3,"mul	x19,x26,x19","s3,s10,s3",
800015bc,fcvt.wu.s,s11:00000000,,c017fdd3,3,"fcvt.wu.s	x27,f15","s11,fa5",
800015c4,fmax.s,fs2:00000000,,29b39953,3,"fmax.s	f18,f7,f27","fs2,ft7,fs11",
800015c8,fmv.w.x,fs8:00000000,,f0098c53,3,"fmv.w.x	f24,x19","fs8,s3",
800015cc,addi,s7:fffffb9f,,b9fe8b93,3,"addi	x23,x29,-1121","s7,t4,-1121",
800015d0,add,s10:2dd724cb,,00d70d33,3,"add	x26,x14,x13","s10,a4,a3",
800015d4,mulh,gp:00000000,,027511b3,3,"mulh	x3,x10,x7","gp,a0,t2",
800015d8,fsgnjx.s,ft3:c73501cc,,212721d3,3,"fsgnjx.s	f3,f14,f18","ft3,fa4,fs2",
800015dc,fcvt.wu.s,a5:ffffffff,,c013f7d3,3,"fcvt.wu.s	x15,f7","a5,ft7",
800015e0,slli,ra:ffffff80,,00779093,3,"slli	x1,x15,0x7","ra,a5,0x7",
800015e4,feq.s,a3:00000000,,a11b26d3,3,"feq.s	x13,f22,f17","a3,fs6,fa7",
800015e8,fsgnj.s,fs5:07ef95b8,,210b8ad3,3,"fsgnj.s	f21,f23,f16","fs5,fs7,fa6",
800015ec,sltu,a7:00000000,,015d38b3,3,"sltu	x17,x26,x21","a7,s10,s5",
800015f0,fmv.w.x,ft1:00000204,,f00a00d3,3,"fmv.w.x	f1,x20","ft1,s4",
800015f4,fsgnjx.s,fa2:00000000,,21ae2653,3,"fsgnjx.s	f12,f28,f26","fa2,ft8,fs10",
800015f8,mul,t4:00000000,,03e40eb3,3,"mul	x29,x8,x30","t4,s0,t5",
800015fc,flt.s,s5:00000001,,a02c1ad3,3,"flt.s	x21,f24,f2","s5,fs8,ft2",
80001600,ori,a0:00000261,,261ce513,3,"ori	x10,x25,609","a0,s9,609",
80001604,add,t1:fffffdff,,00230333,3,"add	x6,x6,x2","t1,t1,sp",
80001608,flt.s,gp:00000000,,a03491d3,3,"flt.s	x3,f9,f3","gp,fs1,ft3",
8000160c,fcvt.s.wu,fs2:44184000,,d0152953,3,"fcvt.s.wu	f18,x10","fs2,a0",
80001610,fsub.s,ft0:bf800000,,082dc053,3,"fsub.s	f0,f27,f2","ft0,fs11,ft2",
80001614,fcvt.wu.s,s10:00000000,,c017fd53,3,"fcvt.wu.s	x26,f15","s10,fa5",
80001618,fsgnjn.s,fa1:80000000,,215495d3,3,"fsgnjn.s	f11,f9,f21","fa1,fs1,fs5",
8000161c,fmin.s,ft5:7fc00000,,29a282d3,3,"fmin.s	f5,f5,f26","ft5,ft5,fs10",
80001620,flt.s,t1:00000000,,a0669353,3,"flt.s	x6,f13,f6","t1,fa3,ft6",
80001624,fle.s,s9:00000001,,a0de0cd3,3,"fle.s	x25,f28,f13","s9,ft8,fa3",
80001628,ori,t3:fffffcff,,cff66e13,3,"ori	x28,x12,-769","t3,a2,-769",
8000162c,add,s2:00000000,,00370933,3,"add	x18,x14,x3","s2,a4,gp",
80001630,divu,ra:00000000,,02b2d0b3,3,"divu	x1,x5,x11","ra,t0,a1",
80001634,fmul.s,fs3:80000000,,11c5a9d3,3,"fmul.s	f19,f11,f28","fs3,fa1,ft8",
80001638,mul,t6:00000000,,03258fb3,3,"mul	x31,x11,x18","t6,a1,s2",
8000163c,fmul.s,fa6:80000000,,11c73853,3,"fmul.s	f16,f14,f28","fa6,fa4,ft8",
80001640,mul,s7:00000000,,024e8bb3,3,"mul	x23,x29,x4","s7,t4,tp",
80001644,fsgnjx.s,ft11:00000000,,21e6afd3,3,"fsgnjx.s	f31,f13,f30","ft11,fa3,ft10",
80001648,div,s3:00000000,,029749b3,3,"div	x19,x14,x9","s3,a4,s1",
8000164c,fsgnjx.s,fs1:beef2faf,,20ca24d3,3,"fsgnjx.s	f9,f20,f12","fs1,fs4,fa2",
80001650,fadd.s,fs11:7fc00000,,01accdd3,3,"fadd.s	f27,f25,f26","fs11,fs9,fs10",
80001654,div,sp:ffffffff,,02d54133,3,"div	x2,x10,x13","sp,a0,a3",
80001658,xori,t2:08af9fb0,,ba05c393,3,"xori	x7,x11,-1120","t2,a1,-1120",
8000165c,ori,s8:fffffe98,,e989ec13,3,"ori	x24,x19,-360","s8,s3,-360",
80001660,fmul.s,ft5:00000000,,118412d3,3,"fmul.s	f5,f8,f24","ft5,fs0,fs8",
80001668,xor,s11:80041024,,0132cdb3,3,"xor	x27,x5,x19","s11,t0,s3",
8000166c,fdiv.s,ft1:80000000,,196ff0d3,3,"fdiv.s	f1,f31,f22","ft1,ft11,fs6",
80001670,fsgnjx.s,fa6:eeec3a55,,218b2853,3,"fsgnjx.s	f16,f22,f24","fa6,fs6,fs8",
80001674,fdiv.s,fa0:6703060d,,18eb1553,3,"fdiv.s	f10,f22,f14","fa0,fs6,fa4",
80001678,fcvt.s.w,fa5:00000000,,d009f7d3,3,"fcvt.s.w	f15,x19","fa5,s3",
8000167c,andi,a4:00000000,,783bf713,3,"andi	x14,x23,1923","a4,s7,1923",
80001680,and,tp:00000000,,016df233,3,"and	x4,x27,x22","tp,s11,s6",
80001684,fadd.s,ft5:80000000,,00be32d3,3,"fadd.s	f5,f28,f11","ft5,ft8,fa1",
80001688,fmin.s,fs10:07ef95b8,,287b8d53,3,"fmin.s	f26,f23,f7","fs10,fs7,ft7",
8000168c,divu,t5:00000000,,03435f33,3,"divu	x30,x6,x20","t5,t1,s4",
80001690,addi,s7:800415ae,,58a28b93,3,"addi	x23,x5,1418","s7,t0,1418",
80001694,fmv.w.x,ft3:00000000,,f00301d3,3,"fmv.w.x	f3,x6","ft3,t1",
80001698,fcvt.w.s,s0:00000000,,c0063453,3,"fcvt.w.s	x8,f12","s0,fa2",
800016a4,fmin.s,fa6:00000000,,297f8853,3,"fmin.s	f16,f31,f23","fa6,ft11,fs7",
800016a8,or,tp:00000261,,01356233,3,"or	x4,x10,x19","tp,a0,s3",
800016ac,or,gp:fffffcff,,01de61b3,3,"or	x3,x28,x29","gp,t3,t4",
800016b0,fsgnjn.s,ft2:80000000,,21969153,3,"fsgnjn.s	f2,f13,f25","ft2,fa3,fs9",
800016b8,ori,tp:fffffd7d,,d7d46213,3,"ori	x4,x8,-643","tp,s0,-643",
800016bc,fcvt.wu.s,a0:00000000,,c0187553,3,"fcvt.wu.s	x10,f16","a0,fa6",
800016c0,fsqrt.s,fa6:7fc00000,,5804b853,3,"fsqrt.s	f16,f9","fa6,fs1",
800016c4,divu,t1:00000000,,037dd333,3,"divu	x6,x27,x23","t1,s11,s7",
800016c8,feq.s,a0:00000000,,a07ca553,3,"feq.s	x10,f25,f7","a0,fs9,ft7",
800016cc,fdiv.s,fa1:7f800000,,197535d3,3,"fdiv.s	f11,f10,f23","fa1,fa0,fs7",
800016d0,fcvt.s.wu,ft6:4f7ffffd,,d0127353,3,"fcvt.s.wu	f6,x4","ft6,tp",
800016d4,mul,a4:fffffdfc,,022a0733,3,"mul	x14,x20,x2","a4,s4,sp",
800016d8,lui,a4:884b5000,,884b5737,3,"lui	x14,0x884b5","a4,0x884b5",
800016dc,sltu,s7:00000001,,014abbb3,3,"sltu	x23,x21,x20","s7,s5,s4",
800016e0,srli,a6:40020812,,001dd813,3,"srli	x16,x27,0x1","a6,s11,0x1",
800016e4,mulhsu,s9:00000000,,03a92cb3,3,"mulhsu	x25,x18,x26","s9,s2,s10",
800016e8,sub,s9:00000001,,411a8cb3,3,"sub	x25,x21,x17","s9,s5,a7",
800016ec,andi,sp:fffffc46,,c4617113,3,"andi	x2,x2,-954","sp,sp,-954",
800016f0,flt.s,s7:00000000,,a0631bd3,3,"flt.s	x23,f6,f6","s7,ft6,ft6",
800016f4,or,a3:00000000,,006066b3,3,"or	x13,x0,x6","a3,zero,t1",
800016f8,fsub.s,fs1:e703060d,,08a1f4d3,3,"fsub.s	f9,f3,f10","fs1,ft3,fa0",
80001700,fcvt.wu.s,s8:00000001,,c0127c53,3,"fcvt.wu.s	x24,f4","s8,ft4",
80001704,and,s7:00000000,,017efbb3,3,"and	x23,x29,x23","s7,t4,s7",
80001708,mulhsu,s2:00000011,,027a2933,3,"mulhsu	x18,x20,x7","s2,s4,t2",
8000170c,or,a0:80041024,,01ade533,3,"or	x10,x27,x26","a0,s11,s10",
80001710,fsgnj.s,fa6:00000000,,21df8853,3,"fsgnj.s	f16,f31,f29","fa6,ft11,ft9",
80001714,fsgnjn.s,ft4:87ef95b8,,20da9253,3,"fsgnjn.s	f4,f21,f13","ft4,fs5,fa3",
80001718,fmv.x.w,a4:07ef95b8,,e00a8753,3,"fmv.x.w	x14,f21","a4,fs5",
8000171c,mul,a7:00000000,,03ea08b3,3,"mul	x17,x20,x30","a7,s4,t5",
80001720,mulhsu,gp:00000000,,023fa1b3,3,"mulhsu	x3,x31,x3","gp,t6,gp",
80001724,fsgnj.s,ft11:80000000,,20208fd3,3,"fsgnj.s	f31,f1,f2","ft11,ft1,ft2",
80001728,fcvt.w.s,tp:ffff4afe,,c0072253,3,"fcvt.w.s	x4,f14","tp,fa4",
8000172c,sltiu,s10:00000000,,1115bd13,3,"sltiu	x26,x11,273","s10,a1,273",
80001730,remu,sp:00000000,,03b1f133,3,"remu	x2,x3,x27","sp,gp,s11",
80001734,lui,s11:8c46c000,,8c46cdb7,3,"lui	x27,0x8c46c","s11,0x8c46c",
80001738,remu,t4:00000001,,02ac7eb3,3,"remu	x29,x24,x10","t4,s8,a0",
8000173c,fsgnj.s,fa1:00000000,,20d805d3,3,"fsgnj.s	f11,f16,f13","fa1,fa6,fa3",
80001740,addi,t4:08afa654,,6a438e93,3,"addi	x29,x7,1700","t4,t2,1700",
80001744,fcvt.wu.s,tp:00000000,,c014a253,3,"fcvt.wu.s	x4,f9","tp,fs1",
80001748,mulh,tp:00000000,,032f9233,3,"mulh	x4,x31,x18","tp,t6,s2",
8000174c,fsgnjx.s,fs2:6703060d,,20f52953,3,"fsgnjx.s	f18,f10,f15","fs2,fa0,fa5",
80001750,fcvt.wu.s,sp:00000001,,c0104153,3,"fcvt.wu.s	x2,f0","sp,ft0",
80001754,fmul.s,fa3:00000000,,11f4b6d3,3,"fmul.s	f13,f9,f31","fa3,fs1,ft11",
80001758,feq.s,s4:00000001,,a0d12a53,3,"feq.s	x20,f2,f13","s4,ft2,fa3",
8000175c,feq.s,a5:00000000,,a1d4a7d3,3,"feq.s	x15,f9,f29","a5,fs1,ft9",
80001760,flt.s,s7:00000000,,a1191bd3,3,"flt.s	x23,f18,f17","s7,fs2,fa7",
80001764,sll,tp:00000001,,001a1233,3,"sll	x4,x20,x1","tp,s4,ra",
80001768,fmv.w.x,fs3:00000000,,f00089d3,3,"fmv.w.x	f19,x1","fs3,ra",
8000176c,auipc,tp:2025c76c,,a025b217,3,"auipc	x4,0xa025b","tp,0xa025b",
80001770,fsgnjn.s,ft3:cefff7e0,,208f11d3,3,"fsgnjn.s	f3,f30,f8","ft3,ft10,fs0",
80001774,fmv.x.w,t1:cefff7e0,,e0018353,3,"fmv.x.w	x6,f3","t1,ft3",
80001778,xori,t4:bffdf473,,c6184e93,3,"xori	x29,x16,-927","t4,a6,-927",
8000177c,add,t5:80041025,,00510f33,3,"add	x30,x2,x5","t5,sp,t0",
80001780,fsgnjx.s,fs6:6703060d,,20e4ab53,3,"fsgnjx.s	f22,f9,f14","fs6,fs1,fa4",
80001784,fsgnjx.s,ft7:07ef95b8,,20e223d3,3,"fsgnjx.s	f7,f4,f14","ft7,ft4,fa4",
80001788,and,s10:00000000,,013f7d33,3,"and	x26,x30,x19","s10,t5,s3",
8000178c,add,a5:00000000,,016007b3,3,"add	x15,x0,x22","a5,zero,s6",
80001790,fcvt.s.wu,fs0:00000000,,d01d7453,3,"fcvt.s.wu	f8,x26","fs0,s10",
80001794,addi,s7:fffff814,,81418b93,3,"addi	x23,x3,-2028","s7,gp,-2028",
80001798,and,s5:00000000,,0067fab3,3,"and	x21,x15,x6","s5,a5,t1",
8000179c,mulhu,a3:00000000,,036b36b3,3,"mulhu	x13,x22,x22","a3,s6,s6",
800017a0,add,t6:00000000,,00d98fb3,3,"add	x31,x19,x13","t6,s3,a3",
800017a4,addi,t1:00000307,,307f8313,3,"addi	x6,x31,775","t1,t6,775",
800017a8,auipc,t2:23fd97a8,,a3fd8397,3,"auipc	x7,0xa3fd8","t2,0xa3fd8",
800017ac,andi,gp:00000348,,35b27193,3,"andi	x3,x4,859","gp,tp,859",
800017b0,rem,a4:00000000,,0391e733,3,"rem	x14,x3,x25","a4,gp,s9",
800017b4,fdiv.s,ft6:7fc00000,,1938f353,3,"fdiv.s	f6,f17,f19","ft6,fa7,fs3",
800017b8,fsgnjx.s,fs11:ffc00000,,20032dd3,3,"fsgnjx.s	f27,f6,f0","fs11,ft6,ft0",
800017bc,fsgnjx.s,fs3:00000000,,204129d3,3,"fsgnjx.s	f19,f2,f4","fs3,ft2,ft4",
800017c0,xor,s11:08af9c04,,0175cdb3,3,"xor	x27,x11,x23","s11,a1,s7",
800017c4,fsgnj.s,fs4:6703060d,,21548a53,3,"fsgnj.s	f20,f9,f21","fs4,fs1,fs5",
800017c8,slti,a3:00000000,,99d0a693,3,"slti	x13,x1,-1635","a3,ra,-1635",
800017cc,srai,ra:00000000,,41fc5093,3,"srai	x1,x24,0x1f","ra,s8,0x1f",
800017d0,fcvt.wu.s,s10:00000000,,c01bbd53,3,"fcvt.wu.s	x26,f23","s10,fs7",
800017d4,xor,tp:00000001,,008cc233,3,"xor	x4,x25,x8","tp,s9,s0",
800017d8,fcvt.s.w,fs3:4441c000,,d00309d3,3,"fcvt.s.w	f19,x6","fs3,t1",
800017dc,fmin.s,ft4:c73501cc,,28ec8253,3,"fmin.s	f4,f25,f14","ft4,fs9,fa4",
800017e4,srl,ra:00000000,,00fb50b3,3,"srl	x1,x22,x15","ra,s6,a5",
800017e8,ori,ra:fffff8af,,8aaf6093,3,"ori	x1,x30,-1878","ra,t5,-1878",
800017ec,lui,a4:8b3f9000,,8b3f9737,3,"lui	x14,0x8b3f9","a4,0x8b3f9",
800017f0,flt.s,t4:00000000,,a1b69ed3,3,"flt.s	x29,f13,f27","t4,fa3,fs11",
800017f4,rem,a4:8b3f9000,,02576733,3,"rem	x14,x14,x5","a4,a4,t0",
800017f8,ori,s2:00000298,,29846913,3,"ori	x18,x8,664","s2,s0,664",
800017fc,feq.s,t5:00000001,,a1ad2f53,3,"feq.s	x30,f26,f26","t5,fs10,fs10",
80001800,lui,t5:6bf59000,,6bf59f37,3,"lui	x30,0x6bf59","t5,0x6bf59",
80001804,fcvt.s.w,fa7:c4ea2000,,d000f8d3,3,"fcvt.s.w	f17,x1","fa7,ra",
80001808,remu,s7:00000000,,022dfbb3,3,"remu	x23,x27,x2","s7,s11,sp",
80001810,mul,s5:2cdd8000,,03270ab3,3,"mul	x21,x14,x18","s5,a4,s2",
80001814,auipc,s2:5418d814,,d418c917,3,"auipc	x18,0xd418c","s2,0xd418c",
80001818,or,s11:00000000,,016eedb3,3,"or	x27,x29,x22","s11,t4,s6",
8000181c,div,a0:00000000,,02994533,3,"div	x10,x18,x9","a0,s2,s1",
80001820,fclass.s,t1:00000002,,e0071353,3,"fclass.s	x6,f14","t1,fa4",
80001824,fdiv.s,fs10:0783b6bd,,199d2d53,3,"fdiv.s	f26,f26,f25","fs10,fs10,fs9",
80001828,fsgnj.s,fs3:e703060d,,201b09d3,3,"fsgnj.s	f19,f22,f1","fs3,fs6,ft1",
8000182c,xori,s11:fffff8c6,,43064d93,3,"xori	x27,x12,1072","s11,a2,1072",
80001830,fsub.s,fs1:c4ea2000,,0988f4d3,3,"fsub.s	f9,f17,f24","fs1,fa7,fs8",
80001834,fclass.s,a5:00000010,,e00697d3,3,"fclass.s	x15,f13","a5,fa3",
80001838,sltu,t2:00000000,,013bb3b3,3,"sltu	x7,x23,x19","t2,s7,s3",
8000183c,fmax.s,ft4:0783b6bd,,285d1253,3,"fmax.s	f4,f26,f5","ft4,fs10,ft5",
80001840,fle.s,a7:00000001,,a07588d3,3,"fle.s	x17,f11,f7","a7,fa1,ft7",
80001844,xori,s6:abe72056,,84294b13,3,"xori	x22,x18,-1982","s6,s2,-1982",
8000184c,mulhsu,a3:ffffffff,,026e26b3,3,"mulhsu	x13,x28,x6","a3,t3,t1",
80001850,sltiu,a0:00000001,,391bb513,3,"sltiu	x10,x23,913","a0,s7,913",
80001854,addi,s10:00000365,,36450d13,3,"addi	x26,x10,868","s10,a0,868",
80001858,and,s4:00000000,,011ffa33,3,"and	x20,x31,x17","s4,t6,a7",
8000185c,mulhsu,s11:00000000,,03f52db3,3,"mulhsu	x27,x10,x31","s11,a0,t6",
80001860,fsgnjx.s,ft3:00000000,,212e21d3,3,"fsgnjx.s	f3,f28,f18","ft3,ft8,fs2",
80001868,sub,t4:940a7001,,41ec0eb3,3,"sub	x29,x24,x30","t4,s8,t5",
8000186c,fsgnj.s,fs0:e703060d,,20050453,3,"fsgnj.s	f8,f10,f0","fs0,fa0,ft0",
80001870,fsub.s,fa7:e703060d,,094828d3,3,"fsub.s	f17,f16,f20","fa7,fa6,fs4",
80001874,fmul.s,fs1:00000000,,1036b4d3,3,"fmul.s	f9,f13,f3","fs1,fa3,ft3",
80001878,feq.s,t5:00000000,,a163af53,3,"feq.s	x30,f7,f22","t5,ft7,fs6",
8000187c,andi,a4:00000000,,c75df713,3,"andi	x14,x27,-907","a4,s11,-907",
80001880,auipc,sp:44976880,,c4975117,3,"auipc	x2,0xc4975","sp,0xc4975",
80001884,fdiv.s,ft3:7fc00000,,18f5f1d3,3,"fdiv.s	f3,f11,f15","ft3,fa1,fa5",
80001888,fsgnjn.s,fa1:80000000,,204695d3,3,"fsgnjn.s	f11,f13,f4","fa1,fa3,ft4",
8000188c,mulh,a6:00000000,,023b9833,3,"mulh	x16,x23,x3","a6,s7,gp",
80001890,mulhsu,t1:00000000,,0378a333,3,"mulhsu	x6,x17,x23","t1,a7,s7",
80001894,mulhu,gp:00000000,,03efb1b3,3,"mulhu	x3,x31,x30","gp,t6,t5",
80001898,div,a4:00000000,,02f6c733,3,"div	x14,x13,x15","a4,a3,a5",
8000189c,or,s0:44976890,,00f16433,3,"or	x8,x2,x15","s0,sp,a5",
800018a0,mul,ra:00000000,,03a380b3,3,"mul	x1,x7,x26","ra,t2,s10",
800018a4,srli,a2:00004497,,01015613,3,"srli	x12,x2,0x10","a2,sp,0x10",
800018ac,fsub.s,ft6:e783060d,,08a47353,3,"fsub.s	f6,f8,f10","ft6,fs0,fa0",
800018b0,sltu,t2:00000001,,0158b3b3,3,"sltu	x7,x17,x21","t2,a7,s5",
800018b4,mulh,a0:e45fad4b,,032b1533,3,"mulh	x10,x22,x18","a0,s6,s2",
800018b8,fsqrt.s,ft3:00000000,,5806f1d3,3,"fsqrt.s	f3,f13","ft3,fa3",
800018bc,fcvt.w.s,s5:00000000,,c0022ad3,3,"fcvt.w.s	x21,f4","s5,ft4",
800018c0,slti,a6:00000000,,8e882813,3,"slti	x16,x16,-1816","a6,a6,-1816",
800018c4,fle.s,a3:00000001,,a1e806d3,3,"fle.s	x13,f16,f30","a3,fa6,ft10",
800018c8,xor,a6:a0c8c5cb,,00a14833,3,"xor	x16,x2,x10","a6,sp,a0",
800018d4,mul,s10:00000000,,02398d33,3,"mul	x26,x19,x3","s10,s3,gp",
800018d8,and,t4:00000000,,009bfeb3,3,"and	x29,x23,x9","t4,s7,s1",
800018dc,fcvt.w.s,s8:00000000,,c00e0c53,3,"fcvt.w.s	x24,f28","s8,ft8",
800018e0,srai,s3:00000000,,4150d993,3,"srai	x19,x1,0x15","s3,ra,0x15",
800018e4,ori,t1:00000259,,2590e313,3,"ori	x6,x1,601","t1,ra,601",
800018e8,slt,s11:00000000,,00462db3,3,"slt	x27,x12,x4","s11,a2,tp",
800018ec,fsgnjn.s,fa6:6703060d,,21fb1853,3,"fsgnjn.s	f16,f22,f31","fa6,fs6,ft11",
800018f0,srli,s11:f7506410,,0005dd93,3,"srli	x27,x11,0x0","s11,a1,0x0",
800018f4,fsgnjx.s,fa5:00000000,,2071a7d3,3,"fsgnjx.s	f15,f3,f7","fa5,ft3,ft7",
800018f8,rem,s9:00000001,,02e3ecb3,3,"rem	x25,x7,x14","s9,t2,a4",
800018fc,mulhsu,sp:f8991330,,02252133,3,"mulhsu	x2,x10,x2","sp,a0,sp",
80001900,or,s2:44976890,,00f46933,3,"or	x18,x8,x15","s2,s0,a5",
80001904,mulhsu,t2:00000000,,023923b3,3,"mulhsu	x7,x18,x3","t2,s2,gp",
80001908,fmax.s,ft1:4efff7e0,,295f10d3,3,"fmax.s	f1,f30,f21","ft1,ft10,fs5",
8000190c,auipc,t4:34ae890c,,b4ae7e97,3,"auipc	x29,0xb4ae7","t4,0xb4ae7",
80001910,fmv.w.x,fs8:00000001,,f0020c53,3,"fmv.w.x	f24,x4","fs8,tp",
80001914,sub,s5:08af9bf0,,40bf0ab3,3,"sub	x21,x30,x11","s5,t5,a1",
80001918,andi,s3:00000190,,591af993,3,"andi	x19,x21,1425","s3,s5,1425",
8000191c,fmul.s,fs9:00000000,,11f8bcd3,3,"fmul.s	f25,f17,f31","fs9,fa7,ft11",
80001920,srli,t3:00000000,,016fde13,3,"srli	x28,x31,0x16","t3,t6,0x16",
80001924,fmv.w.x,ft1:00000000,,f00f00d3,3,"fmv.w.x	f1,x30","ft1,t5",
80001928,mulh,tp:00000000,,03f09233,3,"mulh	x4,x1,x31","tp,ra,t6",
8000192c,srl,s3:00000008,,00d7d9b3,3,"srl	x19,x15,x13","s3,a5,a3",
80001930,sra,ra:00000000,,412650b3,3,"sra	x1,x12,x18","ra,a2,s2",
80001934,sltu,a6:00000000,,0185b833,3,"sltu	x16,x11,x24","a6,a1,s8",
80001938,auipc,sp:bf7a3938,,3f7a2117,3,"auipc	x2,0x3f7a2","sp,0x3f7a2",
8000193c,fcvt.wu.s,ra:00000000,,c01410d3,3,"fcvt.wu.s	x1,f8","ra,fs0",
80001940,xori,s0:0000471a,,38d64413,3,"xori	x8,x12,909","s0,a2,909",
80001944,fadd.s,fs10:4efff7e0,,01eafd53,3,"fadd.s	f26,f21,f30","fs10,fs5,ft10",
80001948,fsgnj.s,ft7:4efff7e0,,214d03d3,3,"fsgnj.s	f7,f26,f20","ft7,fs10,fs4",
8000194c,fmv.x.w,t3:4efff7e0,,e0038e53,3,"fmv.x.w	x28,f7","t3,ft7",
80001950,fdiv.s,ft8:00000000,,191ffe53,3,"fdiv.s	f28,f31,f17","ft8,ft11,fa7",
80001958,slti,s8:00000000,,cfee2c13,3,"slti	x24,x28,-770","s8,t3,-770",
8000195c,mulhu,a0:067f2af9,,022ab533,3,"mulhu	x10,x21,x2","a0,s5,sp",
80001960,fcvt.w.s,s3:00000000,,c00af9d3,3,"fcvt.w.s	x19,f21","s3,fs5",
80001964,fcvt.wu.s,tp:00000000,,c018f253,3,"fcvt.wu.s	x4,f17","tp,fa7",
80001968,srai,s11:fffffc00,,4154dd93,3,"srai	x27,x9,0x15","s11,s1,0x15",
8000196c,fcvt.s.wu,fa0:00000000,,d0123553,3,"fcvt.s.wu	f10,x4","fa0,tp",
80001970,fsgnj.s,ft2:473501cc,,21c70153,3,"fsgnj.s	f2,f14,f28","ft2,fa4,ft8",
80001974,sub,t4:0000000f,,41978eb3,3,"sub	x29,x15,x25","t4,a5,s9",
80001978,divu,a2:ffffffff,,03a85633,3,"divu	x12,x16,x26","a2,a6,s10",
8000197c,xor,s0:00000000,,013c4433,3,"xor	x8,x24,x19","s0,s8,s3",
80001980,fdiv.s,fs10:00000000,,1947fd53,3,"fdiv.s	f26,f15,f20","fs10,fa5,fs4",
80001984,flt.s,t4:00000001,,a0e31ed3,3,"flt.s	x29,f6,f14","t4,ft6,fa4",
80001988,add,t3:00000002,,01d88e33,3,"add	x28,x17,x29","t3,a7,t4",
8000198c,or,s4:00000000,,01e06a33,3,"or	x20,x0,x30","s4,zero,t5",
80001990,divu,s9:00000000,,02ccdcb3,3,"divu	x25,x25,x12","s9,s9,a2",
80001994,add,a2:00000001,,018e8633,3,"add	x12,x29,x24","a2,t4,s8",
80001998,fsgnjn.s,ft0:3f800000,,20001053,3,"fsgnjn.s	f0,f0,f0","ft0,ft0,ft0",
8000199c,fsqrt.s,fs0:473501cc,,5803b453,3,"fsqrt.s	f8,f7","fs0,ft7",
800019a0,mulhsu,a0:00000000,,0248a533,3,"mulhsu	x10,x17,x4","a0,a7,tp",
800019a8,fmul.s,ft9:80000000,,105b4ed3,3,"fmul.s	f29,f22,f5","ft9,fs6,ft5",
800019ac,andi,s9:00000000,,a008fc93,3,"andi	x25,x17,-1536","s9,a7,-1536",
800019b0,slli,s8:76890000,,00c91c13,3,"slli	x24,x18,0xc","s8,s2,0xc",
800019b8,flt.s,t6:00000000,,a0e19fd3,3,"flt.s	x31,f3,f14","t6,ft3,fa4",
800019bc,srl,t4:00000010,,0007deb3,3,"srl	x29,x15,x0","t4,a5,zero",
800019c0,add,t2:80041024,,005203b3,3,"add	x7,x4,x5","t2,tp,t0",
800019c4,fcvt.w.s,a5:00000000,,c00697d3,3,"fcvt.w.s	x15,f13","a5,fa3",
800019c8,srli,s6:00080040,,00c4db13,3,"srli	x22,x9,0xc","s6,s1,0xc",
800019cc,mulhu,a6:00000000,,037d3833,3,"mulhu	x16,x26,x23","a6,s10,s7",
800019d0,fadd.s,ft8:00000001,,018f9e53,3,"fadd.s	f28,f31,f24","ft8,ft11,fs8",
800019d4,sltu,a3:00000000,,013636b3,3,"sltu	x13,x12,x19","a3,a2,s3",
800019d8,divu,a6:ffffffff,,028fd833,3,"divu	x16,x31,x8","a6,t6,s0",
800019dc,fmul.s,ft4:5e7fefc1,,107f3253,3,"fmul.s	f4,f30,f7","ft4,ft10,ft7",
800019e0,sra,s3:f7506410,,40d5d9b3,3,"sra	x19,x11,x13","s3,a1,a3",
800019ec,fsgnjx.s,fs10:bf800000,,20602d53,3,"fsgnjx.s	f26,f0,f6","fs10,ft0,ft6",
800019f0,fsub.s,fs5:6703060d,,08ea7ad3,3,"fsub.s	f21,f20,f14","fs5,fs4,fa4",
800019f4,fsgnjx.s,fs2:e783060d,,21732953,3,"fsgnjx.s	f18,f6,f23","fs2,ft6,fs7",
800019f8,sll,t4:00000000,,01049eb3,3,"sll	x29,x9,x16","t4,s1,a6",
800019fc,fcvt.s.w,fa5:44164000,,d00377d3,3,"fcvt.s.w	f15,x6","fa5,t1",
80001a00,fle.s,t3:00000001,,a1c90e53,3,"fle.s	x28,f18,f28","t3,fs2,ft8",
80001a04,sra,t4:00000000,,41c7deb3,3,"sra	x29,x15,x28","t4,a5,t3",
80001a08,sll,t5:02590000,,01531f33,3,"sll	x30,x6,x21","t5,t1,s5",
80001a0c,fcvt.wu.s,t4:00000000,,c014ced3,3,"fcvt.wu.s	x29,f9","t4,fs1",
80001a10,fdiv.s,ft1:00000000,,180570d3,3,"fdiv.s	f1,f10,f0","ft1,fa0,ft0",
80001a14,sra,s6:00000000,,40425b33,3,"sra	x22,x4,x4","s6,tp,tp",
80001a18,mulhsu,t3:00000000,,037f2e33,3,"mulhsu	x28,x30,x23","t3,t5,s7",
80001a1c,fle.s,s8:00000001,,a0150c53,3,"fle.s	x24,f10,f1","s8,fa0,ft1",
80001a20,lui,t6:cbf95000,,cbf95fb7,3,"lui	x31,0xcbf95","t6,0xcbf95",
80001a24,srai,a7:ffffffff,,41a85893,3,"srai	x17,x16,0x1a","a7,a6,0x1a",
80001a28,fmul.s,fs3:6703060d,,100a99d3,3,"fmul.s	f19,f21,f0","fs3,fs5,ft0",
80001a2c,fmul.s,fs4:00000000,,11f91a53,3,"fmul.s	f20,f18,f31","fs4,fs2,ft11",
80001a30,lui,a3:663eb000,,663eb6b7,3,"lui	x13,0x663eb","a3,0x663eb",
80001a34,srai,s4:00000000,,41875a13,3,"srai	x20,x14,0x18","s4,a4,0x18",
80001a3c,mul,s6:00000000,,036f0b33,3,"mul	x22,x30,x22","s6,t5,s6",
80001a40,fsgnj.s,fa4:c4164000,,20578753,3,"fsgnj.s	f14,f15,f5","fa4,fa5,ft5",
80001a44,feq.s,s4:00000001,,a0952a53,3,"feq.s	x20,f10,f9","s4,fa0,fs1",
80001a48,slti,t2:00000001,,47a62393,3,"slti	x7,x12,1146","t2,a2,1146",
80001a4c,lui,a2:f4a40000,,f4a40637,3,"lui	x12,0xf4a40","a2,0xf4a40",
80001a50,slti,s11:00000001,,33dd2d93,3,"slti	x27,x26,829","s11,s10,829",
80001a54,fadd.s,ft5:4efff7e0,,01df02d3,3,"fadd.s	f5,f30,f29","ft5,ft10,ft9",
80001a5c,sra,s8:00000000,,407c5c33,3,"sra	x24,x24,x7","s8,s8,t2",
80001a60,fmv.x.w,s9:e703060d,,e0088cd3,3,"fmv.x.w	x25,f17","s9,fa7",
80001a64,fcvt.s.w,fa0:cd0af9bf,,d0099553,3,"fcvt.s.w	f10,x19","fa0,s3",
80001a68,div,s0:ffffffff,,02ffc433,3,"div	x8,x31,x15","s0,t6,a5",
80001a6c,srli,s8:00000000,,0130dc13,3,"srli	x24,x1,0x13","s8,ra,0x13",
80001a70,auipc,s4:0ff76a70,,8ff75a17,3,"auipc	x20,0x8ff75","s4,0x8ff75",
80001a74,sra,s0:ffffffff,,41c45433,3,"sra	x8,x8,x28","s0,s0,t3",
80001a78,fadd.s,fs10:e703060d,,0078fd53,3,"fadd.s	f26,f17,f7","fs10,fa7,ft7",
80001a7c,xor,a6:00000000,,00054833,3,"xor	x16,x10,x0","a6,a0,zero",
80001a80,sra,ra:00000000,,410b50b3,3,"sra	x1,x22,x16","ra,s6,a6",
80001a84,sltiu,t4:00000001,,bc4e3e93,3,"sltiu	x29,x28,-1084","t4,t3,-1084",
80001a88,srai,a2:ffffffbf,,41815613,3,"srai	x12,x2,0x18","a2,sp,0x18",
80001a8c,rem,s4:00000000,,03a7ea33,3,"rem	x20,x15,x26","s4,a5,s10",
80001a90,sltiu,a3:00000001,,a641b693,3,"sltiu	x13,x3,-1436","a3,gp,-1436",
80001a94,xori,s8:bf7a3c9c,,5a414c13,3,"xori	x24,x2,1444","s8,sp,1444",
80001a98,fsqrt.s,fa7:41547bb0,,5807c8d3,3,"fsqrt.s	f17,f15","fa7,fa5",
80001aa0,fmul.s,fs1:f68301e4,,11a394d3,3,"fmul.s	f9,f7,f26","fs1,ft7,fs10",
80001aa4,remu,a7:00000000,,0367f8b3,3,"remu	x17,x15,x22","a7,a5,s6",
80001aa8,mul,s10:00000000,,02468d33,3,"mul	x26,x13,x4","s10,a3,tp",
80001aac,div,a6:ffffffff,,03c2c833,3,"div	x16,x5,x28","a6,t0,t3",
80001ab0,fmv.w.x,ft4:00000000,,f00d0253,3,"fmv.w.x	f4,x26","ft4,s10",
80001ab4,slt,ra:00000000,,0101a0b3,3,"slt	x1,x3,x16","ra,gp,a6",
80001ab8,lui,t1:3d87e000,,3d87e337,3,"lui	x6,0x3d87e","t1,0x3d87e",
80001abc,sltiu,s8:00000001,,dc013c13,3,"sltiu	x24,x2,-576","s8,sp,-576",
80001ac0,fsgnj.s,ft3:00000001,,211c01d3,3,"fsgnj.s	f3,f24,f17","ft3,fs8,fa7",
80001ac4,fmv.x.w,ra:07ef95b8,,e00b80d3,3,"fmv.x.w	x1,f23","ra,fs7",
80001ac8,slt,t1:00000001,,0153a333,3,"slt	x6,x7,x21","t1,t2,s5",
80001acc,sltu,s4:00000000,,0167ba33,3,"sltu	x20,x15,x22","s4,a5,s6",
80001ad0,flt.s,s4:00000000,,a1a89a53,3,"flt.s	x20,f17,f26","s4,fa7,fs10",
80001ad4,addi,t3:fffffbd1,,bd120e13,3,"addi	x28,x4,-1071","t3,tp,-1071",
80001ad8,sra,t3:00000000,,402b5e33,3,"sra	x28,x22,x2","t3,s6,sp",
80001adc,fsgnjx.s,fs11:87ef95b8,,21abadd3,3,"fsgnjx.s	f27,f23,f26","fs11,fs7,fs10",
80001ae0,fsgnjx.s,fa0:80000000,,21a62553,3,"fsgnjx.s	f10,f12,f26","fa0,fa2,fs10",
80001ae4,andi,tp:07ef9130,,9350f213,3,"andi	x4,x1,-1739","tp,ra,-1739",
80001ae8,sub,s0:00000002,,408d8433,3,"sub	x8,x27,x8","s0,s11,s0",
80001af0,fcvt.wu.s,t6:0000b501,,c0147fd3,3,"fcvt.wu.s	x31,f8","t6,fs0",
80001af4,mul,a0:00000000,,02a98533,3,"mul	x10,x19,x10","a0,s3,a0",
80001af8,fadd.s,fs11:6703060d,,008b7dd3,3,"fadd.s	f27,f22,f8","fs11,fs6,fs0",
80001afc,sra,s6:ffff8004,,4122db33,3,"sra	x22,x5,x18","s6,t0,s2",
80001b00,remu,t6:07ef9130,,03627fb3,3,"remu	x31,x4,x22","t6,tp,s6",
80001b04,andi,s3:00000002,,83247993,3,"andi	x19,x8,-1998","s3,s0,-1998",
80001b08,srli,a4:00007381,,011cd713,3,"srli	x14,x25,0x11","a4,s9,0x11",
80001b0c,feq.s,a3:00000000,,a023a6d3,3,"feq.s	x13,f7,f2","a3,ft7,ft2",
80001b10,sub,s11:80040fe5,,41048db3,3,"sub	x27,x9,x16","s11,s1,a6",
80001b14,fmin.s,fa7:80000000,,29fb88d3,3,"fmin.s	f17,f23,f31","fa7,fs7,ft11",
80001b18,fadd.s,ft4:e783060d,,00e92253,3,"fadd.s	f4,f18,f14","ft4,fs2,fa4",
80001b1c,fclass.s,a5:00000008,,e00597d3,3,"fclass.s	x15,f11","a5,fa1",
80001b20,fsgnjn.s,fa7:6703060d,,20bb18d3,3,"fsgnjn.s	f17,f22,f11","fa7,fs6,fa1",
80001b28,remu,ra:00000008,,02a7f0b3,3,"remu	x1,x15,x10","ra,a5,a0",
80001b2c,xori,s9:00000254,,2569cc93,3,"xori	x25,x19,598","s9,s3,598",
80001b30,fdiv.s,fa6:7f800000,,197d9853,3,"fdiv.s	f16,f27,f23","fa6,fs11,fs7",
80001b34,or,a4:00000255,,019ee733,3,"or	x14,x29,x25","a4,t4,s9",
80001b38,fdiv.s,fs9:80000000,,1805fcd3,3,"fdiv.s	f25,f11,f0","fs9,fa1,ft0",
80001b3c,sltiu,s11:00000001,,d8f3bd93,3,"sltiu	x27,x7,-625","s11,t2,-625",
80001b40,ori,t3:000005fd,,5fcdee13,3,"ori	x28,x27,1532","t3,s11,1532",
80001b44,auipc,a0:48551b44,,c8550517,3,"auipc	x10,0xc8550","a0,0xc8550",
80001b48,srli,a3:007ef913,,00425693,3,"srli	x13,x4,0x4","a3,tp,0x4",
80001b4c,fcvt.w.s,gp:80000000,,c004f1d3,3,"fcvt.w.s	x3,f9","gp,fs1",
80001b50,rem,t1:00000000,,0387e333,3,"rem	x6,x15,x24","t1,a5,s8",
80001b54,fsqrt.s,ft2:1f350483,,5801f153,3,"fsqrt.s	f2,f3","ft2,ft3",
80001b58,fle.s,a5:00000000,,a09c07d3,3,"fle.s	x15,f24,f9","a5,fs8,fs1",
80001b5c,lui,a6:6a0e7000,,6a0e7837,3,"lui	x16,0x6a0e7","a6,0x6a0e7",
80001b60,mulh,s4:ffffffff,,03b11a33,3,"mulh	x20,x2,x27","s4,sp,s11",
80001b64,mulhu,gp:00000000,,0313b1b3,3,"mulhu	x3,x7,x17","gp,t2,a7",
80001b68,fcvt.w.s,t5:00000259,,c007ff53,3,"fcvt.w.s	x30,f15","t5,fa5",
80001b70,slt,tp:00000000,,0068a233,3,"slt	x4,x17,x6","tp,a7,t1",
80001b74,fadd.s,fa4:00000000,,011d3753,3,"fadd.s	f14,f26,f17","fa4,fs10,fa7",
80001b78,fmax.s,fa4:80000000,,28a31753,3,"fmax.s	f14,f6,f10","fa4,ft6,fa0",
80001b7c,fmv.x.w,sp:f68301e4,,e0048153,3,"fmv.x.w	x2,f9","sp,fs1",
80001b80,fmv.w.x,fa5:07ef9130,,f00f87d3,3,"fmv.w.x	f15,x31","fa5,t6",
80001b84,or,s4:00000002,,0138ea33,3,"or	x20,x17,x19","s4,a7,s3",
80001b88,fdiv.s,ft1:a67ff7e0,,1863f0d3,3,"fdiv.s	f1,f7,f6","ft1,ft7,ft6",
80001b8c,fsgnj.s,ft0:6703060d,,20fb0053,3,"fsgnj.s	f0,f22,f15","ft0,fs6,fa5",
80001b90,fmul.s,fs6:af7539eb,,10fd2b53,3,"fmul.s	f22,f26,f15","fs6,fs10,fa5",
80001b94,mulh,a7:00000000,,023418b3,3,"mulh	x17,x8,x3","a7,s0,gp",
80001ba0,mul,gp:00000000,,03d781b3,3,"mul	x3,x15,x29","gp,a5,t4",
80001ba4,fmin.s,fa5:80000000,,28e987d3,3,"fmin.s	f15,f19,f14","fa5,fs3,fa4",
80001ba8,flt.s,t1:00000000,,a09b1353,3,"flt.s	x6,f22,f9","t1,fs6,fs1",
80001bac,fsgnjn.s,fa3:cefff7e0,,207296d3,3,"fsgnjn.s	f13,f5,f7","fa3,ft5,ft7",
80001bb0,sltu,s6:00000001,,00be3b33,3,"sltu	x22,x28,x11","s6,t3,a1",
80001bb4,sltiu,a4:00000001,,90e53713,3,"sltiu	x14,x10,-1778","a4,a0,-1778",
80001bb8,fsgnjx.s,fa7:6703060d,,216d28d3,3,"fsgnjx.s	f17,f26,f22","fa7,fs10,fs6",
80001bbc,sra,a3:e0010409,,4142d6b3,3,"sra	x13,x5,x20","a3,t0,s4",
80001bc0,sltiu,ra:00000000,,2fcab093,3,"sltiu	x1,x21,764","ra,s5,764",
80001bc4,fcvt.s.wu,fs6:00000000,,d0189b53,3,"fcvt.s.wu	f22,x17","fs6,a7",
80001bc8,fadd.s,ft4:7f800000,,00587253,3,"fadd.s	f4,f16,f5","ft4,fa6,ft5",
80001bcc,sll,s8:02590000,,01ff1c33,3,"sll	x24,x30,x31","s8,t5,t6",
80001bd0,lui,ra:9b8b9000,,9b8b90b7,3,"lui	x1,0x9b8b9","ra,0x9b8b9",
80001bd4,remu,sp:80041024,,02c2f133,3,"remu	x2,x5,x12","sp,t0,a2",
80001bd8,fsgnjx.s,ft11:80000001,,21f1afd3,3,"fsgnjx.s	f31,f3,f31","ft11,ft3,ft11",
80001bdc,slt,s3:00000001,,01c5a9b3,3,"slt	x19,x11,x28","s3,a1,t3",
80001be0,slli,t4:00025900,,008f1e93,3,"slli	x29,x30,0x8","t4,t5,0x8",
80001be4,srl,t1:0000ffff,,00b65333,3,"srl	x6,x12,x11","t1,a2,a1",
80001be8,auipc,s6:0a43dbe8,,8a43cb17,3,"auipc	x22,0x8a43c","s6,0x8a43c",
80001bec,flt.s,s2:00000000,,a0c39953,3,"flt.s	x18,f7,f12","s2,ft7,fa2",
80001bf0,fcvt.s.wu,fs11:00000000,,d01b8dd3,3,"fcvt.s.wu	f27,x23","fs11,s7",
80001bf4,srai,a6:00000000,,41fd5813,3,"srai	x16,x26,0x1f","a6,s10,0x1f",
80001bf8,sra,a6:00000002,,40bed833,3,"sra	x16,x29,x11","a6,t4,a1",
80001bfc,fsqrt.s,ft6:7fc00000,,5800f353,3,"fsqrt.s	f6,f1","ft6,ft1",
80001c00,remu,t4:00000000,,03f1feb3,3,"remu	x29,x3,x31","t4,gp,t6",
80001c04,feq.s,t2:00000000,,a1a123d3,3,"feq.s	x7,f2,f26","t2,ft2,fs10",
80001c08,feq.s,ra:00000000,,a137a0d3,3,"feq.s	x1,f15,f19","ra,fa5,fs3",
80001c0c,fcvt.w.s,a6:00000000,,c00e9853,3,"fcvt.w.s	x16,f29","a6,ft9",
80001c10,mulhu,s9:00000000,,034f3cb3,3,"mulhu	x25,x30,x20","s9,t5,s4",
80001c14,remu,ra:00000000,,0330f0b3,3,"remu	x1,x1,x19","ra,ra,s3",
80001c18,fcvt.s.w,ft4:00000000,,d00ea253,3,"fcvt.s.w	f4,x29","ft4,t4",
80001c1c,xor,s0:00000001,,01bbc433,3,"xor	x8,x23,x27","s0,s7,s11",
80001c20,fmax.s,fa6:6703060d,,291e9853,3,"fmax.s	f16,f29,f17","fa6,ft9,fa7",
80001c24,mulhsu,a5:00000000,,0247a7b3,3,"mulhsu	x15,x15,x4","a5,a5,tp",
80001c28,fsgnj.s,fs10:6703060d,,20cd0d53,3,"fsgnj.s	f26,f26,f12","fs10,fs10,fa2",
80001c2c,mulh,s9:00000000,,03281cb3,3,"mulh	x25,x16,x18","s9,a6,s2",
80001c30,sub,s2:07eadbe8,,418b0933,3,"sub	x18,x22,x24","s2,s6,s8",
80001c34,mulh,s2:00000012,,03ff1933,3,"mulh	x18,x30,x31","s2,t5,t6",
80001c38,mulh,s3:ffa6d67c,,036599b3,3,"mulh	x19,x11,x22","s3,a1,s6",
80001c3c,sub,t1:00000001,,410d8333,3,"sub	x6,x27,x16","t1,s11,a6",
80001c40,div,ra:ffffffff,,020dc0b3,3,"div	x1,x27,x0","ra,s11,zero",
80001c48,fsgnj.s,fa0:6703060d,,207a8553,3,"fsgnj.s	f10,f21,f7","fa0,fs5,ft7",
80001c4c,fsgnjn.s,ft10:e703060d,,20c81f53,3,"fsgnjn.s	f30,f16,f12","ft10,fa6,fa2",
80001c50,flt.s,a6:00000001,,a0519853,3,"flt.s	x16,f3,f5","a6,ft3,ft5",
80001c54,fle.s,s8:00000000,,a0120c53,3,"fle.s	x24,f4,f1","s8,ft4,ft1",
80001c58,srl,s3:00000000,,004c59b3,3,"srl	x19,x24,x4","s3,s8,tp",
80001c5c,srai,ra:00000000,,419ed093,3,"srai	x1,x29,0x19","ra,t4,0x19",
80001c60,slli,s7:00010000,,010d9b93,3,"slli	x23,x27,0x10","s7,s11,0x10",
80001c64,sltiu,t1:00000001,,3a503313,3,"sltiu	x6,x0,933","t1,zero,933",
80001c68,lui,a0:b7367000,,b7367537,3,"lui	x10,0xb7367","a0,0xb7367",
80001c6c,flt.s,s5:00000000,,a0ee1ad3,3,"flt.s	x21,f28,f14","s5,ft8,fa4",
80001c70,sra,a5:00000000,,408ad7b3,3,"sra	x15,x21,x8","a5,s5,s0",
80001c74,remu,t1:00000000,,0399f333,3,"remu	x6,x19,x25","t1,s3,s9",
80001c78,fmax.s,ft3:1f350483,,282311d3,3,"fmax.s	f3,f6,f2","ft3,ft6,ft2",
80001c7c,div,t3:00000000,,0360ce33,3,"div	x28,x1,x22","t3,ra,s6",
80001c80,fsgnjx.s,fs10:4efff7e0,,2062ad53,3,"fsgnjx.s	f26,f5,f6","fs10,ft5,ft6",
80001c84,feq.s,a6:00000000,,a15b2853,3,"feq.s	x16,f22,f21","a6,fs6,fs5",
80001c88,sltu,s4:00000001,,0171ba33,3,"sltu	x20,x3,x23","s4,gp,s7",
80001c8c,add,tp:00000000,,00398233,3,"add	x4,x19,x3","tp,s3,gp",
80001c90,fcvt.w.s,s3:7fffffff,,c00af9d3,3,"fcvt.w.s	x19,f21","s3,fs5",
80001c94,sll,t4:00000000,,007e1eb3,3,"sll	x29,x28,x7","t4,t3,t2",
80001c98,rem,a4:00000259,,023f6733,3,"rem	x14,x30,x3","a4,t5,gp",
80001c9c,or,a4:00000001,,00fde733,3,"or	x14,x27,x15","a4,s11,a5",
80001ca0,auipc,s3:026bfca0,,826be997,3,"auipc	x19,0x826be","s3,0x826be",
80001ca4,fle.s,t6:00000001,,a1178fd3,3,"fle.s	x31,f15,f17","t6,fa5,fa7",
80001ca8,fcvt.w.s,tp:00000000,,c001f253,3,"fcvt.w.s	x4,f3","tp,ft3",
80001cac,sll,s0:00000000,,00a39433,3,"sll	x8,x7,x10","s0,t2,a0",
80001cb0,fcvt.s.wu,fs2:3f800000,,d01df953,3,"fcvt.s.wu	f18,x27","fs2,s11",
80001cb4,srai,s10:00000000,,419cdd13,3,"srai	x26,x25,0x19","s10,s9,0x19",
80001cb8,feq.s,s11:00000000,,a092add3,3,"feq.s	x27,f5,f9","s11,ft5,fs1",
80001cbc,fsqrt.s,fs6:232f1e96,,580b8b53,3,"fsqrt.s	f22,f23","fs6,fs7",
80001cc0,fsgnjx.s,fs7:3f800000,,21292bd3,3,"fsgnjx.s	f23,f18,f18","fs7,fs2,fs2",
80001cc4,srai,tp:ffffc002,,4114d213,3,"srai	x4,x9,0x11","tp,s1,0x11",
80001cc8,slti,t1:00000000,,0ddf2313,3,"slti	x6,x30,221","t1,t5,221",
80001ccc,slli,t2:00000010,,004f9393,3,"slli	x7,x31,0x4","t2,t6,0x4",
80001cd0,mul,t4:c01248a2,,03268eb3,3,"mul	x29,x13,x18","t4,a3,s2",
80001cd4,xor,s10:00010000,,003bcd33,3,"xor	x26,x23,x3","s10,s7,gp",
80001cd8,fsgnjx.s,ft8:e703060d,,20182e53,3,"fsgnjx.s	f28,f16,f1","ft8,fa6,ft1",
80001cdc,fcvt.s.w,fs1:cdfff7df,,d006f4d3,3,"fcvt.s.w	f9,x13","fs1,a3",
80001ce0,mulhsu,s7:00000000,,03272bb3,3,"mulhsu	x23,x14,x18","s7,a4,s2",
80001ce4,addi,sp:000004fd,,4fcf8113,3,"addi	x2,x31,1276","sp,t6,1276",
80001ce8,sra,tp:80040fe4,,4114d233,3,"sra	x4,x9,x17","tp,s1,a7",
80001cec,fmv.w.x,fa2:00000000,,f0008653,3,"fmv.w.x	f12,x1","fa2,ra",
80001cf0,sll,a7:00000002,,014f98b3,3,"sll	x17,x31,x20","a7,t6,s4",
80001cf8,fclass.s,s11:00000002,,e00f1dd3,3,"fclass.s	x27,f30","s11,ft10",
80001cfc,fadd.s,fa1:3f800000,,017ef5d3,3,"fadd.s	f11,f29,f23","fa1,ft9,fs7",
80001d00,sra,s8:b7367000,,40655c33,3,"sra	x24,x10,x6","s8,a0,t1",
80001d04,remu,ra:00000000,,028e70b3,3,"remu	x1,x28,x8","ra,t3,s0",
80001d08,mulhsu,t6:00000000,,02cbafb3,3,"mulhsu	x31,x23,x12","t6,s7,a2",
80001d0c,xor,s2:00000000,,01084933,3,"xor	x18,x16,x16","s2,a6,a6",
80001d10,fsgnjn.s,fs3:80000000,,212a19d3,3,"fsgnjn.s	f19,f20,f18","fs3,fs4,fs2",
80001d14,xori,s6:fffffa07,,a07fcb13,3,"xori	x22,x31,-1529","s6,t6,-1529",
80001d18,mulh,s3:00000000,,039619b3,3,"mulh	x19,x12,x25","s3,a2,s9",
80001d1c,fsqrt.s,ft11:7fc00000,,5800ffd3,3,"fsqrt.s	f31,f1","ft11,ft1",
80001d20,ori,s7:fffffaa2,,aa206b93,3,"ori	x23,x0,-1374","s7,zero,-1374",
80001d24,andi,s5:00000000,,2d307a93,3,"andi	x21,x0,723","s5,zero,723",
80001d28,srl,a6:00000000,,008cd833,3,"srl	x16,x25,x8","a6,s9,s0",
80001d2c,fmin.s,fs10:3f800000,,29190d53,3,"fmin.s	f26,f18,f17","fs10,fs2,fa7",
80001d30,fcvt.s.w,ft7:00000000,,d00e13d3,3,"fcvt.s.w	f7,x28","ft7,t3",
80001d34,fdiv.s,fs4:ff800000,,18c08a53,3,"fdiv.s	f20,f1,f12","fs4,ft1,fa2",
80001d3c,lui,t4:049c8000,,049c8eb7,3,"lui	x29,0x49c8","t4,0x49c8",
80001d40,add,gp:80041025,,005701b3,3,"add	x3,x14,x5","gp,a4,t0",
80001d44,sltiu,s9:00000000,,12f5bc93,3,"sltiu	x25,x11,303","s9,a1,303",
80001d48,slti,ra:00000000,,fb112093,3,"slti	x1,x2,-79","ra,sp,-79",
80001d4c,fclass.s,t1:00000040,,e0059353,3,"fclass.s	x6,f11","t1,fa1",
80001d50,addi,a4:ffffff27,,f2700713,3,"addi	x14,x0,-217","a4,zero,-217",
80001d54,addi,ra:0000016d,,16d78093,3,"addi	x1,x15,365","ra,a5,365",
80001d58,div,s7:ffffffff,,0339cbb3,3,"div	x23,x19,x19","s7,s3,s3",
80001d5c,sra,s2:e0010409,,4112d933,3,"sra	x18,x5,x17","s2,t0,a7",
80001d60,mulh,s4:00000000,,02001a33,3,"mulh	x20,x0,x0","s4,zero,zero",
80001d64,fcvt.s.wu,fa1:4f7ffffa,,d01b45d3,3,"fcvt.s.wu	f11,x22","fa1,s6",
80001d68,div,s4:00000001,,02a1ca33,3,"div	x20,x3,x10","s4,gp,a0",
80001d6c,xori,s11:00000398,,398e4d93,3,"xori	x27,x28,920","s11,t3,920",
80001d70,lui,t4:19356000,,19356eb7,3,"lui	x29,0x19356","t4,0x19356",
80001d74,mulhu,t2:00000000,,02f033b3,3,"mulhu	x7,x0,x15","t2,zero,a5",
80001d78,mulhu,t4:0000ffff,,036d3eb3,3,"mulhu	x29,x26,x22","t4,s10,s6",
80001d7c,fsgnj.s,fs1:6703060d,,215884d3,3,"fsgnj.s	f9,f17,f21","fs1,fa7,fs5",
80001d80,fadd.s,fs3:ff800000,,014699d3,3,"fadd.s	f19,f13,f20","fs3,fa3,fs4",
80001d84,lui,a0:af03e000,,af03e537,3,"lui	x10,0xaf03e","a0,0xaf03e",
80001d88,sub,t2:48c9916d,,418083b3,3,"sub	x7,x1,x24","t2,ra,s8",
80001d8c,sltiu,s7:00000001,,4390bb93,3,"sltiu	x23,x1,1081","s7,ra,1081",
80001d90,fcvt.s.wu,ft8:44660000,,d01dae53,3,"fcvt.s.wu	f28,x27","ft8,s11",
80001d94,slli,s2:00e60000,,00ed9913,3,"slli	x18,x27,0xe","s2,s11,0xe",
80001d98,sll,ra:00000000,,015810b3,3,"sll	x1,x16,x21","ra,a6,s5",
80001d9c,rem,s10:00000000,,030ced33,3,"rem	x26,x25,x16","s10,s9,a6",
80001da0,fsub.s,fs0:4efff7e0,,08ddf453,3,"fsub.s	f8,f27,f13","fs0,fs11,fa3",
80001da4,mulh,t2:000000aa,,027f13b3,3,"mulh	x7,x30,x7","t2,t5,t2",
80001da8,fmul.s,ft11:7fc00000,,10637fd3,3,"fmul.s	f31,f6,f6","ft11,ft6,ft6",
80001dac,and,s11:00000000,,01b0fdb3,3,"and	x27,x1,x27","s11,ra,s11",
80001db0,fclass.s,a7:00000010,,e00618d3,3,"fclass.s	x17,f12","a7,fa2",
80001db4,or,s3:ef03e409,,00a6e9b3,3,"or	x19,x13,x10","s3,a3,a0",
80001db8,flt.s,s7:00000000,,a1389bd3,3,"flt.s	x23,f17,f19","s7,fa7,fs3",
80001dbc,mulhu,s11:00000000,,0308bdb3,3,"mulhu	x27,x17,x16","s11,a7,a6",
80001dc0,fcvt.w.s,t2:7fffffff,,c004f3d3,3,"fcvt.w.s	x7,f9","t2,fs1",
80001dc4,add,t3:e0010409,,01968e33,3,"add	x28,x13,x25","t3,a3,s9",
80001dc8,fcvt.wu.s,a4:ffffffff,,c0107753,3,"fcvt.wu.s	x14,f0","a4,ft0",
80001dcc,sub,a0:00000041,,40c78533,3,"sub	x10,x15,x12","a0,a5,a2",
80001dd0,slt,t4:00000001,,01e2aeb3,3,"slt	x29,x5,x30","t4,t0,t5",
80001dd4,fcvt.s.w,ft1:00000000,,d00ff0d3,3,"fcvt.s.w	f1,x31","ft1,t6",
80001dd8,fmin.s,ft6:e703060d,,29ef8353,3,"fmin.s	f6,f31,f30","ft6,ft11,ft10",
80001ddc,slt,s0:00000000,,003e2433,3,"slt	x8,x28,x3","s0,t3,gp",
80001de0,mul,s5:00000000,,035b0ab3,3,"mul	x21,x22,x21","s5,s6,s5",
80001de4,fsgnj.s,fs11:7f800000,,21798dd3,3,"fsgnj.s	f27,f19,f23","fs11,fs3,fs7",
80001de8,auipc,s9:50927de8,,d0926c97,3,"auipc	x25,0xd0926","s9,0xd0926",
80001dec,mulh,a7:00000000,,035e98b3,3,"mulh	x17,x29,x21","a7,t4,s5",
80001df0,and,a2:00000001,,01d67633,3,"and	x12,x12,x29","a2,a2,t4",
80001df4,sll,s6:b7367000,,001c1b33,3,"sll	x22,x24,x1","s6,s8,ra",
80001df8,or,s0:80041025,,01d1e433,3,"or	x8,x3,x29","s0,gp,t4",
80001dfc,fmul.s,fs4:ff800000,,1169ca53,3,"fmul.s	f20,f19,f22","fs4,fs3,fs6",
80001e00,and,a2:00000000,,01517633,3,"and	x12,x2,x21","a2,sp,s5",
80001e04,xori,t1:fffffc9a,,c9a64313,3,"xori	x6,x12,-870","t1,a2,-870",
80001e08,slti,t2:00000001,,46e72393,3,"slti	x7,x14,1134","t2,a4,1134",
80001e0c,flt.s,a6:00000000,,a10d9853,3,"flt.s	x16,f27,f16","a6,fs11,fa6",
80001e10,fcvt.s.wu,ft2:00000000,,d01f8153,3,"fcvt.s.wu	f2,x31","ft2,t6",
80001e14,fsub.s,fa2:6703060d,,08d82653,3,"fsub.s	f12,f16,f13","fa2,fa6,fa3",
80001e18,fle.s,s3:00000001,,a04389d3,3,"fle.s	x19,f7,f4","s3,ft7,ft4",
80001e1c,div,a4:ffffffff,,0209c733,3,"div	x14,x19,x0","a4,s3,zero",
80001e20,sll,s3:00010000,,00be99b3,3,"sll	x19,x29,x11","s3,t4,a1",
80001e24,and,a2:00000000,,013a7633,3,"and	x12,x20,x19","a2,s4,s3",
80001e28,slti,a5:00000000,,e5e72793,3,"slti	x15,x14,-418","a5,a4,-418",
80001e2c,sll,s3:00000000,,004619b3,3,"sll	x19,x12,x4","s3,a2,tp",
80001e30,slti,a6:00000001,,184e2813,3,"slti	x16,x28,388","a6,t3,388",
80001e34,fdiv.s,ft4:4efff718,,19747253,3,"fdiv.s	f4,f8,f23","ft4,fs0,fs7",
80001e38,mul,a5:e0010409,,02d807b3,3,"mul	x15,x16,x13","a5,a6,a3",
80001e3c,lui,s2:76af1000,,76af1937,3,"lui	x18,0x76af1","s2,0x76af1",
80001e40,fcvt.s.wu,ft6:4f800000,,d0172353,3,"fcvt.s.wu	f6,x14","ft6,a4",
80001e44,addi,s2:fffff86a,,bd030913,3,"addi	x18,x6,-1072","s2,t1,-1072",
80001e48,mulh,t6:0ffefbfb,,03c41fb3,3,"mulh	x31,x8,x28","t6,s0,t3",
80001e4c,srl,t5:7ffffc35,,01495f33,3,"srl	x30,x18,x20","t5,s2,s4",
80001e50,xor,t1:57377409,,00fb4333,3,"xor	x6,x22,x15","t1,s6,a5",
80001e54,div,t2:00000001,,023243b3,3,"div	x7,x4,x3","t2,tp,gp",
80001e58,addi,a4:fffff997,,99708713,3,"addi	x14,x1,-1641","a4,ra,-1641",
80001e5c,fmv.w.x,fs0:7ffffc35,,f00f0453,3,"fmv.w.x	f8,x30","fs0,t5",
80001e60,and,s10:00000001,,003a7d33,3,"and	x26,x20,x3","s10,s4,gp",
80001e64,xor,a2:80041065,,00554633,3,"xor	x12,x10,x5","a2,a0,t0",
80001e68,and,a5:57377401,,01e377b3,3,"and	x15,x6,x30","a5,t1,t5",
80001e6c,fmv.w.x,ft11:7ffffc35,,f00f0fd3,3,"fmv.w.x	f31,x30","ft11,t5",
80001e70,div,s7:ff81fc20,,02ae4bb3,3,"div	x23,x28,x10","s7,t3,a0",
80001e74,fle.s,a4:00000000,,a0390753,3,"fle.s	x14,f18,f3","a4,fs2,ft3",
80001e78,mulhu,s10:00000000,,02b3bd33,3,"mulhu	x26,x7,x11","s10,t2,a1",
80001e7c,andi,tp:00000001,,3e77f213,3,"andi	x4,x15,999","tp,a5,999",
80001e80,srli,gp:00020010,,00e45193,3,"srli	x3,x8,0xe","gp,s0,0xe",
80001e84,feq.s,t5:00000000,,a13faf53,3,"feq.s	x30,f31,f19","t5,ft11,fs3",
80001e88,addi,a0:5737710e,,d0d78513,3,"addi	x10,x15,-755","a0,a5,-755",
80001e90,mul,t6:50927de8,,039a0fb3,3,"mul	x31,x20,x25","t6,s4,s9",
80001e94,fsgnj.s,fs3:c4660000,,214e09d3,3,"fsgnj.s	f19,f28,f20","fs3,ft8,fs4",
80001e98,sra,s4:ffffb736,,403c5a33,3,"sra	x20,x24,x3","s4,s8,gp",
80001e9c,auipc,a4:97f94e9c,,17f93717,3,"auipc	x14,0x17f93","a4,0x17f93",
80001ea0,add,t6:5092351e,,019a0fb3,3,"add	x31,x20,x25","t6,s4,s9",
80001ea4,fcvt.wu.s,t3:00000000,,c0111e53,3,"fcvt.wu.s	x28,f2","t3,ft2",
80001ea8,fmin.s,fs7:c4660000,,29398bd3,3,"fmin.s	f23,f19,f19","fs7,fs3,fs3",
80001eac,rem,gp:00000001,,032ee1b3,3,"rem	x3,x29,x18","gp,t4,s2",
80001eb0,srl,s5:fffff86a,,01a95ab3,3,"srl	x21,x18,x26","s5,s2,s10",
80001eb4,xor,s11:80041024,,005dcdb3,3,"xor	x27,x27,x5","s11,s11,t0",
80001eb8,fle.s,tp:00000000,,a1f40253,3,"fle.s	x4,f8,f31","tp,fs0,ft11",
80001ebc,remu,gp:08c787ee,,026b71b3,3,"remu	x3,x22,x6","gp,s6,t1",
80001ec0,fdiv.s,fs0:7fc00000,,19fd8453,3,"fdiv.s	f8,f27,f31","fs0,fs11,ft11",
80001ec4,fmax.s,fs6:6703060d,,29a89b53,3,"fmax.s	f22,f17,f26","fs6,fa7,fs10",
80001ec8,flt.s,t1:00000000,,a1a89353,3,"flt.s	x6,f17,f26","t1,fa7,fs10",
80001ecc,rem,a2:5092351e,,02cfe633,3,"rem	x12,x31,x12","a2,t6,a2",
80001ed0,fsgnjn.s,fa4:00000000,,20e39753,3,"fsgnjn.s	f14,f7,f14","fa4,ft7,fa4",
80001ed4,srai,t6:db9b3800,,401b5f93,3,"srai	x31,x22,0x1","t6,s6,0x1",
80001ed8,fmv.w.x,fa2:000004fd,,f0010653,3,"fmv.w.x	f12,x2","fa2,sp",
80001edc,auipc,s4:2da3bedc,,ada3aa17,3,"auipc	x20,0xada3a","s4,0xada3a",
80001ee0,fmv.x.w,tp:6703060d,,e0000253,3,"fmv.x.w	x4,f0","tp,ft0",
80001ee4,xori,t3:98fcfec3,,8ce24e13,3,"xori	x28,x4,-1842","t3,tp,-1842",
80001ee8,mulhsu,s8:00000000,,0338ac33,3,"mulhsu	x24,x17,x19","s8,a7,s3",
80001eec,fclass.s,a6:00000040,,e0049853,3,"fclass.s	x16,f9","a6,fs1",
80001ef0,add,a7:e7071631,,01b208b3,3,"add	x17,x4,x27","a7,tp,s11",
80001ef8,fmin.s,fs9:6703060d,,29080cd3,3,"fmin.s	f25,f16,f16","fs9,fa6,fa6",
80001efc,sltiu,t6:00000000,,5e18bf93,3,"sltiu	x31,x17,1505","t6,a7,1505",
80001f00,srli,t5:0000ae6e,,00f7df13,3,"srli	x30,x15,0xf","t5,a5,0xf",
80001f04,fsgnjn.s,ft5:80000001,,201c12d3,3,"fsgnjn.s	f5,f24,f1","ft5,fs8,ft1",
80001f08,xori,s8:1ffefd47,,94e6cc13,3,"xori	x24,x13,-1714","s8,a3,-1714",
80001f0c,fsub.s,fs8:80000000,,09989c53,3,"fsub.s	f24,f17,f25","fs8,fa7,fs9",
80001f10,fcvt.s.wu,fs11:449fa000,,d0111dd3,3,"fcvt.s.wu	f27,x2","fs11,sp",
80001f14,xor,a3:ff81524e,,01ebc6b3,3,"xor	x13,x23,x30","a3,s7,t5",
80001f18,fmv.w.x,fa0:50927de8,,f00c8553,3,"fmv.w.x	f10,x25","fa0,s9",
80001f1c,or,s0:08c787ef,,003ee433,3,"or	x8,x29,x3","s0,t4,gp",
80001f20,fdiv.s,fs0:7f800000,,185a0453,3,"fdiv.s	f8,f20,f5","fs0,fs4,ft5",
80001f24,srli,s5:00000005,,01c7da93,3,"srli	x21,x15,0x1c","s5,a5,0x1c",
80001f28,fsgnjx.s,fs1:7ffffc35,,212fa4d3,3,"fsgnjx.s	f9,f31,f18","fs1,ft11,fs2",
80001f2c,sra,a6:ff81524e,,4106d833,3,"sra	x16,x13,x16","a6,a3,a6",
80001f30,fsgnj.s,ft3:e703060d,,21eb01d3,3,"fsgnj.s	f3,f22,f30","ft3,fs6,ft10",
80001f34,fcvt.wu.s,s0:00000000,,c0174453,3,"fcvt.wu.s	x8,f14","s0,fa4",
80001f38,fsgnjx.s,fs3:6703060d,,20eca9d3,3,"fsgnjx.s	f19,f25,f14","fs3,fs9,fa4",
80001f3c,fsgnj.s,ft1:d0927de8,,214500d3,3,"fsgnj.s	f1,f10,f20","ft1,fa0,fs4",
80001f40,addi,t4:00000620,,620f8e93,3,"addi	x29,x31,1568","t4,t6,1568",
80001f44,fmv.w.x,fa1:000004fd,,f00105d3,3,"fmv.w.x	f11,x2","fa1,sp",
80001f48,fclass.s,s8:00000010,,e0039c53,3,"fclass.s	x24,f7","s8,ft7",
80001f4c,sub,s4:2da3bedc,,401a0a33,3,"sub	x20,x20,x1","s4,s4,ra",
80001f50,xor,s5:37326024,,005b4ab3,3,"xor	x21,x22,x5","s5,s6,t0",
80001f54,divu,ra:00000000,,034150b3,3,"divu	x1,x2,x20","ra,sp,s4",
80001f58,sub,s3:1670d0ef,,40c209b3,3,"sub	x19,x4,x12","s3,tp,a2",
80001f5c,fmin.s,fs0:7f800000,,29f40453,3,"fmin.s	f8,f8,f31","fs0,fs0,ft11",
80001f60,auipc,s0:5c7e0f60,,dc7df417,3,"auipc	x8,0xdc7df","s0,0xdc7df",
80001f64,or,s5:ff85526e,,00d2eab3,3,"or	x21,x5,x13","s5,t0,a3",
80001f68,fsgnjn.s,fs11:d0927de8,,21009dd3,3,"fsgnjn.s	f27,f1,f16","fs11,ft1,fa6",
80001f6c,andi,s10:00000140,,1db47d13,3,"andi	x26,x8,475","s10,s0,475",
80001f70,xori,gp:e70715d1,,3e08c193,3,"xori	x3,x17,992","gp,a7,992",
80001f74,fadd.s,ft11:6703060d,,0006ffd3,3,"fadd.s	f31,f13,f0","ft11,fa3,ft0",
80001f78,sltu,s0:00000001,,002fb433,3,"sltu	x8,x31,x2","s0,t6,sp",
80001f7c,sltiu,a7:00000001,,fbfb3893,3,"sltiu	x17,x22,-65","a7,s6,-65",
80001f80,fmul.s,ft5:80000000,,104c72d3,3,"fmul.s	f5,f24,f4","ft5,fs8,ft4",
80001f84,slli,s5:74e00000,,01371a93,3,"slli	x21,x14,0x13","s5,a4,0x13",
80001f88,sll,t4:ff81fc20,,001b9eb3,3,"sll	x29,x23,x1","t4,s7,ra",
80001f8c,fdiv.s,fa1:ff800000,,19dcf5d3,3,"fdiv.s	f11,f25,f29","fa1,fs9,ft9",
80001f90,remu,s2:5092351e,,02967933,3,"remu	x18,x12,x9","s2,a2,s1",
80001f94,fcvt.wu.s,t2:00000000,,c01373d3,3,"fcvt.wu.s	x7,f6","t2,ft6",
80001f98,xori,a4:7ffbf7b9,,85d4c713,3,"xori	x14,x9,-1955","a4,s1,-1955",
80001f9c,sltiu,s9:00000000,,4c6cbc93,3,"sltiu	x25,x25,1222","s9,s9,1222",
80001fa0,fdiv.s,fa4:ff800000,,187f1753,3,"fdiv.s	f14,f30,f7","fa4,ft10,ft7",
80001fa4,add,s10:7f856272,,01b80d33,3,"add	x26,x16,x27","s10,a6,s11",
80001fa8,auipc,s0:acf6cfa8,,2cf6b417,3,"auipc	x8,0x2cf6b","s0,0x2cf6b",
80001fac,mulh,tp:ffd51162,,03d79233,3,"mulh	x4,x15,x29","tp,a5,t4",
80001fb0,fsub.s,ft2:7fc00000,,08939153,3,"fsub.s	f2,f7,f9","ft2,ft7,fs1",
80001fb4,fsqrt.s,ft9:52b94b22,,580b7ed3,3,"fsqrt.s	f29,f22","ft9,fs6",
80001fb8,xori,a4:7f85656c,,71ed4713,3,"xori	x14,x26,1822","a4,s10,1822",
80001fbc,sltu,s2:00000001,,01073933,3,"sltu	x18,x14,x16","s2,a4,a6",
80001fc0,mulh,a6:c591dac1,,029a9833,3,"mulh	x16,x21,x9","a6,s5,s1",
80001fc8,div,a4:00000001,,0362c733,3,"div	x14,x5,x22","a4,t0,s6",
80001fd0,or,s6:ffb77272,,016d6b33,3,"or	x22,x26,x22","s6,s10,s6",
80001fd4,mulhu,t4:5728d0aa,,02453eb3,3,"mulhu	x29,x10,x4","t4,a0,tp",
80001fd8,srai,s6:fba83208,,4015db13,3,"srai	x22,x11,0x1","s6,a1,0x1",
80001fdc,fmul.s,fs2:fa3daba8,,103ef953,3,"fmul.s	f18,f29,f3","fs2,ft9,ft3",
80001fe0,fsqrt.s,fs0:7fc00000,,580d8453,3,"fsqrt.s	f8,f27","fs0,fs11",
80001fe4,or,sp:80040fe4,,0004e133,3,"or	x2,x9,x0","sp,s1,zero",
80001fe8,rem,a7:00000001,,038768b3,3,"rem	x17,x14,x24","a7,a4,s8",
80001fec,fsgnjn.s,ft2:c4660000,,202b9153,3,"fsgnjn.s	f2,f23,f2","ft2,fs7,ft2",
80001ff0,srai,a5:00000000,,41afd793,3,"srai	x15,x31,0x1a","a5,t6,0x1a",
80001ff4,fadd.s,fs8:ff800000,,014f4c53,3,"fadd.s	f24,f30,f20","fs8,ft10,fs4",
80001ff8,sra,s4:00000000,,40b75a33,3,"sra	x20,x14,x11","s4,a4,a1",
80001ffc,fsqrt.s,ft3:52b94b22,,580ff1d3,3,"fsqrt.s	f3,f31","ft3,ft11",
80002000,mulh,a0:00000000,,02a09533,3,"mulh	x10,x1,x10","a0,ra,a0",
80002004,fdiv.s,fa3:80000000,,1813f6d3,3,"fdiv.s	f13,f7,f1","fa3,ft7,ft1",
80002008,sltu,a7:00000001,,016cb8b3,3,"sltu	x17,x25,x22","a7,s9,s6",
8000200c,fmv.w.x,fa5:0000ae6e,,f00f07d3,3,"fmv.w.x	f15,x30","fa5,t5",
80002010,sltiu,t4:00000000,,796ebe93,3,"sltiu	x29,x29,1942","t4,t4,1942",
80002014,sub,t5:8082bd96,,40d48f33,3,"sub	x30,x9,x13","t5,s1,a3",
80002018,or,t6:ff81524e,,00d0efb3,3,"or	x31,x1,x13","t6,ra,a3",
8000201c,feq.s,s8:00000000,,a0a22c53,3,"feq.s	x24,f4,f10","s8,ft4,fa0",
80002020,fmv.x.w,a2:80000000,,e0068653,3,"fmv.x.w	x12,f13","a2,fa3",
80002024,fsgnj.s,fs3:ffc00000,,212409d3,3,"fsgnj.s	f19,f8,f18","fs3,fs0,fs2",
80002028,fmul.s,fa7:7fc00000,,1019f8d3,3,"fmul.s	f17,f19,f1","fa7,fs3,ft1",
8000202c,sub,a7:80000000,,40c788b3,3,"sub	x17,x15,x12","a7,a5,a2",
80002030,fsgnjx.s,fs5:ff800000,,20fa2ad3,3,"fsgnjx.s	f21,f20,f15","fs5,fs4,fa5",
80002034,andi,a2:00000000,,2da7f613,3,"andi	x12,x15,730","a2,a5,730",
80002038,rem,s11:8082bd96,,025f6db3,3,"rem	x27,x30,x5","s11,t5,t0",
8000203c,auipc,t4:052e103c,,852dfe97,3,"auipc	x29,0x852df","t4,0x852df",
80002040,fmv.x.w,a7:ff800000,,e00588d3,3,"fmv.x.w	x17,f11","a7,fa1",
80002044,ori,s4:ffffff07,,f07a6a13,3,"ori	x20,x20,-249","s4,s4,-249",
80002048,fmv.w.x,ft1:acf6cfa8,,f00400d3,3,"fmv.w.x	f1,x8","ft1,s0",
8000204c,sltiu,t4:00000001,,3bf33e93,3,"sltiu	x29,x6,959","t4,t1,959",
80002050,fcvt.s.w,ft9:cece0602,,d00e7ed3,3,"fcvt.s.w	f29,x28","ft9,t3",
80002054,mulh,a2:000c7c75,,02389633,3,"mulh	x12,x17,x3","a2,a7,gp",
80002058,auipc,t3:51133058,,d1131e17,3,"auipc	x28,0xd1131","t3,0xd1131",
8000205c,ori,gp:fffffb4c,,b44b6193,3,"ori	x3,x22,-1212","gp,s6,-1212",
80002060,and,s5:00000000,,0143fab3,3,"and	x21,x7,x20","s5,t2,s4",
80002064,auipc,s7:8ad74064,,0ad72b97,3,"auipc	x23,0xad72","s7,0xad72",
80002068,ori,a7:ffffff6f,,5271e893,3,"ori	x17,x3,1319","a7,gp,1319",
8000206c,srli,s11:040415ec,,005ddd93,3,"srli	x27,x27,0x5","s11,s11,0x5",
80002070,slt,s7:00000000,,007dabb3,3,"slt	x23,x27,x7","s7,s11,t2",
80002074,rem,a0:7f856272,,021d6533,3,"rem	x10,x26,x1","a0,s10,ra",
80002078,fcvt.s.wu,ft11:4eff0ac5,,d0153fd3,3,"fcvt.s.wu	f31,x10","ft11,a0",
8000207c,fsgnjx.s,fs8:ffc00000,,21442c53,3,"fsgnjx.s	f24,f8,f20","fs8,fs0,fs4",
80002080,xor,tp:8004303c,,01f54233,3,"xor	x4,x10,x31","tp,a0,t6",
80002084,fcvt.s.wu,fs1:3f800000,,d01774d3,3,"fcvt.s.wu	f9,x14","fs1,a4",
80002088,div,t1:00000000,,03f0c333,3,"div	x6,x1,x31","t1,ra,t6",
8000208c,fadd.s,fa7:6703060d,,017b78d3,3,"fadd.s	f17,f22,f23","fa7,fs6,fs7",
80002090,lui,a0:ed101000,,ed101537,3,"lui	x10,0xed101","a0,0xed101",
80002094,div,a6:00000000,,02994833,3,"div	x16,x18,x9","a6,s2,s1",
80002098,flt.s,a7:00000001,,a06798d3,3,"flt.s	x17,f15,f6","a7,fa5,ft6",
8000209c,fdiv.s,fs0:ff800000,,18a5f453,3,"fdiv.s	f8,f11,f10","fs0,fa1,fa0",
800020a0,fmul.s,fs5:7a3daba8,,1038fad3,3,"fmul.s	f21,f17,f3","fs5,fa7,ft3",
800020a4,fsub.s,fs2:caec5300,,084ff953,3,"fsub.s	f18,f31,f4","fs2,ft11,ft4",
800020a8,fsgnjn.s,fa6:cefff718,,20921853,3,"fsgnjn.s	f16,f4,f9","fa6,ft4,fs1",
800020ac,sltu,t6:00000000,,01773fb3,3,"sltu	x31,x14,x23","t6,a4,s7",
800020b0,fmv.x.w,s10:c4660000,,e0010d53,3,"fmv.x.w	x26,f2","s10,ft2",
800020b4,feq.s,ra:00000000,,a06520d3,3,"feq.s	x1,f10,f6","ra,fa0,ft6",
800020b8,andi,tp:00000050,,2d5e7213,3,"andi	x4,x28,725","tp,t3,725",
800020bc,slti,a0:00000000,,c0b9a513,3,"slti	x10,x19,-1013","a0,s3,-1013",
800020c0,sltu,a2:00000001,,01493633,3,"sltu	x12,x18,x20","a2,s2,s4",
800020c4,fdiv.s,fa7:7fc00000,,1929c8d3,3,"fdiv.s	f17,f19,f18","fa7,fs3,fs2",
800020c8,fle.s,a6:00000000,,a1ee0853,3,"fle.s	x16,f28,f30","a6,ft8,ft10",
800020cc,and,t3:00000000,,01db7e33,3,"and	x28,x22,x29","t3,s6,t4",
800020d0,ori,t6:000005a6,,5a6c6f93,3,"ori	x31,x24,1446","t6,s8,1446",
800020d4,fdiv.s,fs4:00000000,,1926fa53,3,"fdiv.s	f20,f13,f18","fs4,fa3,fs2",
800020d8,fmin.s,fa2:ff800000,,29e70653,3,"fmin.s	f12,f14,f30","fa2,fa4,ft10",
800020dc,feq.s,t3:00000000,,a13a2e53,3,"feq.s	x28,f20,f19","t3,fs4,fs3",
800020e0,or,sp:ff81524e,,00f6e133,3,"or	x2,x13,x15","sp,a3,a5",
800020e4,xori,t2:ff81539c,,1d26c393,3,"xori	x7,x13,466","t2,a3,466",
800020e8,fdiv.s,ft1:4465ff4c,,19ae70d3,3,"fdiv.s	f1,f28,f26","ft1,ft8,fs10",
800020ec,andi,s7:00000000,,ef4cfb93,3,"andi	x23,x25,-268","s7,s9,-268",
800020f0,fdiv.s,fa5:00000000,,18c147d3,3,"fdiv.s	f15,f2,f12","fa5,ft2,fa2",
800020f8,fle.s,s2:00000000,,a0e30953,3,"fle.s	x18,f6,f14","s2,ft6,fa4",
800020fc,srli,t3:00008082,,00bdde13,3,"srli	x28,x27,0xb","t3,s11,0xb",
80002100,fmul.s,ft4:7fc00000,,10c79253,3,"fmul.s	f4,f15,f12","ft4,fa5,fa2",
80002104,flt.s,s6:00000000,,a1a01b53,3,"flt.s	x22,f0,f26","s6,ft0,fs10",
80002108,and,t6:00000000,,000fffb3,3,"and	x31,x31,x0","t6,t6,zero",
8000210c,ori,a6:fffffdf7,,d75e6813,3,"ori	x16,x28,-651","a6,t3,-651",
80002110,addi,t5:ffffff53,,40718f13,3,"addi	x30,x3,1031","t5,gp,1031",
80002114,fcvt.s.wu,ft3:4db38687,,d019f1d3,3,"fcvt.s.wu	f3,x19","ft3,s3",
80002118,fmul.s,fs8:00000000,,11c39c53,3,"fmul.s	f24,f7,f28","fs8,ft7,ft8",
80002120,srai,s3:00000000,,41afd993,3,"srai	x19,x31,0x1a","s3,t6,0x1a",
80002124,xori,t2:7ffbf561,,a854c393,3,"xori	x7,x9,-1403","t2,s1,-1403",
80002128,fcvt.w.s,gp:00000000,,c006f1d3,3,"fcvt.w.s	x3,f13","gp,fa3",
8000212c,fdiv.s,fa3:80000000,,188e76d3,3,"fdiv.s	f13,f28,f8","fa3,ft8,fs0",
80002130,div,t2:00000000,,034243b3,3,"div	x7,x4,x20","t2,tp,s4",
80002134,fsgnj.s,ft11:e703060d,,208c8fd3,3,"fsgnj.s	f31,f25,f8","ft11,fs9,fs0",
80002138,add,s11:00000000,,00ac0db3,3,"add	x27,x24,x10","s11,s8,a0",
8000213c,sub,a3:ffff7f7e,,41c786b3,3,"sub	x13,x15,x28","a3,a5,t3",
80002140,fmul.s,fs11:7fc00000,,11332dd3,3,"fmul.s	f27,f6,f19","fs11,ft6,fs3",
80002144,srai,s7:fffffffe,,41e45b93,3,"srai	x23,x8,0x1e","s7,s0,0x1e",
80002148,fadd.s,fs7:6703060d,,012c9bd3,3,"fadd.s	f23,f25,f18","fs7,fs9,fs2",
8000214c,slt,sp:00000001,,00fd2133,3,"slt	x2,x26,x15","sp,s10,a5",
80002150,fclass.s,s7:00000200,,e0099bd3,3,"fclass.s	x23,f19","s7,fs3",
80002154,sll,tp:00000000,,01331233,3,"sll	x4,x6,x19","tp,t1,s3",
80002158,fmul.s,ft2:3f800000,,109d7153,3,"fmul.s	f2,f26,f9","ft2,fs10,fs1",
8000215c,sltiu,s11:00000001,,393c3d93,3,"sltiu	x27,x24,915","s11,s8,915",
80002160,flt.s,a5:00000000,,a1fa97d3,3,"flt.s	x15,f21,f31","a5,fs5,ft11",
80002164,slt,s4:00000000,,009a2a33,3,"slt	x20,x20,x9","s4,s4,s1",
80002168,fclass.s,s0:00000010,,e0079453,3,"fclass.s	x8,f15","s0,fa5",
8000216c,flt.s,t5:00000001,,a0071f53,3,"flt.s	x30,f14,f0","t5,fa4,ft0",
80002170,fdiv.s,fa6:7f800000,,18577853,3,"fdiv.s	f16,f14,f5","fa6,fa4,ft5",
80002174,sltiu,s0:00000001,,8277b413,3,"sltiu	x8,x15,-2009","s0,a5,-2009",
80002178,fmax.s,fa2:6703060d,,29971653,3,"fmax.s	f12,f14,f25","fa2,fa4,fs9",
8000217c,remu,t4:00000001,,033f7eb3,3,"remu	x29,x30,x19","t4,t5,s3",
80002184,or,s10:00000001,,002ded33,3,"or	x26,x27,x2","s10,s11,sp",
80002188,fcvt.s.wu,fs10:3f800000,,d0147d53,3,"fcvt.s.wu	f26,x8","fs10,s0",
8000218c,fcvt.s.w,fa4:3f800000,,d0077753,3,"fcvt.s.w	f14,x14","fa4,a4",
80002190,sub,tp:00000001,,40660233,3,"sub	x4,x12,x6","tp,a2,t1",
80002194,srai,s11:00000000,,4143dd93,3,"srai	x27,x7,0x14","s11,t2,0x14",
80002198,mulhsu,a3:00000000,,036c26b3,3,"mulhsu	x13,x24,x22","a3,s8,s6",
8000219c,add,ra:80041025,,005600b3,3,"add	x1,x12,x5","ra,a2,t0",
800021a0,feq.s,s5:00000000,,a1bfaad3,3,"feq.s	x21,f31,f27","s5,ft11,fs11",
800021a4,mul,s10:00000000,,03b78d33,3,"mul	x26,x15,x27","s10,a5,s11",
800021a8,rem,a4:fffffdf7,,02d86733,3,"rem	x14,x16,x13","a4,a6,a3",
800021ac,mul,s9:00000000,,03b48cb3,3,"mul	x25,x9,x27","s9,s1,s11",
800021b0,divu,s4:00000000,,03c35a33,3,"divu	x20,x6,x28","s4,t1,t3",
800021b4,lui,s11:acc7c000,,acc7cdb7,3,"lui	x27,0xacc7c","s11,0xacc7c",
800021b8,rem,a5:00000000,,0317e7b3,3,"rem	x15,x15,x17","a5,a5,a7",
800021bc,slti,tp:00000000,,81ea2213,3,"slti	x4,x20,-2018","tp,s4,-2018",
800021c0,add,t2:f7506207,,00e583b3,3,"add	x7,x11,x14","t2,a1,a4",
800021c4,xori,s7:fffffc43,,c4334b93,3,"xori	x23,x6,-957","s7,t1,-957",
800021c8,fmin.s,fa2:80000000,,28428653,3,"fmin.s	f12,f5,f4","fa2,ft5,ft4",
800021d0,srli,a7:00000000,,00125893,3,"srli	x17,x4,0x1","a7,tp,0x1",
800021d4,and,t4:00000000,,00a3feb3,3,"and	x29,x7,x10","t4,t2,a0",
800021d8,fle.s,a0:00000000,,a0a80553,3,"fle.s	x10,f16,f10","a0,fa6,fa0",
800021dc,andi,a0:00000000,,d4327513,3,"andi	x10,x4,-701","a0,tp,-701",
800021e0,fcvt.w.s,s8:7fffffff,,c00afc53,3,"fcvt.w.s	x24,f21","s8,fs5",
800021e4,andi,a0:fffff911,,91987513,3,"andi	x10,x16,-1767","a0,a6,-1767",
800021e8,div,gp:ffffffff,,0267c1b3,3,"div	x3,x15,x6","gp,a5,t1",
800021ec,sltu,s7:00000000,,00783bb3,3,"sltu	x23,x16,x7","s7,a6,t2",
800021f0,fclass.s,s3:00000010,,e00399d3,3,"fclass.s	x19,f7","s3,ft7",
800021f4,mulh,s10:00000000,,02391d33,3,"mulh	x26,x18,x3","s10,s2,gp",
800021f8,fcvt.wu.s,s10:00000000,,c0160d53,3,"fcvt.wu.s	x26,f12","s10,fa2",
800021fc,fsub.s,fa2:e703060d,,08ff8653,3,"fsub.s	f12,f31,f15","fa2,ft11,fa5",
80002200,fdiv.s,fs0:80000000,,18ba8453,3,"fdiv.s	f8,f21,f11","fs0,fs5,fa1",
80002204,fcvt.s.w,ft7:cefff7df,,d000f3d3,3,"fcvt.s.w	f7,x1","ft7,ra",
80002210,sll,t3:00000000,,00da9e33,3,"sll	x28,x21,x13","t3,s5,a3",
80002214,sll,s4:598f8000,,002d9a33,3,"sll	x20,x27,x2","s4,s11,sp",
80002218,fsgnj.s,fa3:4f800000,,203306d3,3,"fsgnj.s	f13,f6,f3","fa3,ft6,ft3",
8000221c,fcvt.wu.s,a6:00000000,,c0147853,3,"fcvt.wu.s	x16,f8","a6,fs0",
80002224,sub,ra:00000000,,416e80b3,3,"sub	x1,x29,x22","ra,t4,s6",
80002228,fmul.s,fa7:7fc00000,,11ed88d3,3,"fmul.s	f17,f27,f30","fa7,fs11,ft10",
8000222c,fclass.s,t3:00000002,,e00e9e53,3,"fclass.s	x28,f29","t3,ft9",
80002230,srai,t3:00000000,,41985e13,3,"srai	x28,x16,0x19","t3,a6,0x19",
80002234,div,a2:80041024,,0222c633,3,"div	x12,x5,x2","a2,t0,sp",
80002238,or,sp:f7506410,,0015e133,3,"or	x2,x11,x1","sp,a1,ra",
8000223c,lui,s9:75f32000,,75f32cb7,3,"lui	x25,0x75f32","s9,0x75f32",
80002240,mulh,s10:00000000,,02bb9d33,3,"mulh	x26,x23,x11","s10,s7,a1",
80002244,divu,t1:ffffffff,,03285333,3,"divu	x6,x16,x18","t1,a6,s2",
80002248,fmin.s,fs1:4f800000,,280684d3,3,"fmin.s	f9,f13,f0","fs1,fa3,ft0",
8000224c,mulhsu,s9:00000000,,033d2cb3,3,"mulhsu	x25,x26,x19","s9,s10,s3",
80002250,feq.s,s11:00000000,,a022add3,3,"feq.s	x27,f5,f2","s11,ft5,ft2",
80002254,flt.s,t2:00000000,,a08c93d3,3,"flt.s	x7,f25,f8","t2,fs9,fs0",
80002258,mulh,t6:00000000,,03539fb3,3,"mulh	x31,x7,x21","t6,t2,s5",
8000225c,xor,s5:598f8000,,0148cab3,3,"xor	x21,x17,x20","s5,a7,s4",
80002260,mulhu,s7:00000008,,02c9bbb3,3,"mulhu	x23,x19,x12","s7,s3,a2",
80002264,slt,s8:00000000,,01ccac33,3,"slt	x24,x25,x28","s8,s9,t3",
80002268,andi,t2:fffff810,,e5e57393,3,"andi	x7,x10,-418","t2,a0,-418",
8000226c,feq.s,t4:00000000,,a1c82ed3,3,"feq.s	x29,f16,f28","t4,fa6,ft8",
80002270,fsgnjn.s,ft11:ff800000,,20059fd3,3,"fsgnjn.s	f31,f11,f0","ft11,fa1,ft0",
80002274,fcvt.s.w,fs0:00000000,,d0084453,3,"fcvt.s.w	f8,x16","fs0,a6",
80002278,slt,s10:00000001,,0157ad33,3,"slt	x26,x15,x21","s10,a5,s5",
8000227c,srai,s7:fffffffe,,41b5db93,3,"srai	x23,x11,0x1b","s7,a1,0x1b",
80002280,mul,s4:a6f80000,,03510a33,3,"mul	x20,x2,x21","s4,sp,s5",
80002284,srli,s2:03ffffff,,006bd913,3,"srli	x18,x23,0x6","s2,s7,0x6",
80002288,mulh,t3:00000000,,02ae9e33,3,"mulh	x28,x29,x10","t3,t4,a0",
8000228c,and,t3:00000000,,01ab7e33,3,"and	x28,x22,x26","t3,s6,s10",
80002290,and,s4:00000000,,003cfa33,3,"and	x20,x25,x3","s4,s9,gp",
80002294,fsgnjn.s,ft9:bf800000,,20671ed3,3,"fsgnjn.s	f29,f14,f6","ft9,fa4,ft6",
80002298,xori,s4:fffffd05,,d05cca13,3,"xori	x20,x25,-763","s4,s9,-763",
8000229c,mulhu,s6:7bac1ee1,,02513b33,3,"mulhu	x22,x2,x5","s6,sp,t0",
800022a0,fcvt.s.wu,fs8:00000000,,d018bc53,3,"fcvt.s.wu	f24,x17","fs8,a7",
800022a4,fsqrt.s,ft10:52b94b22,,580b1f53,3,"fsqrt.s	f30,f22","ft10,fs6",
800022a8,fmv.x.w,s0:caec5300,,e0090453,3,"fmv.x.w	x8,f18","s0,fs2",
800022ac,fdiv.s,fs2:3b6c5300,,18797953,3,"fdiv.s	f18,f18,f7","fs2,fs2,ft7",
800022b0,fmul.s,fa5:80000000,,103287d3,3,"fmul.s	f15,f5,f3","fa5,ft5,ft3",
800022b4,xori,t3:00000561,,561e4e13,3,"xori	x28,x28,1377","t3,t3,1377",
800022b8,fle.s,t3:00000000,,a0c48e53,3,"fle.s	x28,f9,f12","t3,fs1,fa2",
800022bc,slli,sp:00000000,,01b69113,3,"slli	x2,x13,0x1b","sp,a3,0x1b",
800022c0,fmul.s,fs8:7fc00000,,11b4fc53,3,"fmul.s	f24,f9,f27","fs8,fs1,fs11",
800022c8,fmv.w.x,ft1:00000000,,f00d80d3,3,"fmv.w.x	f1,x27","ft1,s11",
800022cc,fmul.s,ft1:80000000,,10f570d3,3,"fmul.s	f1,f10,f15","ft1,fa0,fa5",
800022d0,div,sp:00000000,,02874133,3,"div	x2,x14,x8","sp,a4,s0",
800022d4,fmv.x.w,a2:7a3daba8,,e00a8653,3,"fmv.x.w	x12,f21","a2,fs5",
800022d8,fdiv.s,fa2:97800000,,18cd7653,3,"fdiv.s	f12,f26,f12","fa2,fs10,fa2",
800022dc,mulhsu,a4:3dd805ce,,029b2733,3,"mulhsu	x14,x22,x9","a4,s6,s1",
800022e0,sra,t4:00000000,,41a25eb3,3,"sra	x29,x4,x26","t4,tp,s10",
800022e4,fcvt.wu.s,s6:00000001,,c01d7b53,3,"fcvt.wu.s	x22,f26","s6,fs10",
800022e8,mulh,s0:00000000,,03eb1433,3,"mulh	x8,x22,x30","s0,s6,t5",
800022ec,feq.s,s5:00000000,,a0692ad3,3,"feq.s	x21,f18,f6","s5,fs2,ft6",
800022f0,fcvt.wu.s,a5:ffffffff,,c01277d3,3,"fcvt.wu.s	x15,f4","a5,ft4",
800022f4,srli,s0:00000000,,01305413,3,"srli	x8,x0,0x13","s0,zero,0x13",
800022f8,div,s2:ffffffff,,024cc933,3,"div	x18,x25,x4","s2,s9,tp",
800022fc,addi,s5:f7506869,,45958a93,3,"addi	x21,x11,1113","s5,a1,1113",
80002300,sub,a2:00000001,,40320633,3,"sub	x12,x4,x3","a2,tp,gp",
80002304,mulh,a4:00000000,,02e61733,3,"mulh	x14,x12,x14","a4,a2,a4",
80002308,slli,t3:00000400,,00699e13,3,"slli	x28,x19,0x6","t3,s3,0x6",
8000230c,add,s8:ffffffff,,012f8c33,3,"add	x24,x31,x18","s8,t6,s2",
80002310,fsub.s,fs11:bf800000,,08fefdd3,3,"fsub.s	f27,f29,f15","fs11,ft9,fa5",
80002314,flt.s,a2:00000001,,a0ad9653,3,"flt.s	x12,f27,f10","a2,fs11,fa0",
80002318,flt.s,a0:00000000,,a13b1553,3,"flt.s	x10,f22,f19","a0,fs6,fs3",
8000231c,mulhsu,gp:00000000,,0391a1b3,3,"mulhsu	x3,x3,x25","gp,gp,s9",
80002320,rem,s9:00000000,,0367ecb3,3,"rem	x25,x15,x22","s9,a5,s6",
80002324,srli,ra:00000000,,01905093,3,"srli	x1,x0,0x19","ra,zero,0x19",
80002328,slt,ra:00000000,,00ada0b3,3,"slt	x1,x27,x10","ra,s11,a0",
8000232c,mulhsu,sp:ffffffff,,03eaa133,3,"mulhsu	x2,x21,x30","sp,s5,t5",
80002330,fsub.s,fa4:7f800000,,08baf753,3,"fsub.s	f14,f21,f11","fa4,fs5,fa1",
80002334,mul,t6:00000000,,03140fb3,3,"mul	x31,x8,x17","t6,s0,a7",
80002338,fcvt.s.wu,fa4:4f7fffff,,d01c7753,3,"fcvt.s.wu	f14,x24","fa4,s8",
8000233c,mulhsu,s2:fba80ebf,,0295a933,3,"mulhsu	x18,x11,x9","s2,a1,s1",
80002340,fclass.s,s9:00000040,,e00e1cd3,3,"fclass.s	x25,f28","s9,ft8",
80002344,fmax.s,ft4:4f800000,,28b49253,3,"fmax.s	f4,f9,f11","ft4,fs1,fa1",
80002348,divu,s7:ffffffff,,03e35bb3,3,"divu	x23,x6,x30","s7,t1,t5",
8000234c,mul,a6:00000000,,02650833,3,"mul	x16,x10,x6","a6,a0,t1",
80002350,or,a2:00000001,,008d6633,3,"or	x12,x26,x8","a2,s10,s0",
80002354,fmax.s,fs4:4f800000,,29c49a53,3,"fmax.s	f20,f9,f28","fs4,fs1,ft8",
80002358,auipc,s10:5b0c5358,,db0c3d17,3,"auipc	x26,0xdb0c3","s10,0xdb0c3",
8000235c,mulh,tp:00000000,,03a09233,3,"mulh	x4,x1,x26","tp,ra,s10",
80002360,or,s3:00000001,,01bb69b3,3,"or	x19,x22,x27","s3,s6,s11",
80002364,srl,s7:00000000,,00b8dbb3,3,"srl	x23,x17,x11","s7,a7,a1",
80002368,fcvt.w.s,tp:00000001,,c0010253,3,"fcvt.w.s	x4,f2","tp,ft2",
8000236c,xori,t2:00000113,,11264393,3,"xori	x7,x12,274","t2,a2,274",
80002370,divu,a7:ffffffff,,02ae58b3,3,"divu	x17,x28,x10","a7,t3,a0",
80002374,remu,s10:00000000,,02d57d33,3,"remu	x26,x10,x13","s10,a0,a3",
8000237c,srl,a5:00000001,,01bf57b3,3,"srl	x15,x30,x27","a5,t5,s11",
80002380,fdiv.s,fs4:ff800000,,18f17a53,3,"fdiv.s	f20,f2,f15","fs4,ft2,fa5",
80002384,sra,a5:00000000,,414ed7b3,3,"sra	x15,x29,x20","a5,t4,s4",
80002388,or,t3:ffffffff,,00e36e33,3,"or	x28,x6,x14","t3,t1,a4",
8000238c,and,t4:00000000,,01b8feb3,3,"and	x29,x17,x27","t4,a7,s11",
80002390,fmax.s,fs5:50927de8,,28a09ad3,3,"fmax.s	f21,f1,f10","fs5,ft1,fa0",
80002394,ori,s6:fffffa1e,,a1e76b13,3,"ori	x22,x14,-1506","s6,a4,-1506",
80002398,srl,t2:ffffffff,,0008d3b3,3,"srl	x7,x17,x0","t2,a7,zero",
8000239c,fcvt.s.wu,ft2:00000000,,d0187153,3,"fcvt.s.wu	f2,x16","ft2,a6",
800023a0,lui,a0:80525000,,80525537,3,"lui	x10,0x80525","a0,0x80525",
800023a4,add,t3:fffffd04,,007a0e33,3,"add	x28,x20,x7","t3,s4,t2",
800023a8,fcvt.s.w,ft6:bf800000,,d0011353,3,"fcvt.s.w	f6,x2","ft6,sp",
800023ac,fle.s,t4:00000001,,a1ca0ed3,3,"fle.s	x29,f20,f28","t4,fs4,ft8",
800023b0,sltiu,s0:00000000,,9aba3413,3,"sltiu	x8,x20,-1621","s0,s4,-1621",
800023b4,add,a3:fba80ec0,,01e906b3,3,"add	x13,x18,x30","a3,s2,t5",
800023b8,rem,ra:80040fe4,,02e4e0b3,3,"rem	x1,x9,x14","ra,s1,a4",
800023c0,fsgnjx.s,ft4:4f800000,,20d6a253,3,"fsgnjx.s	f4,f13,f13","ft4,fa3,fa3",
800023c4,andi,s6:00000000,,19c9fb13,3,"andi	x22,x19,412","s6,s3,412",
800023c8,fsgnj.s,ft2:7f800000,,21580153,3,"fsgnj.s	f2,f16,f21","ft2,fa6,fs5",
800023cc,srl,gp:00000000,,0011d1b3,3,"srl	x3,x3,x1","gp,gp,ra",
800023d0,fmv.w.x,ft11:ffffffff,,f0030fd3,3,"fmv.w.x	f31,x6","ft11,t1",
800023d8,div,s9:00000000,,021b4cb3,3,"div	x25,x22,x1","s9,s6,ra",
800023dc,slli,a3:ffe00000,,01531693,3,"slli	x13,x6,0x15","a3,t1,0x15",
800023e0,fcvt.w.s,tp:7fffffff,,c008c253,3,"fcvt.w.s	x4,f17","tp,fa7",
800023e8,fclass.s,s6:00000001,,e00a1b53,3,"fclass.s	x22,f20","s6,fs4",
800023ec,feq.s,s2:00000000,,a1dca953,3,"feq.s	x18,f25,f29","s2,fs9,ft9",
800023f0,add,s11:7fe40fe4,,00168db3,3,"add	x27,x13,x1","s11,a3,ra",
800023f4,fsqrt.s,fs3:7fc00000,,580c79d3,3,"fsqrt.s	f19,f24","fs3,fs8",
800023f8,lui,s9:e9b5e000,,e9b5ecb7,3,"lui	x25,0xe9b5e","s9,0xe9b5e",
800023fc,fle.s,s6:00000000,,a1a88b53,3,"fle.s	x22,f17,f26","s6,fa7,fs10",
80002400,slt,t5:00000001,,013b2f33,3,"slt	x30,x22,x19","t5,s6,s3",
80002404,fcvt.s.wu,fs7:4f000411,,d012abd3,3,"fcvt.s.wu	f23,x5","fs7,t0",
80002408,srl,s2:00000000,,012bd933,3,"srl	x18,x23,x18","s2,s7,s2",
8000240c,fmul.s,ft1:ff800000,,110670d3,3,"fmul.s	f1,f12,f16","ft1,fa2,fa6",
80002410,fcvt.w.s,a0:1670d0e0,,c001f553,3,"fcvt.w.s	x10,f3","a0,ft3",
80002414,fsgnj.s,ft6:17800000,,20260353,3,"fsgnj.s	f6,f12,f2","ft6,fa2,ft2",
80002418,fsgnjx.s,fs7:3f800000,,217d2bd3,3,"fsgnjx.s	f23,f26,f23","fs7,fs10,fs7",
8000241c,sub,t6:7ffbf01c,,40178fb3,3,"sub	x31,x15,x1","t6,a5,ra",
80002420,remu,a7:00000000,,024078b3,3,"remu	x17,x0,x4","a7,zero,tp",
80002424,lui,a5:60bb8000,,60bb87b7,3,"lui	x15,0x60bb8","a5,0x60bb8",
80002428,fcvt.s.w,fs6:00000000,,d008ab53,3,"fcvt.s.w	f22,x17","fs6,a7",
8000242c,sra,s5:00000000,,41d65ab3,3,"sra	x21,x12,x29","s5,a2,t4",
80002430,srl,sp:00000000,,0029d133,3,"srl	x2,x19,x2","sp,s3,sp",
80002434,fmul.s,ft8:dd3380d4,,1033fe53,3,"fmul.s	f28,f7,f3","ft8,ft7,ft3",
80002438,fcvt.w.s,ra:ffffffff,,c00eb0d3,3,"fcvt.w.s	x1,f29","ra,ft9",
8000243c,sltu,t2:00000001,,01c9b3b3,3,"sltu	x7,x19,x28","t2,s3,t3",
80002440,divu,s6:00000000,,034bdb33,3,"divu	x22,x23,x20","s6,s7,s4",
80002444,sltu,a4:00000000,,00d0b733,3,"sltu	x14,x1,x13","a4,ra,a3",
80002448,sra,t4:ffe00000,,4116deb3,3,"sra	x29,x13,x17","t4,a3,a7",
8000244c,srl,s7:00000001,,00065bb3,3,"srl	x23,x12,x0","s7,a2,zero",
80002450,mulhu,a3:00000000,,028a36b3,3,"mulhu	x13,x20,x8","a3,s4,s0",
80002454,slti,ra:00000000,,e103a093,3,"slti	x1,x7,-496","ra,t2,-496",
80002458,slli,s0:00000000,,01a41413,3,"slli	x8,x8,0x1a","s0,s0,0x1a",
8000245c,auipc,s3:7549045c,,f548e997,3,"auipc	x19,0xf548e","s3,0xf548e",
80002460,fsqrt.s,fa7:7fc00000,,580c48d3,3,"fsqrt.s	f17,f24","fa7,fs8",
80002464,ori,t4:800410f6,,0f22ee93,3,"ori	x29,x5,242","t4,t0,242",
80002468,fcvt.s.w,fa7:3f800000,,d00f78d3,3,"fcvt.s.w	f17,x30","fa7,t5",
8000246c,fcvt.wu.s,sp:1670d0e0,,c011f153,3,"fcvt.wu.s	x2,f3","sp,ft3",
80002470,sltu,s7:00000000,,001c3bb3,3,"sltu	x23,x24,x1","s7,s8,ra",
80002474,mulhsu,a6:00000000,,03b72833,3,"mulhsu	x16,x14,x27","a6,a4,s11",
80002478,feq.s,gp:00000000,,a17aa1d3,3,"feq.s	x3,f21,f23","gp,fs5,fs7",
8000247c,mulhu,s4:00000000,,02103a33,3,"mulhu	x20,x0,x1","s4,zero,ra",
80002480,rem,s0:00000000,,02596433,3,"rem	x8,x18,x5","s0,s2,t0",
80002484,sltiu,s9:00000001,,9544bc93,3,"sltiu	x25,x9,-1708","s9,s1,-1708",
80002488,srai,s9:00000075,,4189dc93,3,"srai	x25,x19,0x18","s9,s3,0x18",
80002490,fsub.s,fs4:3b6c5300,,08c94a53,3,"fsub.s	f20,f18,f12","fs4,fs2,fa2",
80002494,mul,t6:00000000,,023e0fb3,3,"mul	x31,x28,x3","t6,t3,gp",
80002498,sll,s9:1d400000,,01dc9cb3,3,"sll	x25,x25,x29","s9,s9,t4",
8000249c,fadd.s,ft5:7fc00000,,001fb2d3,3,"fadd.s	f5,f31,f1","ft5,ft11,ft1",
800024a0,fmul.s,ft6:00000000,,11947353,3,"fmul.s	f6,f8,f25","ft6,fs0,fs9",
800024a4,feq.s,a0:00000000,,a0b6a553,3,"feq.s	x10,f13,f11","a0,fa3,fa1",
800024a8,slti,sp:00000000,,98f6a113,3,"slti	x2,x13,-1649","sp,a3,-1649",
800024ac,rem,s10:ffffffff,,030c6d33,3,"rem	x26,x24,x16","s10,s8,a6",
800024b0,or,t5:ffffffff,,00036f33,3,"or	x30,x6,x0","t5,t1,zero",
800024b4,slt,tp:00000000,,00122233,3,"slt	x4,x4,x1","tp,tp,ra",
800024b8,sra,t6:00000000,,41605fb3,3,"sra	x31,x0,x22","t6,zero,s6",
800024bc,remu,s0:00000000,,0252f433,3,"remu	x8,x5,x5","s0,t0,t0",
800024c0,sll,t2:00000010,,01b393b3,3,"sll	x7,x7,x27","t2,t2,s11",
800024c4,or,gp:00000000,,000961b3,3,"or	x3,x18,x0","gp,s2,zero",
800024c8,fle.s,s0:00000000,,a0e68453,3,"fle.s	x8,f13,f14","s0,fa3,fa4",
800024cc,addi,tp:00000594,,594b8213,3,"addi	x4,x23,1428","tp,s7,1428",
800024d0,fmul.s,fs9:7fc00000,,103f8cd3,3,"fmul.s	f25,f31,f3","fs9,ft11,ft3",
800024d4,flt.s,a2:00000000,,a1899653,3,"flt.s	x12,f19,f24","a2,fs3,fs8",
800024d8,and,s9:00000000,,00a47cb3,3,"and	x25,x8,x10","s9,s0,a0",
800024dc,or,s4:800410f6,,016eea33,3,"or	x20,x29,x22","s4,t4,s6",
800024e0,fcvt.s.wu,ft9:4f000410,,d01efed3,3,"fcvt.s.wu	f29,x29","ft9,t4",
800024e4,fsgnjx.s,ft7:ffffffff,,202fa3d3,3,"fsgnjx.s	f7,f31,f2","ft7,ft11,ft2",
800024e8,fcvt.s.wu,fa3:4eea9208,,d019f6d3,3,"fcvt.s.wu	f13,x19","fa3,s3",
800024ec,fle.s,t5:00000000,,a1cb8f53,3,"fle.s	x30,f23,f28","t5,fs7,ft8",
800024f0,divu,a3:00000000,,034fd6b3,3,"divu	x13,x31,x20","a3,t6,s4",
800024f4,srl,tp:00000000,,01855233,3,"srl	x4,x10,x24","tp,a0,s8",
800024f8,fcvt.wu.s,s9:00000000,,c017fcd3,3,"fcvt.wu.s	x25,f15","s9,fa5",
800024fc,feq.s,s11:00000000,,a02dadd3,3,"feq.s	x27,f27,f2","s11,fs11,ft2",
80002500,fcvt.wu.s,s6:80041000,,c01e8b53,3,"fcvt.wu.s	x22,f29","s6,ft9",
80002504,xori,s6:fffffd58,,d58acb13,3,"xori	x22,x21,-680","s6,s5,-680",
80002508,srai,a3:00000000,,415f5693,3,"srai	x13,x30,0x15","a3,t5,0x15",
8000250c,rem,t3:00000000,,033f6e33,3,"rem	x28,x30,x19","t3,t5,s3",
80002510,xori,s10:0000015f,,ea0d4d13,3,"xori	x26,x26,-352","s10,s10,-352",
80002514,xori,s4:60bb8527,,5277ca13,3,"xori	x20,x15,1319","s4,a5,1319",
80002518,flt.s,a2:00000000,,a0af1653,3,"flt.s	x12,f30,f10","a2,ft10,fa0",
8000251c,sra,t2:60bb8000,,4197d3b3,3,"sra	x7,x15,x25","t2,a5,s9",
80002520,fmv.x.w,s0:dd3380d4,,e00e0453,3,"fmv.x.w	x8,f28","s0,ft8",
80002524,fmv.w.x,fa2:00000000,,f00f8653,3,"fmv.w.x	f12,x31","fa2,t6",
80002528,fcvt.s.wu,ft5:00000000,,d018c2d3,3,"fcvt.s.wu	f5,x17","ft5,a7",
8000252c,fsgnj.s,fs8:d0927de8,,21f50c53,3,"fsgnj.s	f24,f10,f31","fs8,fa0,ft11",
80002530,fclass.s,t6:00000010,,e0029fd3,3,"fclass.s	x31,f5","t6,ft5",
80002534,lui,t4:68e6f000,,68e6feb7,3,"lui	x29,0x68e6f","t4,0x68e6f",
80002538,fadd.s,ft2:7fc00000,,016cf153,3,"fadd.s	f2,f25,f22","ft2,fs9,fs6",
8000253c,fdiv.s,ft7:7fc00000,,18f313d3,3,"fdiv.s	f7,f6,f15","ft7,ft6,fa5",
80002540,fdiv.s,fs6:7fc00000,,1815fb53,3,"fdiv.s	f22,f11,f1","fs6,fa1,ft1",
80002544,slli,a7:20800000,,01359893,3,"slli	x17,x11,0x13","a7,a1,0x13",
80002548,fmul.s,fs6:7fc00000,,107efb53,3,"fmul.s	f22,f29,f7","fs6,ft9,ft7",
8000254c,mulhu,s4:35bbd2cf,,0339ba33,3,"mulhu	x20,x19,x19","s4,s3,s3",
80002550,add,tp:fffffd58,,017b0233,3,"add	x4,x22,x23","tp,s6,s7",
80002554,srai,tp:00000000,,40565213,3,"srai	x4,x12,0x5","tp,a2,0x5",
80002558,fadd.s,ft2:3f800000,,0117f153,3,"fadd.s	f2,f15,f17","ft2,fa5,fa7",
8000255c,addi,t5:0000000e,,00ea8f13,3,"addi	x30,x21,14","t5,s5,14",
80002560,fcvt.s.wu,fs7:4f00040f,,d014fbd3,3,"fcvt.s.wu	f23,x9","fs7,s1",
80002564,fcvt.wu.s,t6:00000000,,c0167fd3,3,"fcvt.wu.s	x31,f12","t6,fa2",
80002568,xori,tp:ffffff71,,f71cc213,3,"xori	x4,x25,-143","tp,s9,-143",
8000256c,andi,t6:00000000,,d48dff93,3,"andi	x31,x27,-696","t6,s11,-696",
80002570,sub,tp:80041024,,41b28233,3,"sub	x4,x5,x27","tp,t0,s11",
80002574,fcvt.wu.s,s10:00000001,,c0117d53,3,"fcvt.wu.s	x26,f2","s10,ft2",
80002578,feq.s,t6:00000000,,a0fb2fd3,3,"feq.s	x31,f22,f15","t6,fs6,fa5",
8000257c,fcvt.s.wu,ft3:00000000,,d01621d3,3,"fcvt.s.wu	f3,x12","ft3,a2",
80002580,sra,s6:ffffffff,,41bc5b33,3,"sra	x22,x24,x27","s6,s8,s11",
80002584,fmv.w.x,ft9:00000000,,f0070ed3,3,"fmv.w.x	f29,x14","ft9,a4",
80002588,auipc,s8:e5091588,,6508fc17,3,"auipc	x24,0x6508f","s8,0x6508f",
8000258c,fcvt.wu.s,t1:00000001,,c018f353,3,"fcvt.wu.s	x6,f17","t1,fa7",
80002590,fcvt.wu.s,tp:00000000,,c0167253,3,"fcvt.wu.s	x4,f12","tp,fa2",
80002594,addi,tp:fffffb98,,b9890213,3,"addi	x4,x18,-1128","tp,s2,-1128",
80002598,xor,a4:f7506410,,00bac733,3,"xor	x14,x21,x11","a4,s5,a1",
8000259c,fsqrt.s,fa4:7fc00000,,58099753,3,"fsqrt.s	f14,f19","fa4,fs3",
800025a0,fmin.s,ft8:3f800000,,290d0e53,3,"fmin.s	f28,f26,f16","ft8,fs10,fa6",
800025a4,fsgnj.s,fs2:7f800000,,20308953,3,"fsgnj.s	f18,f1,f3","fs2,ft1,ft3",
800025a8,rem,s3:00000000,,03b069b3,3,"rem	x19,x0,x27","s3,zero,s11",
800025ac,fcvt.s.wu,fa3:00000000,,d01676d3,3,"fcvt.s.wu	f13,x12","fa3,a2",
800025b0,fcvt.wu.s,s5:00000001,,c01d3ad3,3,"fcvt.wu.s	x21,f26","s5,fs10",
800025b4,slt,s11:00000001,,01bc2db3,3,"slt	x27,x24,x27","s11,s8,s11",
800025b8,fdiv.s,ft9:00000000,,18069ed3,3,"fdiv.s	f29,f13,f0","ft9,fa3,ft0",
800025bc,flt.s,s5:00000000,,a0b09ad3,3,"flt.s	x21,f1,f11","s5,ft1,fa1",
800025c0,auipc,s8:6f9315c0,,ef92fc17,3,"auipc	x24,0xef92f","s8,0xef92f",
800025c4,rem,s10:00000001,,03236d33,3,"rem	x26,x6,x18","s10,t1,s2",
800025c8,fsqrt.s,fa4:7fc00000,,58071753,3,"fsqrt.s	f14,f14","fa4,fa4",
800025cc,rem,a4:00000000,,03c56733,3,"rem	x14,x10,x28","a4,a0,t3",
800025d0,sra,s11:f80040fe,,4094ddb3,3,"sra	x27,x9,x9","s11,s1,s1",
800025d4,fcvt.wu.s,t6:00000000,,c0122fd3,3,"fcvt.wu.s	x31,f4","t6,ft4",
800025d8,mulhsu,sp:00000000,,02a72133,3,"mulhsu	x2,x14,x10","sp,a4,a0",
800025dc,sub,t1:9744c0fe,,40fd8333,3,"sub	x6,x27,x15","t1,s11,a5",
800025e0,fle.s,s0:00000001,,a0878453,3,"fle.s	x8,f15,f8","s0,fa5,fs0",
800025e4,fdiv.s,ft2:7fc00000,,19f77153,3,"fdiv.s	f2,f14,f31","ft2,fa4,ft11",
800025e8,mulh,gp:00000000,,026111b3,3,"mulh	x3,x2,x6","gp,sp,t1",
800025ec,sltiu,t1:00000000,,3b3b3313,3,"sltiu	x6,x22,947","t1,s6,947",
800025f0,fclass.s,s0:00000010,,e0061453,3,"fclass.s	x8,f12","s0,fa2",
800025f4,flt.s,t3:00000000,,a0eb1e53,3,"flt.s	x28,f22,f14","t3,fs6,fa4",
800025f8,sra,a7:00000000,,40a558b3,3,"sra	x17,x10,x10","a7,a0,a0",
800025fc,sra,s10:00000000,,416bdd33,3,"sra	x26,x23,x22","s10,s7,s6",
80002600,srli,s9:07ba8320,,0055dc93,3,"srli	x25,x11,0x5","s9,a1,0x5",
80002604,fmul.s,fs8:7fc00000,,11f21c53,3,"fmul.s	f24,f4,f31","fs8,ft4,ft11",
80002608,fmax.s,ft9:3f800000,,28dd1ed3,3,"fmax.s	f29,f26,f13","ft9,fs10,fa3",
8000260c,fadd.s,fs2:00000000,,0037a953,3,"fadd.s	f18,f15,f3","fs2,fa5,ft3",
80002610,auipc,s6:cd4eb610,,4d4e9b17,3,"auipc	x22,0x4d4e9","s6,0x4d4e9",
80002614,div,a5:00000000,,025cc7b3,3,"div	x15,x25,x5","a5,s9,t0",
80002618,slti,t3:00000000,,980fae13,3,"slti	x28,x31,-1664","t3,t6,-1664",
8000261c,fmax.s,ft5:ff800000,,299592d3,3,"fmax.s	f5,f11,f25","ft5,fa1,fs9",
80002620,fle.s,s3:00000001,,a12d89d3,3,"fle.s	x19,f27,f18","s3,fs11,fs2",
80002628,slt,tp:00000000,,01c92233,3,"slt	x4,x18,x28","tp,s2,t3",
8000262c,fcvt.wu.s,s11:00000000,,c0148dd3,3,"fcvt.wu.s	x27,f9","s11,fs1",
80002630,fdiv.s,fa3:3f7fff38,,191e86d3,3,"fdiv.s	f13,f29,f17","fa3,ft9,fa7",
80002634,sra,t2:00000000,,405853b3,3,"sra	x7,x16,x5","t2,a6,t0",
80002638,srai,a7:00000000,,40385893,3,"srai	x17,x16,0x3","a7,a6,0x3",
8000263c,mulhsu,a3:00000000,,03b8a6b3,3,"mulhsu	x13,x17,x27","a3,a7,s11",
80002640,ori,tp:00000792,,79206213,3,"ori	x4,x0,1938","tp,zero,1938",
80002644,ori,s2:fffffca0,,ca01e913,3,"ori	x18,x3,-864","s2,gp,-864",
80002648,srli,a6:00000000,,0003d813,3,"srli	x16,x7,0x0","a6,t2,0x0",
8000264c,fsgnjn.s,fa7:ffc00000,,214c98d3,3,"fsgnjn.s	f17,f25,f20","fa7,fs9,fs4",
80002650,slti,a4:00000000,,c11a2713,3,"slti	x14,x20,-1007","a4,s4,-1007",
80002654,and,t5:00000000,,0179ff33,3,"and	x30,x19,x23","t5,s3,s7",
80002658,auipc,ra:d4f86658,,54f84097,3,"auipc	x1,0x54f84","ra,0x54f84",
8000265c,mulhsu,s7:00000000,,0259abb3,3,"mulhsu	x23,x19,x5","s7,s3,t0",
80002660,divu,s7:00000000,,0254dbb3,3,"divu	x23,x9,x5","s7,s1,t0",
80002664,fmax.s,fs7:3f7fff38,,28e69bd3,3,"fmax.s	f23,f13,f14","fs7,fa3,fa4",
80002668,sll,a0:07ba8320,,015c9533,3,"sll	x10,x25,x21","a0,s9,s5",
8000266c,sub,s8:68e6f000,,40fe8c33,3,"sub	x24,x29,x15","s8,t4,a5",
80002670,fmv.x.w,s5:00000000,,e0090ad3,3,"fmv.x.w	x21,f18","s5,fs2",
80002674,sll,a5:00000000,,01b897b3,3,"sll	x15,x17,x27","a5,a7,s11",
80002678,slli,s8:00000000,,015f9c13,3,"slli	x24,x31,0x15","s8,t6,0x15",
8000267c,fsgnjx.s,ft10:7fc00000,,2139af53,3,"fsgnjx.s	f30,f19,f19","ft10,fs3,fs3",
80002680,fdiv.s,ft2:7fc00000,,1912f153,3,"fdiv.s	f2,f5,f17","ft2,ft5,fa7",
80002684,fsqrt.s,fs9:7fc00000,,580c9cd3,3,"fsqrt.s	f25,f25","fs9,fs9",
80002688,fsgnjx.s,fa2:00000000,,2161a653,3,"fsgnjx.s	f12,f3,f22","fa2,ft3,fs6",
8000268c,fsgnjx.s,ft5:3b6c5300,,217a22d3,3,"fsgnjx.s	f5,f20,f23","ft5,fs4,fs7",
80002694,fmv.x.w,a0:7fc00000,,e0070553,3,"fmv.x.w	x10,f14","a0,fa4",
80002698,mulh,a0:00000000,,02d99533,3,"mulh	x10,x19,x13","a0,s3,a3",
8000269c,fcvt.s.w,ft9:c4580000,,d0097ed3,3,"fcvt.s.w	f29,x18","ft9,s2",
800026a0,fsub.s,fs11:7fc00000,,0803bdd3,3,"fsub.s	f27,f7,f0","fs11,ft7,ft0",
800026a4,srai,a0:00000000,,40985513,3,"srai	x10,x16,0x9","a0,a6,0x9",
800026ac,slti,ra:00000000,,7b4ca093,3,"slti	x1,x25,1972","ra,s9,1972",
800026b0,fcvt.w.s,a4:7fffffff,,c008b753,3,"fcvt.w.s	x14,f17","a4,fa7",
800026b4,sll,s9:00000000,,008d1cb3,3,"sll	x25,x26,x8","s9,s10,s0",
800026b8,fdiv.s,ft2:7f800000,,19584153,3,"fdiv.s	f2,f16,f21","ft2,fa6,fs5",
800026bc,srli,s4:00000000,,011e5a13,3,"srli	x20,x28,0x11","s4,t3,0x11",
800026c0,mulhu,t6:00000000,,0296bfb3,3,"mulhu	x31,x13,x9","t6,a3,s1",
800026c4,srli,s7:00000000,,01aadb93,3,"srli	x23,x21,0x1a","s7,s5,0x1a",
800026c8,fclass.s,a4:00000040,,e00a1753,3,"fclass.s	x14,f20","a4,fs4",
800026cc,fsgnjx.s,ft6:00000000,,21742353,3,"fsgnjx.s	f6,f8,f23","ft6,fs0,fs7",
800026d0,sltu,t1:00000000,,01e83333,3,"sltu	x6,x16,x30","t1,a6,t5",
800026d4,srli,s0:00000000,,00545413,3,"srli	x8,x8,0x5","s0,s0,0x5",
800026d8,fsqrt.s,fs8:3f3503d5,,5806fc53,3,"fsqrt.s	f24,f13","fs8,fa3",
800026dc,flt.s,a2:00000000,,a19d9653,3,"flt.s	x12,f27,f25","a2,fs11,fs9",
800026e4,fle.s,gp:00000001,,a17601d3,3,"fle.s	x3,f12,f23","gp,fa2,fs7",
800026e8,xor,t1:00000000,,000c4333,3,"xor	x6,x24,x0","t1,s8,zero",
800026ec,fcvt.wu.s,sp:00000001,,c01d1153,3,"fcvt.wu.s	x2,f26","sp,fs10",
800026f0,lui,gp:e1836000,,e18361b7,3,"lui	x3,0xe1836","gp,0xe1836",
800026f4,mulh,a3:00000000,,03e896b3,3,"mulh	x13,x17,x30","a3,a7,t5",
800026f8,divu,s0:ffffffff,,02a4d433,3,"divu	x8,x9,x10","s0,s1,a0",
800026fc,feq.s,s6:00000000,,a003ab53,3,"feq.s	x22,f7,f0","s6,ft7,ft0",
80002700,fmin.s,fa4:3b6c5300,,29480753,3,"fmin.s	f14,f16,f20","fa4,fa6,fs4",
80002704,fcvt.s.w,fa0:00000000,,d0037553,3,"fcvt.s.w	f10,x6","fa0,t1",
80002708,fcvt.s.w,fs1:00000000,,d00d74d3,3,"fcvt.s.w	f9,x26","fs1,s10",
8000270c,fsqrt.s,fs3:00000000,,580479d3,3,"fsqrt.s	f19,f8","fs3,fs0",
80002710,addi,a6:80040d22,,cfe28813,3,"addi	x16,x5,-770","a6,t0,-770",
80002714,xor,s0:00000000,,001ac433,3,"xor	x8,x21,x1","s0,s5,ra",
80002718,srai,s10:ffba8320,,4055dd13,3,"srai	x26,x11,0x5","s10,a1,0x5",
8000271c,fmul.s,fs9:00000000,,11374cd3,3,"fmul.s	f25,f14,f19","fs9,fa4,fs3",
80002720,xori,s9:fffffcb4,,cb404c93,3,"xori	x25,x0,-844","s9,zero,-844",
80002724,mulhsu,s3:00000000,,03b2a9b3,3,"mulhsu	x19,x5,x27","s3,t0,s11",
80002728,lui,s11:0375a000,,0375adb7,3,"lui	x27,0x375a","s11,0x375a",
8000272c,rem,s3:00000000,,03f569b3,3,"rem	x19,x10,x31","s3,a0,t6",
80002730,slt,s4:00000000,,00992a33,3,"slt	x20,x18,x9","s4,s2,s1",
80002734,fsgnjn.s,ft2:d0927de8,,209a9153,3,"fsgnjn.s	f2,f21,f9","ft2,fs5,fs1",
80002738,fsgnjn.s,ft1:80000000,,21a490d3,3,"fsgnjn.s	f1,f9,f26","ft1,fs1,fs10",
8000273c,fsub.s,ft0:bb6c5300,,09457053,3,"fsub.s	f0,f10,f20","ft0,fa0,fs4",
80002740,fle.s,t5:00000001,,a0960f53,3,"fle.s	x30,f12,f9","t5,fa2,fs1",
80002744,feq.s,s8:00000000,,a1a82c53,3,"feq.s	x24,f16,f26","s8,fa6,fs10",
80002748,slt,s11:00000000,,001aadb3,3,"slt	x27,x21,x1","s11,s5,ra",
8000274c,slli,s4:80000000,,01971a13,3,"slli	x20,x14,0x19","s4,a4,0x19",
80002750,fsub.s,ft0:7f800000,,08b04053,3,"fsub.s	f0,f0,f11","ft0,ft0,fa1",
80002754,fcvt.s.wu,fa1:00000000,,d01df5d3,3,"fcvt.s.wu	f11,x27","fa1,s11",
80002758,flt.s,s2:00000000,,a1e41953,3,"flt.s	x18,f8,f30","s2,fs0,ft10",
8000275c,slli,s11:04800000,,01529d93,3,"slli	x27,x5,0x15","s11,t0,0x15",
80002760,xor,a0:00000001,,01cf4533,3,"xor	x10,x30,x28","a0,t5,t3",
80002764,fmin.s,fs3:3f7fff38,,291689d3,3,"fmin.s	f19,f13,f17","fs3,fa3,fa7",
80002768,sub,s3:ffffffff,,41e009b3,3,"sub	x19,x0,x30","s3,zero,t5",
8000276c,sltu,sp:00000000,,00773133,3,"sltu	x2,x14,x7","sp,a4,t2",
80002770,fmul.s,ft4:80000000,,1014f253,3,"fmul.s	f4,f9,f1","ft4,fs1,ft1",
80002774,fclass.s,s4:00000010,,e0051a53,3,"fclass.s	x20,f10","s4,fa0",
80002778,fadd.s,fa0:00000000,,00637553,3,"fadd.s	f10,f6,f6","fa0,ft6,ft6",
8000277c,ori,s3:fffffd48,,d4866993,3,"ori	x19,x12,-696","s3,a2,-696",
80002780,fmv.x.w,s7:00000000,,e00c8bd3,3,"fmv.x.w	x23,f25","s7,fs9",
80002784,fcvt.wu.s,s11:ffffffff,,c01afdd3,3,"fcvt.wu.s	x27,f21","s11,fs5",
80002788,or,s2:80040d22,,00886933,3,"or	x18,x16,x8","s2,a6,s0",
80002790,fmv.x.w,tp:3b6c5300,,e0070253,3,"fmv.x.w	x4,f14","tp,fa4",
80002794,auipc,t3:cc0cf794,,4c0cde17,3,"auipc	x28,0x4c0cd","t3,0x4c0cd",
80002798,srai,t2:fffe6067,,40de5393,3,"srai	x7,x28,0xd","t2,t3,0xd",
8000279c,sltiu,s2:00000001,,5a1ab913,3,"sltiu	x18,x21,1441","s2,s5,1441",
800027a0,sltiu,t4:00000001,,a337be93,3,"sltiu	x29,x15,-1485","t4,a5,-1485",
800027a4,divu,a4:ffffffff,,02f25733,3,"divu	x14,x4,x15","a4,tp,a5",
800027a8,lui,a2:b168b000,,b168b637,3,"lui	x12,0xb168b","a2,0xb168b",
800027ac,fsgnjn.s,ft7:ffc00000,,20af13d3,3,"fsgnjn.s	f7,f30,f10","ft7,ft10,fa0",
800027b0,slt,t4:00000001,,01ed2eb3,3,"slt	x29,x26,x30","t4,s10,t5",
800027b4,slti,t6:00000001,,f1562f93,3,"slti	x31,x12,-235","t6,a2,-235",
800027b8,srli,a7:000162d1,,00f65893,3,"srli	x17,x12,0xf","a7,a2,0xf",
800027bc,fcvt.s.w,fs5:cefff7e0,,d0049ad3,3,"fcvt.s.w	f21,x9","fs5,s1",
800027c0,rem,s9:ffffffff,,038decb3,3,"rem	x25,x27,x24","s9,s11,s8",
800027c4,fmv.w.x,fs6:f7506410,,f0058b53,3,"fmv.w.x	f22,x11","fs6,a1",
800027c8,fmul.s,fs1:00000000,,10a4f4d3,3,"fmul.s	f9,f9,f10","fs1,fs1,fa0",
800027cc,xori,t1:0000060b,,60bbc313,3,"xori	x6,x23,1547","t1,s7,1547",
800027d0,slt,tp:00000001,,000ca233,3,"slt	x4,x25,x0","tp,s9,zero",
800027d4,fle.s,a2:00000000,,a1c38653,3,"fle.s	x12,f7,f28","a2,ft7,ft8",
800027d8,and,s4:00000000,,01397a33,3,"and	x20,x18,x19","s4,s2,s3",
800027dc,fcvt.s.wu,fs10:47b16880,,d0189d53,3,"fcvt.s.wu	f26,x17","fs10,a7",
800027e0,srli,s5:0000007b,,0195da93,3,"srli	x21,x11,0x19","s5,a1,0x19",
800027e4,sltiu,s6:00000000,,ab273b13,3,"sltiu	x22,x14,-1358","s6,a4,-1358",
800027e8,auipc,s3:9602e7e8,,1602c997,3,"auipc	x19,0x1602c","s3,0x1602c",
800027ec,fcvt.wu.s,s2:00000000,,c017f953,3,"fcvt.wu.s	x18,f15","s2,fa5",
800027f4,mulhsu,ra:ffffffff,,025ca0b3,3,"mulhsu	x1,x25,x5","ra,s9,t0",
800027f8,fsub.s,ft3:77506410,,096d41d3,3,"fsub.s	f3,f26,f22","ft3,fs10,fs6",
800027fc,slt,sp:00000001,,014d2133,3,"slt	x2,x26,x20","sp,s10,s4",
80002800,and,a5:00000000,,009ef7b3,3,"and	x15,x29,x9","a5,t4,s1",
80002804,srai,t4:00000000,,4036de93,3,"srai	x29,x13,0x3","t4,a3,0x3",
80002808,sltiu,t1:00000000,,20a4b313,3,"sltiu	x6,x9,522","t1,s1,522",
8000280c,fdiv.s,fa7:80000000,,19a238d3,3,"fdiv.s	f17,f4,f26","fa7,ft4,fs10",
80002810,mulh,a3:00000000,,029b16b3,3,"mulh	x13,x22,x9","a3,s6,s1",
80002814,fdiv.s,fs7:00000000,,1835fbd3,3,"fdiv.s	f23,f11,f3","fs7,fa1,ft3",
80002818,fsgnj.s,fs4:00000000,,20608a53,3,"fsgnj.s	f20,f1,f6","fs4,ft1,ft6",
8000281c,fadd.s,ft5:47b16880,,01acb2d3,3,"fadd.s	f5,f25,f26","ft5,fs9,fs10",
80002820,fle.s,s3:00000000,,a1dc89d3,3,"fle.s	x19,f25,f29","s3,fs9,ft9",
80002824,fcvt.s.w,ft2:00000000,,d00a7153,3,"fcvt.s.w	f2,x20","ft2,s4",
8000282c,sra,s11:00000000,,40045db3,3,"sra	x27,x8,x0","s11,s0,zero",
80002830,sra,ra:00000000,,40a150b3,3,"sra	x1,x2,x10","ra,sp,a0",
80002834,slli,a0:06910000,,00f81513,3,"slli	x10,x16,0xf","a0,a6,0xf",
80002838,fmv.x.w,s2:77506410,,e0018953,3,"fmv.x.w	x18,f3","s2,ft3",
8000283c,sra,ra:3ba83208,,402950b3,3,"sra	x1,x18,x2","ra,s2,sp",
80002840,mulh,t2:ffffffff,,03fd13b3,3,"mulh	x7,x26,x31","t2,s10,t6",
80002844,mul,gp:00000000,,029681b3,3,"mul	x3,x13,x9","gp,a3,s1",
80002848,fclass.s,a7:00000008,,e00218d3,3,"fclass.s	x17,f4","a7,ft4",
8000284c,xor,t4:3ba83208,,0140ceb3,3,"xor	x29,x1,x20","t4,ra,s4",
80002850,fle.s,a2:00000001,,a0e30653,3,"fle.s	x12,f6,f14","a2,ft6,fa4",
80002854,remu,gp:3ba83208,,03bef1b3,3,"remu	x3,x29,x27","gp,t4,s11",
80002858,auipc,a3:96bd8858,,16bd6697,3,"auipc	x13,0x16bd6","a3,0x16bd6",
8000285c,fmul.s,ft4:00000000,,10b58253,3,"fmul.s	f4,f11,f11","ft4,fa1,fa1",
80002860,add,t5:77506410,,01d08f33,3,"add	x30,x1,x29","t5,ra,t4",
80002864,xori,a0:3ba83729,,5211c513,3,"xori	x10,x3,1313","a0,gp,1313",
80002868,fsgnjn.s,fs4:80000000,,20209a53,3,"fsgnjn.s	f20,f1,f2","fs4,ft1,ft2",
8000286c,or,s9:00000000,,01836cb3,3,"or	x25,x6,x24","s9,t1,s8",
80002870,slt,s5:00000000,,0068aab3,3,"slt	x21,x17,x6","s5,a7,t1",
80002874,sltiu,a0:00000001,,b08bb513,3,"sltiu	x10,x23,-1272","a0,s7,-1272",
80002878,sra,t5:3ba83208,,4181df33,3,"sra	x30,x3,x24","t5,gp,s8",
8000287c,slti,a4:00000001,,47002713,3,"slti	x14,x0,1136","a4,zero,1136",
80002880,fdiv.s,ft5:80000000,,198a32d3,3,"fdiv.s	f5,f20,f24","ft5,fs4,fs8",
80002884,mulh,a4:00000000,,03811733,3,"mulh	x14,x2,x24","a4,sp,s8",
80002888,fsqrt.s,fs2:80000000,,5807f953,3,"fsqrt.s	f18,f15","fs2,fa5",
8000288c,fmul.s,fa3:80000000,,118896d3,3,"fmul.s	f13,f17,f24","fa3,fa7,fs8",
80002890,srli,sp:00000000,,007a5113,3,"srli	x2,x20,0x7","sp,s4,0x7",
80002894,fcvt.wu.s,a0:ffffffff,,c0119553,3,"fcvt.wu.s	x10,f3","a0,ft3",
80002898,add,a6:ffba8321,,01fd0833,3,"add	x16,x26,x31","a6,s10,t6",
8000289c,auipc,t4:6334589c,,e3343e97,3,"auipc	x29,0xe3343","t4,0xe3343",
800028a0,fcvt.wu.s,t5:00000000,,c0167f53,3,"fcvt.wu.s	x30,f12","t5,fa2",
800028a4,mulhsu,s11:00000000,,02c22db3,3,"mulhsu	x27,x4,x12","s11,tp,a2",
800028a8,sltu,t3:00000000,,00c6be33,3,"sltu	x28,x13,x12","t3,a3,a2",
800028ac,sra,s11:00000000,,415cddb3,3,"sra	x27,x25,x21","s11,s9,s5",
800028b0,fmul.s,fs0:80000000,,11470453,3,"fmul.s	f8,f14,f20","fs0,fa4,fs4",
800028b4,fmin.s,fa5:00000000,,289507d3,3,"fmin.s	f15,f10,f9","fa5,fa0,fs1",
800028b8,divu,a3:ffffffff,,020fd6b3,3,"divu	x13,x31,x0","a3,t6,zero",
800028bc,srai,s10:00000000,,410add13,3,"srai	x26,x21,0x10","s10,s5,0x10",
800028c0,fcvt.s.w,ft8:4ec668b1,,d00efe53,3,"fcvt.s.w	f28,x29","ft8,t4",
800028c4,fmul.s,ft1:7fc00000,,10cf70d3,3,"fmul.s	f1,f30,f12","ft1,ft10,fa2",
800028c8,fcvt.s.w,ft3:00000000,,d00471d3,3,"fcvt.s.w	f3,x8","ft3,s0",
800028cc,fcvt.s.wu,fs9:4e6ea0c8,,d011fcd3,3,"fcvt.s.wu	f25,x3","fs9,gp",
800028d0,remu,s5:00000000,,022a7ab3,3,"remu	x21,x20,x2","s5,s4,sp",
800028d4,srai,t3:00000000,,404c5e13,3,"srai	x28,x24,0x4","t3,s8,0x4",
800028d8,srl,s2:00000000,,00ea5933,3,"srl	x18,x20,x14","s2,s4,a4",
800028dc,fmv.x.w,t1:00000000,,e00b8353,3,"fmv.x.w	x6,f23","t1,fs7",
800028e0,fmv.w.x,ft8:00000000,,f0010e53,3,"fmv.w.x	f28,x2","ft8,sp",
800028e4,sltu,a5:00000000,,013337b3,3,"sltu	x15,x6,x19","a5,t1,s3",
800028e8,sll,s8:00000000,,009c1c33,3,"sll	x24,x24,x9","s8,s8,s1",
800028ec,xor,ra:ffffffff,,00f540b3,3,"xor	x1,x10,x15","ra,a0,a5",
800028f0,sltu,gp:00000000,,017831b3,3,"sltu	x3,x16,x23","gp,a6,s7",
800028f4,fadd.s,ft2:7f800000,,010eb153,3,"fadd.s	f2,f29,f16","ft2,ft9,fa6",
800028f8,fsgnj.s,fs4:00000000,,201e0a53,3,"fsgnj.s	f20,f28,f1","fs4,ft8,ft1",
800028fc,ori,a0:ffffff3c,,f3c16513,3,"ori	x10,x2,-196","a0,sp,-196",
80002900,mulhu,a6:ffba8320,,0303b833,3,"mulhu	x16,x7,x16","a6,t2,a6",
80002904,ori,a6:f750671c,,70c5e813,3,"ori	x16,x11,1804","a6,a1,1804",
80002908,andi,s7:00000000,,af37fb93,3,"andi	x23,x15,-1293","s7,a5,-1293",
8000290c,or,s7:ffffff3c,,00f56bb3,3,"or	x23,x10,x15","s7,a0,a5",
80002910,slli,t5:00000000,,01131f13,3,"slli	x30,x6,0x11","t5,t1,0x11",
80002914,divu,s4:ffffffff,,032fda33,3,"divu	x20,x31,x18","s4,t6,s2",
80002918,fmin.s,fs5:00000000,,28bd0ad3,3,"fmin.s	f21,f26,f11","fs5,fs10,fa1",
8000291c,fmul.s,fa6:7fc00000,,10987853,3,"fmul.s	f16,f16,f9","fa6,fa6,fs1",
80002920,fsub.s,fa1:ce6ea0c8,,099695d3,3,"fsub.s	f11,f13,f25","fa1,fa3,fs9",
80002924,srai,a0:00000000,,41a9d513,3,"srai	x10,x19,0x1a","a0,s3,0x1a",
80002928,sra,s4:fffffff8,,41d2da33,3,"sra	x20,x5,x29","s4,t0,t4",
8000292c,add,s5:00000000,,00210ab3,3,"add	x21,x2,x2","s5,sp,sp",
80002930,fcvt.s.w,fa1:00000000,,d00b75d3,3,"fcvt.s.w	f11,x22","fa1,s6",
80002934,sra,s9:ffffffff,,4016dcb3,3,"sra	x25,x13,x1","s9,a3,ra",
80002938,lui,s6:86eb8000,,86eb8b37,3,"lui	x22,0x86eb8","s6,0x86eb8",
8000293c,sra,s2:fffffff8,,40ea5933,3,"sra	x18,x20,x14","s2,s4,a4",
80002940,sll,s7:00000000,,00199bb3,3,"sll	x23,x19,x1","s7,s3,ra",
80002944,mulh,gp:00000000,,03c191b3,3,"mulh	x3,x3,x28","gp,gp,t3",
80002948,fsqrt.s,fa4:80000000,,5806c753,3,"fsqrt.s	f14,f13","fa4,fa3",
8000294c,srl,t6:fffffff8,,00395fb3,3,"srl	x31,x18,x3","t6,s2,gp",
80002950,flt.s,s9:00000001,,a02a9cd3,3,"flt.s	x25,f21,f2","s9,fs5,ft2",
80002954,remu,s5:00000000,,03bc7ab3,3,"remu	x21,x24,x27","s5,s8,s11",
80002958,fcvt.wu.s,s3:ffffffff,,c01f09d3,3,"fcvt.wu.s	x19,f30","s3,ft10",
8000295c,auipc,s3:adad995c,,2dad7997,3,"auipc	x19,0x2dad7","s3,0x2dad7",
80002960,mulh,a0:00000000,,02359533,3,"mulh	x10,x11,x3","a0,a1,gp",
80002964,fcvt.wu.s,s5:00000360,,c01ecad3,3,"fcvt.wu.s	x21,f29","s5,ft9",
80002968,lui,s10:670b3000,,670b3d37,3,"lui	x26,0x670b3","s10,0x670b3",
8000296c,fle.s,tp:00000000,,a1000253,3,"fle.s	x4,f0,f16","tp,ft0,fa6",
80002970,mulhu,s9:00000000,,03003cb3,3,"mulhu	x25,x0,x16","s9,zero,a6",
80002974,and,t5:00000000,,007e7f33,3,"and	x30,x28,x7","t5,t3,t2",
80002978,srli,s6:00000000,,011bdb13,3,"srli	x22,x23,0x11","s6,s7,0x11",
8000297c,fmv.x.w,t4:80000000,,e0090ed3,3,"fmv.x.w	x29,f18","t4,fs2",
80002980,feq.s,s3:00000000,,a1f429d3,3,"feq.s	x19,f8,f31","s3,fs0,ft11",
80002988,fadd.s,fs2:80000000,,0085a953,3,"fadd.s	f18,f11,f8","fs2,fa1,fs0",
8000298c,lui,t5:1d279000,,1d279f37,3,"lui	x30,0x1d279","t5,0x1d279",
80002990,sub,s6:98f4cfff,,41a38b33,3,"sub	x22,x7,x26","s6,t2,s10",
80002994,sub,a2:00000000,,41bd8633,3,"sub	x12,x27,x27","a2,s11,s11",
80002998,srai,t6:ffffffff,,4193df93,3,"srai	x31,x7,0x19","t6,t2,0x19",
800029a0,fsub.s,fs4:ff800000,,08088a53,3,"fsub.s	f20,f17,f0","fs4,fa7,ft0",
800029a4,fsqrt.s,ft0:7fc00000,,580a7053,3,"fsqrt.s	f0,f20","ft0,fs4",
800029a8,srai,sp:00000000,,4158d113,3,"srai	x2,x17,0x15","sp,a7,0x15",
800029ac,sra,s9:00000360,,400adcb3,3,"sra	x25,x21,x0","s9,s5,zero",
800029b0,divu,sp:00000000,,034d5133,3,"divu	x2,x26,x20","sp,s10,s4",
800029b4,fclass.s,t3:00000010,,e00a9e53,3,"fclass.s	x28,f21","t3,fs5",
800029bc,lui,s9:7ff8a000,,7ff8acb7,3,"lui	x25,0x7ff8a","s9,0x7ff8a",
800029c0,fcvt.wu.s,a0:00000000,,c01ab553,3,"fcvt.wu.s	x10,f21","a0,fs5",
800029c4,slt,a5:00000000,,009c27b3,3,"slt	x15,x24,x9","a5,s8,s1",
800029c8,slti,t5:00000000,,ff8f2f13,3,"slti	x30,x30,-8","t5,t5,-8",
800029cc,fcvt.wu.s,a6:00000000,,c0197853,3,"fcvt.wu.s	x16,f18","a6,fs2",
800029d4,addi,a5:000007a2,,7a368793,3,"addi	x15,x13,1955","a5,a3,1955",
800029d8,mulhu,t5:3ffe57d4,,0394bf33,3,"mulhu	x30,x9,x25","t5,s1,s9",
800029dc,ori,a4:00000472,,4729e713,3,"ori	x14,x19,1138","a4,s3,1138",
800029e0,and,s8:00000000,,002a7c33,3,"and	x24,x20,x2","s8,s4,sp",
800029e4,slt,a2:00000000,,00ada633,3,"slt	x12,x27,x10","a2,s11,a0",
800029e8,srli,t2:80040fe4,,0004d393,3,"srli	x7,x9,0x0","t2,s1,0x0",
800029ec,sll,s0:00000000,,01671433,3,"sll	x8,x14,x22","s0,a4,s6",
800029f0,slti,t3:00000000,,c9de2e13,3,"slti	x28,x28,-867","t3,t3,-867",
800029f4,fmv.w.x,ft6:670b3000,,f00d0353,3,"fmv.w.x	f6,x26","ft6,s10",
800029f8,fcvt.wu.s,s2:ffffffff,,c0132953,3,"fcvt.wu.s	x18,f6","s2,ft6",
80002a00,ori,t6:ffffff3e,,f3ecef93,3,"ori	x31,x25,-194","t6,s9,-194",
80002a04,fsub.s,ft3:7fc00000,,08aff1d3,3,"fsub.s	f3,f31,f10","ft3,ft11,fa0",
80002a08,srai,a3:ffffffe7,,403fd693,3,"srai	x13,x31,0x3","a3,t6,0x3",
80002a0c,fdiv.s,ft6:7fc00000,,19cf0353,3,"fdiv.s	f6,f30,f28","ft6,ft10,ft8",
80002a10,remu,s2:ffffffe7,,0376f933,3,"remu	x18,x13,x23","s2,a3,s7",
80002a14,sltu,s9:00000000,,00acbcb3,3,"sltu	x25,x25,x10","s9,s9,a0",
80002a18,fcvt.s.w,fs2:4ece1660,,d00d7953,3,"fcvt.s.w	f18,x26","fs2,s10",
80002a1c,fmul.s,fa6:7fc00000,,11c0f853,3,"fmul.s	f16,f1,f28","fa6,ft1,ft8",
80002a20,sll,s10:00000000,,013c1d33,3,"sll	x26,x24,x19","s10,s8,s3",
80002a24,auipc,tp:c79aca24,,479aa217,3,"auipc	x4,0x479aa","tp,0x479aa",
80002a28,fcvt.s.w,ft2:00000000,,d00d9153,3,"fcvt.s.w	f2,x27","ft2,s11",
80002a2c,mulhsu,s3:00000000,,02be29b3,3,"mulhsu	x19,x28,x11","s3,t3,a1",
80002a30,or,s0:ffffff3e,,01fbe433,3,"or	x8,x23,x31","s0,s7,t6",
80002a34,fsqrt.s,ft5:7fc00000,,5801a2d3,3,"fsqrt.s	f5,f3","ft5,ft3",
80002a38,rem,s6:00000000,,02706b33,3,"rem	x22,x0,x7","s6,zero,t2",
80002a3c,auipc,s6:035e8a3c,,835e6b17,3,"auipc	x22,0x835e6","s6,0x835e6",
80002a40,lui,s8:03987000,,03987c37,3,"lui	x24,0x3987","s8,0x3987",
80002a44,fmax.s,ft4:00000000,,29449253,3,"fmax.s	f4,f9,f20","ft4,fs1,fs4",
80002a48,fcvt.s.w,ft9:c3420000,,d0047ed3,3,"fcvt.s.w	f29,x8","ft9,s0",
80002a4c,and,s0:ffffff26,,0086f433,3,"and	x8,x13,x8","s0,a3,s0",
80002a50,fmul.s,fa1:47b167f5,,113d45d3,3,"fmul.s	f11,f26,f19","fa1,fs10,fs3",
80002a54,div,a0:00000000,,0388c533,3,"div	x10,x17,x24","a0,a7,s8",
80002a58,fmul.s,ft11:7fc00000,,1079ffd3,3,"fmul.s	f31,f19,f7","ft11,fs3,ft7",
80002a5c,slli,a6:00800000,,01489813,3,"slli	x16,x17,0x14","a6,a7,0x14",
80002a60,xori,s5:f7506390,,7805ca93,3,"xori	x21,x11,1920","s5,a1,1920",
80002a64,sltiu,s11:00000001,,b643bd93,3,"sltiu	x27,x7,-1180","s11,t2,-1180",
80002a68,sltu,tp:00000001,,015f3233,3,"sltu	x4,x30,x21","tp,t5,s5",
80002a6c,fmax.s,fs10:00000000,,28679d53,3,"fmax.s	f26,f15,f6","fs10,fa5,ft6",
80002a70,fmv.w.x,fa3:ffffff3e,,f00f86d3,3,"fmv.w.x	f13,x31","fa3,t6",
80002a74,mulh,s0:00000000,,02d41433,3,"mulh	x8,x8,x13","s0,s0,a3",
80002a78,andi,a5:00000100,,1417f793,3,"andi	x15,x15,321","a5,a5,321",
80002a7c,or,s3:80040fe4,,007369b3,3,"or	x19,x6,x7","s3,t1,t2",
80002a80,xor,t2:08af9c77,,012ac3b3,3,"xor	x7,x21,x18","t2,s5,s2",
80002a84,mulhsu,a7:fffffdc7,,02e2a8b3,3,"mulhsu	x17,x5,x14","a7,t0,a4",
80002a88,fsgnjn.s,fs9:3f3503d5,,208c1cd3,3,"fsgnjn.s	f25,f24,f8","fs9,fs8,fs0",
80002a8c,slli,a5:82000000,,01559793,3,"slli	x15,x11,0x15","a5,a1,0x15",
80002a90,slti,s7:00000001,,1c47ab93,3,"slti	x23,x15,452","s7,a5,452",
80002a94,flt.s,a3:00000000,,a1f316d3,3,"flt.s	x13,f6,f31","a3,ft6,ft11",
80002a98,flt.s,s10:00000000,,a1c71d53,3,"flt.s	x26,f14,f28","s10,fa4,ft8",
80002a9c,andi,a5:00000001,,76927793,3,"andi	x15,x4,1897","a5,tp,1897",
80002aa0,fmv.w.x,fs6:f7506410,,f0058b53,3,"fmv.w.x	f22,x11","fs6,a1",
80002aa4,divu,s10:ffffffff,,03925d33,3,"divu	x26,x4,x25","s10,tp,s9",
80002aa8,mulhsu,a0:00000000,,0256a533,3,"mulhsu	x10,x13,x5","a0,a3,t0",
80002aac,fcvt.s.w,fs6:4c661c00,,d00c7b53,3,"fcvt.s.w	f22,x24","fs6,s8",
80002ab4,srli,s3:00000000,,01055993,3,"srli	x19,x10,0x10","s3,a0,0x10",
80002ab8,andi,s7:00000000,,748dfb93,3,"andi	x23,x27,1864","s7,s11,1864",
80002abc,fsgnjn.s,fs1:ffc00000,,203014d3,3,"fsgnjn.s	f9,f0,f3","fs1,ft0,ft3",
80002ac0,xor,s4:00000000,,00d04a33,3,"xor	x20,x0,x13","s4,zero,a3",
80002ac4,divu,s6:00000000,,03fbdb33,3,"divu	x22,x23,x31","s6,s7,t6",
80002ac8,fmv.x.w,s4:7fc00000,,e00f0a53,3,"fmv.x.w	x20,f30","s4,ft10",
80002acc,andi,s9:fffff808,,808ffc93,3,"andi	x25,x31,-2040","s9,t6,-2040",
80002ad4,slt,t6:00000000,,00642fb3,3,"slt	x31,x8,x6","t6,s0,t1",
80002ad8,fmv.x.w,s8:ffffff3e,,e0068c53,3,"fmv.x.w	x24,f13","s8,fa3",
80002adc,fclass.s,a7:00000010,,e00a98d3,3,"fclass.s	x17,f21","a7,fs5",
80002ae0,sltiu,gp:00000001,,341e3193,3,"sltiu	x3,x28,833","gp,t3,833",
80002ae4,xori,s7:00000167,,167e4b93,3,"xori	x23,x28,359","s7,t3,359",
80002ae8,sra,t5:ffffffff,,41fd5f33,3,"sra	x30,x26,x31","t5,s10,t6",
80002aec,add,s2:7fffffff,,01ee8933,3,"add	x18,x29,x30","s2,t4,t5",
80002af0,xori,t5:0000043a,,43a6cf13,3,"xori	x30,x13,1082","t5,a3,1082",
80002af4,fsub.s,fa1:7fc00000,,0835c5d3,3,"fsub.s	f11,f11,f3","fa1,fa1,ft3",
80002af8,fmv.w.x,fa0:00000000,,f00b0553,3,"fmv.w.x	f10,x22","fa0,s6",
80002afc,sra,t3:00000000,,40615e33,3,"sra	x28,x2,x6","t3,sp,t1",
80002b00,remu,ra:00000000,,02d570b3,3,"remu	x1,x10,x13","ra,a0,a3",
80002b04,fadd.s,ft7:7fc00000,,01fab3d3,3,"fadd.s	f7,f21,f31","ft7,fs5,ft11",
80002b08,or,s0:ffffff3e,,01ec6433,3,"or	x8,x24,x30","s0,s8,t5",
80002b0c,divu,s0:00000100,,030ed433,3,"divu	x8,x29,x16","s0,t4,a6",
80002b10,or,gp:00000167,,013be1b3,3,"or	x3,x23,x19","gp,s7,s3",
80002b14,div,a6:ffffffff,,02c34833,3,"div	x16,x6,x12","a6,t1,a2",
80002b18,or,s5:ffffffff,,006d6ab3,3,"or	x21,x26,x6","s5,s10,t1",
80002b1c,slti,t5:00000001,,1562af13,3,"slti	x30,x5,342","t5,t0,342",
80002b20,fadd.s,fs7:7fc00000,,00670bd3,3,"fadd.s	f23,f14,f6","fs7,fa4,ft6",
80002b24,fsgnjn.s,ft3:bf3503d5,,215c91d3,3,"fsgnjn.s	f3,f25,f21","ft3,fs9,fs5",
80002b2c,auipc,a0:d3db3b2c,,53db1517,3,"auipc	x10,0x53db1","a0,0x53db1",
80002b30,fsgnj.s,ft6:ffc00000,,20800353,3,"fsgnj.s	f6,f0,f8","ft6,ft0,fs0",
80002b34,fsgnj.s,ft2:7fc00000,,20f80153,3,"fsgnj.s	f2,f16,f15","ft2,fa6,fa5",
80002b38,fsgnj.s,fs0:bf7fff38,,21498453,3,"fsgnj.s	f8,f19,f20","fs0,fs3,fs4",
80002b3c,div,s7:ffffffff,,02074bb3,3,"div	x23,x14,x0","s7,a4,zero",
80002b40,slli,a6:a8320800,,00759813,3,"slli	x16,x11,0x7","a6,a1,0x7",
80002b44,fsgnjn.s,fs10:c3420000,,20ae9d53,3,"fsgnjn.s	f26,f29,f10","fs10,ft9,fa0",
80002b48,mulhsu,t4:00000000,,026aaeb3,3,"mulhsu	x29,x21,x6","t4,s5,t1",
80002b4c,fle.s,s5:00000000,,a0be8ad3,3,"fle.s	x21,f29,f11","s5,ft9,fa1",
80002b50,fsgnj.s,ft2:7fc00000,,21b08153,3,"fsgnj.s	f2,f1,f27","ft2,ft1,fs11",
80002b58,fsgnjn.s,fs0:ffc00000,,21311453,3,"fsgnjn.s	f8,f2,f19","fs0,ft2,fs3",
80002b5c,xor,s0:00000110,,0088c433,3,"xor	x8,x17,x8","s0,a7,s0",
80002b60,fsgnjx.s,fa0:7fc00000,,2053a553,3,"fsgnjx.s	f10,f7,f5","fa0,ft7,ft5",
80002b64,lui,t5:b98e9000,,b98e9f37,3,"lui	x30,0xb98e9","t5,0xb98e9",
80002b68,or,s11:00000110,,01c46db3,3,"or	x27,x8,x28","s11,s0,t3",
80002b6c,sll,a5:00000000,,017f17b3,3,"sll	x15,x30,x23","a5,t5,s7",
80002b70,flt.s,s0:00000000,,a1061453,3,"flt.s	x8,f12,f16","s0,fa2,fa6",
80002b74,fsqrt.s,fa3:7fc00000,,580876d3,3,"fsqrt.s	f13,f16","fa3,fa6",
80002b78,srai,a0:fffffe9e,,41555513,3,"srai	x10,x10,0x15","a0,a0,0x15",
80002b7c,fmv.w.x,ft2:00000001,,f0020153,3,"fmv.w.x	f2,x4","ft2,tp",
80002b80,sltu,s4:00000001,,00bfba33,3,"sltu	x20,x31,x11","s4,t6,a1",
80002b84,srli,s5:00000000,,0127da93,3,"srli	x21,x15,0x12","s5,a5,0x12",
80002b88,fmax.s,ft10:00000000,,29c59f53,3,"fmax.s	f30,f11,f28","ft10,fa1,ft8",
80002b8c,srli,a3:00ffffff,,008c5693,3,"srli	x13,x24,0x8","a3,s8,0x8",
80002b90,and,t1:00000000,,001df333,3,"and	x6,x27,x1","t1,s11,ra",
80002b94,fclass.s,t2:00000200,,e00493d3,3,"fclass.s	x7,f9","t2,fs1",
80002b98,feq.s,s0:00000000,,a0bd2453,3,"feq.s	x8,f26,f11","s0,fs10,fa1",
80002b9c,auipc,a0:53ab3b9c,,d3ab1517,3,"auipc	x10,0xd3ab1","a0,0xd3ab1",
80002ba0,fsgnjn.s,ft7:ffc00000,,213b93d3,3,"fsgnjn.s	f7,f23,f19","ft7,fs7,fs3",
80002ba4,fsgnj.s,fs9:00000000,,21270cd3,3,"fsgnj.s	f25,f14,f18","fs9,fa4,fs2",
80002ba8,srai,a4:00000000,,402fd713,3,"srai	x14,x31,0x2","a4,t6,0x2",
80002bac,fcvt.s.wu,fa6:00000000,,d01ef853,3,"fcvt.s.wu	f16,x29","fa6,t4",
80002bb0,fmv.x.w,s9:00000001,,e0010cd3,3,"fmv.x.w	x25,f2","s9,ft2",
80002bb4,sll,s9:fffffff0,,009b9cb3,3,"sll	x25,x23,x9","s9,s7,s1",
80002bb8,fmax.s,ft1:4ece1660,,292210d3,3,"fmax.s	f1,f4,f18","ft1,ft4,fs2",
80002bbc,fmin.s,fa6:80000000,,29190853,3,"fmin.s	f16,f18,f17","fa6,fs2,fa7",
80002bc0,fsgnjx.s,fa7:43420000,,210ea8d3,3,"fsgnjx.s	f17,f29,f16","fa7,ft9,fa6",
80002bc4,fmin.s,fs3:00000000,,28fb09d3,3,"fmin.s	f19,f22,f15","fs3,fs6,fa5",
80002bc8,fsgnj.s,fa0:4ece1660,,20208553,3,"fsgnj.s	f10,f1,f2","fa0,ft1,ft2",
80002bcc,fcvt.wu.s,s3:ffffffff,,c01419d3,3,"fcvt.wu.s	x19,f8","s3,fs0",
80002bd0,feq.s,tp:00000000,,a15b2253,3,"feq.s	x4,f22,f21","tp,fs6,fs5",
80002bd4,fsgnjx.s,fa4:80000000,,20482753,3,"fsgnjx.s	f14,f16,f4","fa4,fa6,ft4",
80002bd8,fcvt.s.wu,ft9:00000000,,d0163ed3,3,"fcvt.s.wu	f29,x12","ft9,a2",
80002bdc,fmv.x.w,s8:00000000,,e00a8c53,3,"fmv.x.w	x24,f21","s8,fs5",
80002be0,fsqrt.s,fa7:1f350483,,580178d3,3,"fsqrt.s	f17,f2","fa7,ft2",
80002be4,fmv.w.x,fs1:ffffffff,,f00b84d3,3,"fmv.w.x	f9,x23","fs1,s7",
80002bec,rem,a4:00000000,,03aee733,3,"rem	x14,x29,x26","a4,t4,s10",
80002bf0,slli,a6:32080000,,00f59813,3,"slli	x16,x11,0xf","a6,a1,0xf",
80002bf4,or,a6:00000000,,01ffe833,3,"or	x16,x31,x31","a6,t6,t6",
80002bf8,fmv.w.x,fs5:00000001,,f00a0ad3,3,"fmv.w.x	f21,x20","fs5,s4",
80002bfc,fclass.s,gp:00000200,,e00f91d3,3,"fclass.s	x3,f31","gp,ft11",
80002c00,fadd.s,fs3:4ece1660,,001c89d3,3,"fadd.s	f19,f25,f1","fs3,fs9,ft1",
80002c04,sltu,s10:00000001,,01e13d33,3,"sltu	x26,x2,x30","s10,sp,t5",
80002c08,mul,a7:00000000,,02e388b3,3,"mul	x17,x7,x14","a7,t2,a4",
80002c0c,fmul.s,fs8:7fc00000,,106e7c53,3,"fmul.s	f24,f28,f6","fs8,ft8,ft6",
80002c10,fsub.s,fa2:7fc00000,,0932f653,3,"fsub.s	f12,f5,f19","fa2,ft5,fs3",
80002c14,addi,a0:fffffc40,,c4060513,3,"addi	x10,x12,-960","a0,a2,-960",
80002c18,srai,t4:00000000,,41c35e93,3,"srai	x29,x6,0x1c","t4,t1,0x1c",
80002c1c,fdiv.s,fs6:7fc00000,,18a01b53,3,"fdiv.s	f22,f0,f10","fs6,ft0,fa0",
80002c24,xori,t6:0000013d,,13dfcf93,3,"xori	x31,x31,317","t6,t6,317",
80002c28,and,t6:00000000,,004cffb3,3,"and	x31,x25,x4","t6,s9,tp",
80002c2c,add,s11:00000000,,004e0db3,3,"add	x27,x28,x4","s11,t3,tp",
80002c30,auipc,sp:f879ec30,,7879c117,3,"auipc	x2,0x7879c","sp,0x7879c",
80002c34,sub,s0:00000001,,41330433,3,"sub	x8,x6,x19","s0,t1,s3",
80002c38,mulhsu,t2:00000000,,021623b3,3,"mulhsu	x7,x12,x1","t2,a2,ra",
80002c3c,remu,a6:00000000,,03e77833,3,"remu	x16,x14,x30","a6,a4,t5",
80002c40,slli,s8:04000000,,01659c13,3,"slli	x24,x11,0x16","s8,a1,0x16",
80002c44,sra,ra:00000000,,40eed0b3,3,"sra	x1,x29,x14","ra,t4,a4",
80002c48,div,a7:00000000,,02bbc8b3,3,"div	x17,x23,x11","a7,s7,a1",
80002c4c,auipc,s11:f4a0bc4c,,74a09d97,3,"auipc	x27,0x74a09","s11,0x74a09",
80002c50,fsgnjx.s,fa2:4ece1660,,2190a653,3,"fsgnjx.s	f12,f1,f25","fa2,ft1,fs9",
80002c54,slli,s3:ff880000,,00d51993,3,"slli	x19,x10,0xd","s3,a0,0xd",
80002c58,slli,s11:00000000,,005e9d93,3,"slli	x27,x29,0x5","s11,t4,0x5",
80002c5c,slti,t5:00000000,,f3dc2f13,3,"slti	x30,x24,-195","t5,s8,-195",
80002c60,sltu,tp:00000001,,017a3233,3,"sltu	x4,x20,x23","tp,s4,s7",
80002c64,fclass.s,a7:00000200,,e00418d3,3,"fclass.s	x17,f8","a7,fs0",
80002c68,mul,s9:00000000,,02c20cb3,3,"mul	x25,x4,x12","s9,tp,a2",
80002c6c,mulhsu,ra:00000000,,03a7a0b3,3,"mulhsu	x1,x15,x26","ra,a5,s10",
80002c70,mulhu,a2:00000000,,02383633,3,"mulhu	x12,x16,x3","a2,a6,gp",
80002c74,flt.s,a4:00000001,,a02c9753,3,"flt.s	x14,f25,f2","a4,fs9,ft2",
80002c78,remu,t1:00000000,,0290f333,3,"remu	x6,x1,x9","t1,ra,s1",
80002c7c,fle.s,s11:00000001,,a0210dd3,3,"fle.s	x27,f2,f2","s11,ft2,ft2",
80002c80,mulhu,s11:00000000,,030d3db3,3,"mulhu	x27,x26,x16","s11,s10,a6",
80002c84,fdiv.s,ft10:7fc00000,,1842cf53,3,"fdiv.s	f30,f5,f4","ft10,ft5,ft4",
80002c88,lui,a0:4358e000,,4358e537,3,"lui	x10,0x4358e","a0,0x4358e",
80002c8c,slti,s5:00000001,,ff02aa93,3,"slti	x21,x5,-16","s5,t0,-16",
80002c90,srli,a4:00000f87,,01415713,3,"srli	x14,x2,0x14","a4,sp,0x14",
80002c94,xor,s2:00000000,,0103c933,3,"xor	x18,x7,x16","s2,t2,a6",
80002c98,fcvt.s.w,fs0:3f800000,,d00a4453,3,"fcvt.s.w	f8,x20","fs0,s4",
80002c9c,or,s4:00ffffff,,0046ea33,3,"or	x20,x13,x4","s4,a3,tp",
80002ca0,xori,ra:0000064a,,64ae4093,3,"xori	x1,x28,1610","ra,t3,1610",
80002ca4,fsgnjx.s,fs8:4ece1660,,21e9ac53,3,"fsgnjx.s	f24,f19,f30","fs8,fs3,ft10",
80002ca8,div,t4:00000000,,029aceb3,3,"div	x29,x21,x9","t4,s5,s1",
80002cac,mulhsu,a4:00000000,,03d4a733,3,"mulhsu	x14,x9,x29","a4,s1,t4",
80002cb0,mulhsu,t4:00000000,,02db2eb3,3,"mulhsu	x29,x22,x13","t4,s6,a3",
80002cb4,and,s2:00000000,,0169f933,3,"and	x18,x19,x22","s2,s3,s6",
80002cb8,fclass.s,s3:00000040,,e00919d3,3,"fclass.s	x19,f18","s3,fs2",
80002cbc,mulhsu,s6:00000000,,02432b33,3,"mulhsu	x22,x6,x4","s6,t1,tp",
80002cc0,addi,a5:00000662,,66280793,3,"addi	x15,x16,1634","a5,a6,1634",
80002cc4,div,s8:ffffffff,,03cc4c33,3,"div	x24,x24,x28","s8,s8,t3",
80002cc8,fclass.s,a0:00000010,,e0079553,3,"fclass.s	x10,f15","a0,fa5",
80002ccc,add,t1:00000000,,00eb0333,3,"add	x6,x22,x14","t1,s6,a4",
80002cd0,slli,ra:00000000,,00471093,3,"slli	x1,x14,0x4","ra,a4,0x4",
80002cd4,slli,a4:04000000,,01659713,3,"slli	x14,x11,0x16","a4,a1,0x16",
80002cd8,fmax.s,ft0:4ece1660,,28a09053,3,"fmax.s	f0,f1,f10","ft0,ft1,fa0",
80002cdc,sub,tp:00000001,,41640233,3,"sub	x4,x8,x22","tp,s0,s6",
80002ce0,slt,a6:00000000,,0099a833,3,"slt	x16,x19,x9","a6,s3,s1",
80002ce4,slti,gp:00000000,,9f1ba193,3,"slti	x3,x23,-1551","gp,s7,-1551",
80002ce8,fmul.s,ft5:7fc00000,,11c6f2d3,3,"fmul.s	f5,f13,f28","ft5,fa3,ft8",
80002cec,fcvt.s.w,ft5:3f800000,,d00af2d3,3,"fcvt.s.w	f5,x21","ft5,s5",
80002cf0,sltu,a5:00000001,,00e7b7b3,3,"sltu	x15,x15,x14","a5,a5,a4",
80002cf4,fsqrt.s,ft7:00000000,,580e73d3,3,"fsqrt.s	f7,f28","ft7,ft8",
80002cf8,fmax.s,fa3:3f800000,,285396d3,3,"fmax.s	f13,f7,f5","fa3,ft7,ft5",
80002cfc,fsqrt.s,fa5:47226aac,,580527d3,3,"fsqrt.s	f15,f10","fa5,fa0",
80002d00,xori,a4:00000591,,591fc713,3,"xori	x14,x31,1425","a4,t6,1425",
80002d04,xor,s11:00000001,,00644db3,3,"xor	x27,x8,x6","s11,s0,t1",
80002d08,fcvt.w.s,a0:ffffffff,,c0018553,3,"fcvt.w.s	x10,f3","a0,ft3",
80002d0c,xor,ra:00000000,,01bac0b3,3,"xor	x1,x21,x27","ra,s5,s11",
80002d10,or,s2:00000000,,006ce933,3,"or	x18,x25,x6","s2,s9,t1",
80002d14,fmul.s,fa0:d29c2cf5,,11a9f553,3,"fmul.s	f10,f19,f26","fa0,fs3,fs10",
80002d18,lui,s4:17e8d000,,17e8da37,3,"lui	x20,0x17e8d","s4,0x17e8d",
80002d1c,xor,s10:00000590,,00874d33,3,"xor	x26,x14,x8","s10,a4,s0",
80002d20,remu,a4:00000000,,022cf733,3,"remu	x14,x25,x2","a4,s9,sp",
80002d24,fmv.w.x,fs3:00000000,,f00389d3,3,"fmv.w.x	f19,x7","fs3,t2",
80002d28,xor,gp:f879ec70,,013141b3,3,"xor	x3,x2,x19","gp,sp,s3",
80002d2c,sltu,s0:00000000,,00cab433,3,"sltu	x8,x21,x12","s0,s5,a2",
80002d30,sll,s7:80000000,,01779bb3,3,"sll	x23,x15,x23","s7,a5,s7",
80002d34,mul,a0:00000000,,03220533,3,"mul	x10,x4,x18","a0,tp,s2",
80002d38,auipc,a4:8116cd38,,0116a717,3,"auipc	x14,0x116a","a4,0x116a",
80002d3c,fsub.s,ft6:7fc00000,,085f8353,3,"fsub.s	f6,f31,f5","ft6,ft11,ft5",
80002d40,fcvt.s.w,ft0:3f800000,,d007f053,3,"fcvt.s.w	f0,x15","ft0,a5",
80002d44,sltu,s5:00000000,,01bc3ab3,3,"sltu	x21,x24,x27","s5,s8,s11",
80002d48,fcvt.w.s,s3:00000000,,c003a9d3,3,"fcvt.w.s	x19,f7","s3,ft7",
80002d50,fmv.x.w,s3:ff800000,,e00a09d3,3,"fmv.x.w	x19,f20","s3,fs4",
80002d54,fsgnj.s,fs3:80000000,,203709d3,3,"fsgnj.s	f19,f14,f3","fs3,fa4,ft3",
80002d58,fmv.x.w,s2:00000000,,e00e0953,3,"fmv.x.w	x18,f28","s2,ft8",
80002d5c,fsub.s,fs7:4ece1660,,0930bbd3,3,"fsub.s	f23,f1,f19","fs7,ft1,fs3",
80002d60,ori,a4:00000784,,78466713,3,"ori	x14,x12,1924","a4,a2,1924",
80002d64,slt,s3:00000000,,01cea9b3,3,"slt	x19,x29,x28","s3,t4,t3",
80002d68,lui,s10:3b6eb000,,3b6ebd37,3,"lui	x26,0x3b6eb","s10,0x3b6eb",
80002d6c,sll,t3:00000000,,005f9e33,3,"sll	x28,x31,x5","t3,t6,t0",
80002d70,slt,s6:00000001,,01fc2b33,3,"slt	x22,x24,x31","s6,s8,t6",
80002d74,fmin.s,ft2:80000000,,28ef0153,3,"fmin.s	f2,f30,f14","ft2,ft10,fa4",
80002d78,sra,tp:00000000,,413e5233,3,"sra	x4,x28,x19","tp,t3,s3",
80002d80,fmin.s,fs2:80000000,,29280953,3,"fmin.s	f18,f16,f18","fs2,fa6,fs2",
80002d84,flt.s,s7:00000000,,a07f1bd3,3,"flt.s	x23,f30,f7","s7,ft10,ft7",
80002d88,fdiv.s,fa4:00000000,,198c9753,3,"fdiv.s	f14,f25,f24","fa4,fs9,fs8",
80002d90,fmul.s,fa3:5682c008,,10c7f6d3,3,"fmul.s	f13,f15,f12","fa3,fa5,fa2",
80002d94,remu,s11:f879ec70,,0211fdb3,3,"remu	x27,x3,x1","s11,gp,ra",
80002d98,fcvt.w.s,s10:00000000,,c0082d53,3,"fcvt.w.s	x26,f16","s10,fa6",
80002d9c,fsgnj.s,fa2:c7226aac,,20378653,3,"fsgnj.s	f12,f15,f3","fa2,fa5,ft3",
80002da0,add,a5:00000000,,004f07b3,3,"add	x15,x30,x4","a5,t5,tp",
80002da4,fcvt.w.s,ra:00000000,,c00e70d3,3,"fcvt.w.s	x1,f28","ra,ft8",
80002da8,slti,s4:00000000,,d3332a13,3,"slti	x20,x6,-717","s4,t1,-717",
80002dac,fcvt.wu.s,s5:ffffffff,,c0133ad3,3,"fcvt.wu.s	x21,f6","s5,ft6",
80002db0,div,a6:00000000,,02ea4833,3,"div	x16,x20,x14","a6,s4,a4",
80002db4,fclass.s,s9:00000010,,e0071cd3,3,"fclass.s	x25,f14","s9,fa4",
80002db8,auipc,s0:e86d1db8,,686cf417,3,"auipc	x8,0x686cf","s0,0x686cf",
80002dbc,sltiu,s8:00000001,,fd81bc13,3,"sltiu	x24,x3,-40","s8,gp,-40",
80002dc0,fcvt.s.wu,fs10:4f000410,,d012fd53,3,"fcvt.s.wu	f26,x5","fs10,t0",
80002dc4,fsgnj.s,ft6:00000000,,21610353,3,"fsgnj.s	f6,f2,f22","ft6,ft2,fs6",
80002dc8,fcvt.s.wu,ft1:00000000,,d01e70d3,3,"fcvt.s.wu	f1,x28","ft1,t3",
80002dcc,and,sp:00000010,,019cf133,3,"and	x2,x25,x25","sp,s9,s9",
80002dd0,fclass.s,gp:00000200,,e00b11d3,3,"fclass.s	x3,f22","gp,fs6",
80002dd4,andi,s2:f7506400,,f8c5f913,3,"andi	x18,x11,-116","s2,a1,-116",
80002dd8,xori,s3:fffffd21,,d2164993,3,"xori	x19,x12,-735","s3,a2,-735",
80002ddc,div,a3:f8004103,,0392c6b3,3,"div	x13,x5,x25","a3,t0,s9",
80002de0,xor,t2:e86d1da8,,002443b3,3,"xor	x7,x8,x2","t2,s0,sp",
80002de4,sll,t6:fffffd21,,00399fb3,3,"sll	x31,x19,x3","t6,s3,gp",
80002de8,andi,s0:f7506400,,de497413,3,"andi	x8,x18,-540","s0,s2,-540",
80002dec,fmv.w.x,ft2:f8004103,,f0068153,3,"fmv.w.x	f2,x13","ft2,a3",
80002df0,fsgnj.s,ft3:00000000,,20e301d3,3,"fsgnj.s	f3,f6,f14","ft3,ft6,fa4",
80002df4,fsqrt.s,fa3:00000000,,580346d3,3,"fsqrt.s	f13,f6","fa3,ft6",
80002df8,fclass.s,a2:00000002,,e0051653,3,"fclass.s	x12,f10","a2,fa0",
80002dfc,fmv.w.x,ft9:00000000,,f0020ed3,3,"fmv.w.x	f29,x4","ft9,tp",
80002e00,fmin.s,fs5:00000000,,29d28ad3,3,"fmin.s	f21,f5,f29","fs5,ft5,ft9",
80002e04,feq.s,s0:00000001,,a1c92453,3,"feq.s	x8,f18,f28","s0,fs2,ft8",
80002e08,ori,a2:fffffb0f,,90f1e613,3,"ori	x12,x3,-1777","a2,gp,-1777",
80002e0c,sll,s4:00000020,,01611a33,3,"sll	x20,x2,x22","s4,sp,s6",
80002e10,fcvt.wu.s,ra:00000000,,c01110d3,3,"fcvt.wu.s	x1,f2","ra,ft2",
80002e14,slt,s2:00000001,,00fda933,3,"slt	x18,x27,x15","s2,s11,a5",
80002e18,slt,t6:00000001,,00802fb3,3,"slt	x31,x0,x8","t6,zero,s0",
80002e1c,remu,t6:00000000,,03dd7fb3,3,"remu	x31,x26,x29","t6,s10,t4",
80002e20,mul,s9:00000000,,03bf8cb3,3,"mul	x25,x31,x27","s9,t6,s11",
80002e24,rem,s11:00000001,,037c6db3,3,"rem	x27,x24,x23","s11,s8,s7",
80002e28,and,a4:00000000,,0128f733,3,"and	x14,x17,x18","a4,a7,s2",
80002e2c,slt,t1:00000001,,0012a333,3,"slt	x6,x5,x1","t1,t0,ra",
80002e30,lui,s11:31c27000,,31c27db7,3,"lui	x27,0x31c27","s11,0x31c27",
80002e34,slt,t5:00000001,,01bfaf33,3,"slt	x30,x31,x27","t5,t6,s11",
80002e38,srli,s3:0000007b,,0195d993,3,"srli	x19,x11,0x19","s3,a1,0x19",
80002e3c,fle.s,s3:00000000,,a06009d3,3,"fle.s	x19,f0,f6","s3,ft0,ft6",
80002e40,fsgnjn.s,ft7:cf000410,,215d13d3,3,"fsgnjn.s	f7,f26,f21","ft7,fs10,fs5",
80002e44,fcvt.w.s,t4:7fffffff,,c00dfed3,3,"fcvt.w.s	x29,f27","t4,fs11",
80002e48,fmv.w.x,ft5:00000200,,f00182d3,3,"fmv.w.x	f5,x3","ft5,gp",
80002e4c,srai,sp:00000000,,40705113,3,"srai	x2,x0,0x7","sp,zero,0x7",
80002e50,fsqrt.s,fs1:47226aac,,580c74d3,3,"fsqrt.s	f9,f24","fs1,fs8",
80002e54,sltu,a0:00000001,,007f3533,3,"sltu	x10,x30,x7","a0,t5,t2",
80002e58,add,s3:00000400,,011889b3,3,"add	x19,x17,x17","s3,a7,a7",
80002e5c,sra,s3:f4368ed4,,4063d9b3,3,"sra	x19,x7,x6","s3,t2,t1",
80002e60,srai,tp:00000000,,410e5213,3,"srai	x4,x28,0x10","tp,t3,0x10",
80002e68,fsgnjx.s,fs0:00000000,,21c1a453,3,"fsgnjx.s	f8,f3,f28","fs0,ft3,ft8",
80002e6c,xor,s9:00000001,,01fc4cb3,3,"xor	x25,x24,x31","s9,s8,t6",
80002e70,fle.s,s5:00000000,,a0500ad3,3,"fle.s	x21,f0,f5","s5,ft0,ft5",
80002e74,fcvt.wu.s,s10:ffffffff,,c01f7d53,3,"fcvt.wu.s	x26,f30","s10,ft10",
80002e78,fsgnjx.s,fa0:00000000,,21a0a553,3,"fsgnjx.s	f10,f1,f26","fa0,ft1,fs10",
80002e7c,fmin.s,ft3:80000000,,288901d3,3,"fmin.s	f3,f18,f8","ft3,fs2,fs0",
80002e80,srli,t3:00000000,,0180de13,3,"srli	x28,x1,0x18","t3,ra,0x18",
80002e84,andi,t1:00000001,,0af47313,3,"andi	x6,x8,175","t1,s0,175",
80002e88,divu,t5:00000000,,023fdf33,3,"divu	x30,x31,x3","t5,t6,gp",
80002e8c,sub,a3:00000000,,418906b3,3,"sub	x13,x18,x24","a3,s2,s8",
80002e90,fsgnjx.s,fs8:00000000,,20a32c53,3,"fsgnjx.s	f24,f6,f10","fs8,ft6,fa0",
80002e94,fmul.s,ft4:00000000,,11ac9253,3,"fmul.s	f4,f25,f26","ft4,fs9,fs10",
80002e98,fsub.s,fs0:7fc00000,,0968b453,3,"fsub.s	f8,f17,f22","fs0,fa7,fs6",
80002e9c,lui,s9:eae64000,,eae64cb7,3,"lui	x25,0xeae64","s9,0xeae64",
80002ea0,or,s2:00000000,,01716933,3,"or	x18,x2,x23","s2,sp,s7",
80002ea4,or,a6:e86d1dac,,0053e833,3,"or	x16,x7,x5","a6,t2,t0",
80002ea8,fmin.s,ft6:cf000410,,29238353,3,"fmin.s	f6,f7,f18","ft6,ft7,fs2",
80002eac,sll,a6:00000000,,00bb9833,3,"sll	x16,x23,x11","a6,s7,a1",
80002eb0,fmax.s,fs7:47226aac,,28349bd3,3,"fmax.s	f23,f9,f3","fs7,fs1,ft3",
80002eb4,fcvt.s.wu,fa7:4f7ffffb,,d01678d3,3,"fcvt.s.wu	f17,x12","fa7,a2",
80002eb8,fsgnjn.s,fs7:ffc00000,,219b1bd3,3,"fsgnjn.s	f23,f22,f25","fs7,fs6,fs9",
80002ebc,fsub.s,ft0:cf000410,,08e37053,3,"fsub.s	f0,f6,f14","ft0,ft6,fa4",
80002ec0,fsgnjn.s,fs8:80000000,,21ec9c53,3,"fsgnjn.s	f24,f25,f30","fs8,fs9,ft10",
80002ec4,mul,s8:00000000,,03878c33,3,"mul	x24,x15,x24","s8,a5,s8",
80002ec8,add,s6:7fffffff,,01d78b33,3,"add	x22,x15,x29","s6,a5,t4",
80002ecc,fmv.w.x,fs10:00000000,,f00c0d53,3,"fmv.w.x	f26,x24","fs10,s8",
80002ed0,fmax.s,ft1:4f7ffffb,,28b890d3,3,"fmax.s	f1,f17,f11","ft1,fa7,fa1",
80002ed4,fdiv.s,ft10:7fc00000,,19c9ff53,3,"fdiv.s	f30,f19,f28","ft10,fs3,ft8",
80002ed8,fle.s,sp:00000000,,a1f58153,3,"fle.s	x2,f11,f31","sp,fa1,ft11",
80002edc,fcvt.w.s,a3:7fffffff,,c00db6d3,3,"fcvt.w.s	x13,f27","a3,fs11",
80002ee0,fsgnjx.s,fs3:cf000410,,205029d3,3,"fsgnjx.s	f19,f0,f5","fs3,ft0,ft5",
80002ee4,fsgnjx.s,fs0:80000000,,2041a453,3,"fsgnjx.s	f8,f3,f4","fs0,ft3,ft4",
80002ee8,lui,s2:4c777000,,4c777937,3,"lui	x18,0x4c777","s2,0x4c777",
80002eec,xori,sp:ffffffca,,fcb44113,3,"xori	x2,x8,-53","sp,s0,-53",
80002ef4,srli,t6:00000000,,00eadf93,3,"srli	x31,x21,0xe","t6,s5,0xe",
80002ef8,or,a5:ffffffff,,01abe7b3,3,"or	x15,x23,x26","a5,s7,s10",
80002efc,slti,t3:00000001,,3619ae13,3,"slti	x28,x19,865","t3,s3,865",
80002f00,and,t6:31c27000,,01bb7fb3,3,"and	x31,x22,x27","t6,s6,s11",
80002f04,fle.s,s9:00000001,,a1d68cd3,3,"fle.s	x25,f13,f29","s9,fa3,ft9",
80002f08,sub,a5:00000001,,404307b3,3,"sub	x15,x6,x4","a5,t1,tp",
80002f0c,andi,s9:00000000,,4aadfc93,3,"andi	x25,x27,1194","s9,s11,1194",
80002f10,fmax.s,fa2:cf000410,,29401653,3,"fmax.s	f12,f0,f20","fa2,ft0,fs4",
80002f14,srl,tp:00000000,,007cd233,3,"srl	x4,x25,x7","tp,s9,t2",
80002f18,xor,a6:7ffffffe,,01d7c833,3,"xor	x16,x15,x29","a6,a5,t4",
80002f1c,sltu,a5:00000001,,01a3b7b3,3,"sltu	x15,x7,x26","a5,t2,s10",
80002f20,or,s11:fffffb0f,,00666db3,3,"or	x27,x12,x6","s11,a2,t1",
80002f24,fdiv.s,ft3:7fc00000,,18b6f1d3,3,"fdiv.s	f3,f13,f11","ft3,fa3,fa1",
80002f28,mul,a5:00000000,,021287b3,3,"mul	x15,x5,x1","a5,t0,ra",
80002f2c,fsgnj.s,ft7:00000200,,20f283d3,3,"fsgnj.s	f7,f5,f15","ft7,ft5,fa5",
80002f30,remu,t3:00000000,,03b7fe33,3,"remu	x28,x15,x27","t3,a5,s11",
80002f34,srai,s9:0fffffff,,4036dc93,3,"srai	x25,x13,0x3","s9,a3,0x3",
80002f38,fclass.s,sp:00000200,,e0019153,3,"fclass.s	x2,f3","sp,ft3",
80002f3c,fsgnj.s,fs9:4f000410,,20498cd3,3,"fsgnj.s	f25,f19,f4","fs9,fs3,ft4",
80002f40,mul,s9:00000000,,02140cb3,3,"mul	x25,x8,x1","s9,s0,ra",
80002f44,fsgnjx.s,ft7:7fc00000,,219da3d3,3,"fsgnjx.s	f7,f27,f25","ft7,fs11,fs9",
80002f48,sub,s7:ffffffe0,,414a8bb3,3,"sub	x23,x21,x20","s7,s5,s4",
80002f4c,feq.s,s3:00000000,,a12da9d3,3,"feq.s	x19,f27,f18","s3,fs11,fs2",
80002f50,fadd.s,fa6:47226aac,,00548853,3,"fadd.s	f16,f9,f5","fa6,fs1,ft5",
80002f54,mulhu,t3:00000000,,030f3e33,3,"mulhu	x28,x30,x16","t3,t5,a6",
80002f58,fmul.s,ft9:7fc00000,,11cbfed3,3,"fmul.s	f29,f23,f28","ft9,fs7,ft8",
80002f5c,or,a0:00000020,,015a6533,3,"or	x10,x20,x21","a0,s4,s5",
80002f60,add,a0:00000000,,000f0533,3,"add	x10,x30,x0","a0,t5,zero",
80002f64,slti,t1:00000000,,84a72313,3,"slti	x6,x14,-1974","t1,a4,-1974",
80002f68,addi,a6:00000541,,54100813,3,"addi	x16,x0,1345","a6,zero,1345",
80002f6c,sll,a2:00000000,,01e51633,3,"sll	x12,x10,x30","a2,a0,t5",
80002f70,fsgnj.s,fs7:cf000410,,21760bd3,3,"fsgnj.s	f23,f12,f23","fs7,fa2,fs7",
80002f74,rem,s4:00000000,,03a76a33,3,"rem	x20,x14,x26","s4,a4,s10",
80002f78,and,s9:00000000,,00f8fcb3,3,"and	x25,x17,x15","s9,a7,a5",
80002f7c,auipc,s5:a02ddf7c,,202dba97,3,"auipc	x21,0x202db","s5,0x202db",
80002f80,fcvt.s.wu,fs10:44000000,,d018fd53,3,"fcvt.s.wu	f26,x17","fs10,a7",
80002f88,div,t1:ffffffff,,02654333,3,"div	x6,x10,x6","t1,a0,t1",
80002f8c,xor,a5:00000200,,011cc7b3,3,"xor	x15,x25,x17","a5,s9,a7",
80002f90,fcvt.s.wu,fs6:00000000,,d0127b53,3,"fcvt.s.wu	f22,x4","fs6,tp",
80002f94,sll,a3:00000000,,001f16b3,3,"sll	x13,x30,x1","a3,t5,ra",
80002f98,feq.s,s2:00000000,,a00d2953,3,"feq.s	x18,f26,f0","s2,fs10,ft0",
80002f9c,mulhu,ra:00000105,,03f830b3,3,"mulhu	x1,x16,x31","ra,a6,t6",
80002fa0,xori,a3:00000112,,112a4693,3,"xori	x13,x20,274","a3,s4,274",
80002fa4,or,t5:80040fe4,,00996f33,3,"or	x30,x18,x9","t5,s2,s1",
80002fa8,fmv.x.w,s5:00000000,,e00e0ad3,3,"fmv.x.w	x21,f28","s5,ft8",
80002fac,mulh,sp:00000000,,026a9133,3,"mulh	x2,x21,x6","sp,s5,t1",
80002fb0,fmv.w.x,ft6:ffffffff,,f00d0353,3,"fmv.w.x	f6,x26","ft6,s10",
80002fb4,sub,t6:00000000,,40c90fb3,3,"sub	x31,x18,x12","t6,s2,a2",
80002fb8,sltu,t4:00000000,,00533eb3,3,"sltu	x29,x6,x5","t4,t1,t0",
80002fbc,fcvt.wu.s,s11:80041000,,c01cfdd3,3,"fcvt.wu.s	x27,f25","s11,fs9",
80002fc0,sra,t2:00000008,,4016d3b3,3,"sra	x7,x13,x1","t2,a3,ra",
80002fc8,and,sp:00000000,,00ec7133,3,"and	x2,x24,x14","sp,s8,a4",
80002fcc,fsqrt.s,ft2:42e5b094,,58087153,3,"fsqrt.s	f2,f16","ft2,fa6",
80002fd0,sltu,s5:00000000,,019e3ab3,3,"sltu	x21,x28,x25","s5,t3,s9",
80002fd4,and,a2:00000000,,00b0f633,3,"and	x12,x1,x11","a2,ra,a1",
80002fd8,mulh,s2:000002a0,,030b1933,3,"mulh	x18,x22,x16","s2,s6,a6",
80002fdc,slli,a2:fffffffe,,00131613,3,"slli	x12,x6,0x1","a2,t1,0x1",
80002fe0,ori,t1:ffffff41,,f4156313,3,"ori	x6,x10,-191","t1,a0,-191",
80002fe4,fsgnjn.s,ft8:00000000,,21491e53,3,"fsgnjn.s	f28,f18,f20","ft8,fs2,fs4",
80002fe8,flt.s,ra:00000001,,a09210d3,3,"flt.s	x1,f4,f9","ra,ft4,fs1",
80002fec,fmax.s,fs6:00000200,,28599b53,3,"fmax.s	f22,f19,f5","fs6,fs3,ft5",
80002ff0,fadd.s,ft9:7fc00000,,018f7ed3,3,"fadd.s	f29,f30,f24","ft9,ft10,fs8",
80002ff4,fmax.s,fa6:4f7ffffb,,28199853,3,"fmax.s	f16,f19,f1","fa6,fs3,ft1",
80002ff8,slli,ra:a0800000,,01781093,3,"slli	x1,x16,0x17","ra,a6,0x17",
80002ffc,srl,s0:80041000,,011dd433,3,"srl	x8,x27,x17","s0,s11,a7",
80003004,divu,s2:00000000,,032e5933,3,"divu	x18,x28,x18","s2,t3,s2",
80003008,addi,s10:0000058f,,58f50d13,3,"addi	x26,x10,1423","s10,a0,1423",
8000300c,fmv.x.w,s4:80000000,,e00c0a53,3,"fmv.x.w	x20,f24","s4,fs8",
80003010,sll,s8:00000112,,01869c33,3,"sll	x24,x13,x24","s8,a3,s8",
80003014,add,s6:80000000,,014e8b33,3,"add	x22,x29,x20","s6,t4,s4",
80003018,xor,s7:20841024,,0050cbb3,3,"xor	x23,x1,x5","s7,ra,t0",
8000301c,fmax.s,ft6:00000000,,28ef9353,3,"fmax.s	f6,f31,f14","ft6,ft11,fa4",
80003020,and,s5:20841000,,01737ab3,3,"and	x21,x6,x23","s5,t1,s7",
80003024,andi,t3:000003a0,,3a94fe13,3,"andi	x28,x9,937","t3,s1,937",
80003028,sltiu,s11:00000001,,95e5bd93,3,"sltiu	x27,x11,-1698","s11,a1,-1698",
8000302c,slt,t2:00000001,,003123b3,3,"slt	x7,x2,x3","t2,sp,gp",
80003030,auipc,s6:1f2e6030,,9f2e3b17,3,"auipc	x22,0x9f2e3","s6,0x9f2e3",
8000303c,flt.s,s9:00000001,,a1599cd3,3,"flt.s	x25,f19,f21","s9,fs3,fs5",
80003040,fsgnjx.s,ft7:47226aac,,2024a3d3,3,"fsgnjx.s	f7,f9,f2","ft7,fs1,ft2",
80003044,flt.s,a6:00000000,,a0709853,3,"flt.s	x16,f1,f7","a6,ft1,ft7",
80003048,fcvt.wu.s,s7:00000000,,c01b1bd3,3,"fcvt.wu.s	x23,f22","s7,fs6",
8000304c,flt.s,a3:00000000,,a13996d3,3,"flt.s	x13,f19,f19","a3,fs3,fs3",
80003050,andi,t5:00000000,,5fe07f13,3,"andi	x30,x0,1534","t5,zero,1534",
80003054,mulhsu,gp:00000000,,03b6a1b3,3,"mulhsu	x3,x13,x27","gp,a3,s11",
80003058,fdiv.s,fa3:7fc00000,,184aa6d3,3,"fdiv.s	f13,f21,f4","fa3,fs5,ft4",
8000305c,lui,s8:62f23000,,62f23c37,3,"lui	x24,0x62f23","s8,0x62f23",
80003060,rem,t3:00000200,,03a8ee33,3,"rem	x28,x17,x26","t3,a7,s10",
80003064,flt.s,t1:00000001,,a07b9353,3,"flt.s	x6,f23,f7","t1,fs7,ft7",
80003068,fmax.s,fa7:80000000,,28d918d3,3,"fmax.s	f17,f18,f13","fa7,fs2,fa3",
8000306c,fmv.x.w,s10:47226aac,,e0048d53,3,"fmv.x.w	x26,f9","s10,fs1",
80003070,srli,a3:00000000,,00205693,3,"srli	x13,x0,0x2","a3,zero,0x2",
80003074,xor,t2:80041000,,010443b3,3,"xor	x7,x8,x16","t2,s0,a6",
80003078,fmv.w.x,ft0:00000200,,f0088053,3,"fmv.w.x	f0,x17","ft0,a7",
8000307c,sra,ra:62f23000,,41fc50b3,3,"sra	x1,x24,x31","ra,s8,t6",
80003080,remu,ra:000000ac,,02fd70b3,3,"remu	x1,x26,x15","ra,s10,a5",
80003084,fcvt.w.s,a7:7fffffff,,c00878d3,3,"fcvt.w.s	x17,f16","a7,fa6",
80003088,fdiv.s,ft5:7fc00000,,1834c2d3,3,"fdiv.s	f5,f9,f3","ft5,fs1,ft3",
8000308c,fmax.s,ft11:42e5b094,,28261fd3,3,"fmax.s	f31,f12,f2","ft11,fa2,ft2",
80003090,add,t1:00000000,,00af0333,3,"add	x6,x30,x10","t1,t5,a0",
80003094,fadd.s,fa2:7fc00000,,00bb1653,3,"fadd.s	f12,f22,f11","fa2,fs6,fa1",
80003098,fsgnj.s,fs7:00000000,,21da8bd3,3,"fsgnj.s	f23,f21,f29","fs7,fs5,ft9",
8000309c,andi,a4:62f23000,,d77c7713,3,"andi	x14,x24,-649","a4,s8,-649",
800030a0,div,a7:ffffffff,,0324c8b3,3,"div	x17,x9,x18","a7,s1,s2",
800030a4,add,ra:62f23000,,018f00b3,3,"add	x1,x30,x24","ra,t5,s8",
800030a8,mulhu,tp:00000000,,03773233,3,"mulhu	x4,x14,x23","tp,a4,s7",
800030ac,slt,t1:00000000,,01312333,3,"slt	x6,x2,x19","t1,sp,s3",
800030b0,fmin.s,ft6:cf000410,,29378353,3,"fmin.s	f6,f15,f19","ft6,fa5,fs3",
800030b4,sub,a0:20841000,,417a8533,3,"sub	x10,x21,x23","a0,s5,s7",
800030bc,fmul.s,ft0:7fc00000,,11e92053,3,"fmul.s	f0,f18,f30","ft0,fs2,ft10",
800030c0,slli,s2:00000000,,00af1913,3,"slli	x18,x30,0xa","s2,t5,0xa",
800030c4,fmul.s,fs1:57226aa8,,1017a4d3,3,"fmul.s	f9,f15,f1","fs1,fa5,ft1",
800030c8,fcvt.wu.s,a6:00000000,,c0190853,3,"fcvt.wu.s	x16,f18","a6,fs2",
800030cc,feq.s,gp:00000000,,a148a1d3,3,"feq.s	x3,f17,f20","gp,fa7,fs4",
800030d0,fsgnjx.s,fa7:00000000,,21cba8d3,3,"fsgnjx.s	f17,f23,f28","fa7,fs7,ft8",
800030d4,sll,t5:00000000,,00969f33,3,"sll	x30,x13,x9","t5,a3,s1",
800030d8,sltiu,s2:00000001,,5a67b913,3,"sltiu	x18,x15,1446","s2,a5,1446",
800030dc,div,gp:00000000,,021bc1b3,3,"div	x3,x23,x1","gp,s7,ra",
800030e0,srl,t4:00000000,,01a9deb3,3,"srl	x29,x19,x26","t4,s3,s10",
800030e8,sub,a2:80040fff,,41938633,3,"sub	x12,x7,x25","a2,t2,s9",
800030ec,sltiu,sp:00000001,,38bdb113,3,"sltiu	x2,x27,907","sp,s11,907",
800030f0,ori,ra:000000b1,,0b116093,3,"ori	x1,x2,177","ra,sp,177",
800030f4,fcvt.wu.s,a6:0000a26b,,c017a853,3,"fcvt.wu.s	x16,f15","a6,fa5",
800030f8,xori,ra:800410db,,0db44093,3,"xori	x1,x8,219","ra,s0,219",
800030fc,mulhsu,s5:00000000,,0206aab3,3,"mulhsu	x21,x13,x0","s5,a3,zero",
80003100,srl,a2:00000001,,015cd633,3,"srl	x12,x25,x21","a2,s9,s5",
80003104,srl,a0:00000000,,011ed533,3,"srl	x10,x29,x17","a0,t4,a7",
80003108,sll,s7:62f23000,,01d71bb3,3,"sll	x23,x14,x29","s7,a4,t4",
8000310c,mul,s5:00000000,,02068ab3,3,"mul	x21,x13,x0","s5,a3,zero",
80003110,fcvt.wu.s,a6:80041000,,c0137853,3,"fcvt.wu.s	x16,f6","a6,ft6",
80003114,fmax.s,ft1:42e5b094,,28af90d3,3,"fmax.s	f1,f31,f10","ft1,ft11,fa0",
80003118,fsub.s,ft5:4721f7d3,,081392d3,3,"fsub.s	f5,f7,f1","ft5,ft7,ft1",
8000311c,fsqrt.s,ft11:42e5b094,,5807ffd3,3,"fsqrt.s	f31,f15","ft11,fa5",
80003120,fcvt.s.w,fs0:00000000,,d0019453,3,"fcvt.s.w	f8,x3","fs0,gp",
80003128,sltu,a0:00000001,,007e3533,3,"sltu	x10,x28,x7","a0,t3,t2",
8000312c,ori,s3:62f233b0,,3b076993,3,"ori	x19,x14,944","s3,a4,944",
80003130,slli,s2:00000000,,01831913,3,"slli	x18,x6,0x18","s2,t1,0x18",
80003134,auipc,ra:574be134,,d74bb097,3,"auipc	x1,0xd74bb","ra,0xd74bb",
80003138,fsqrt.s,fa7:46b50a40,,580cf8d3,3,"fsqrt.s	f17,f25","fa7,fs9",
8000313c,fmin.s,fa2:00000000,,29d40653,3,"fmin.s	f12,f8,f29","fa2,fs0,ft9",
80003144,div,t5:ffffffff,,02364f33,3,"div	x30,x12,x3","t5,a2,gp",
80003148,sra,ra:00000000,,414950b3,3,"sra	x1,x18,x20","ra,s2,s4",
8000314c,fcvt.w.s,s3:00000000,,c00b49d3,3,"fcvt.w.s	x19,f22","s3,fs6",
80003150,fmv.w.x,ft3:80041000,,f00801d3,3,"fmv.w.x	f3,x16","ft3,a6",
80003154,slt,s2:00000001,,00c5a933,3,"slt	x18,x11,x12","s2,a1,a2",
80003158,sltu,a3:00000000,,001736b3,3,"sltu	x13,x14,x1","a3,a4,ra",
8000315c,fdiv.s,fs0:7fc00000,,18442453,3,"fdiv.s	f8,f8,f4","fs0,fs0,ft4",
80003160,sub,s8:88b3ac14,,40b28c33,3,"sub	x24,x5,x11","s8,t0,a1",
80003164,sub,a2:9f2a5030,,410b0633,3,"sub	x12,x22,x16","a2,s6,a6",
80003168,fmul.s,fs6:7fc00000,,102f7b53,3,"fmul.s	f22,f30,f2","fs6,ft10,ft2",
8000316c,srli,t4:00000000,,00a7de93,3,"srli	x29,x15,0xa","t4,a5,0xa",
80003170,slti,s5:00000000,,eb06aa93,3,"slti	x21,x13,-336","s5,a3,-336",
80003174,fle.s,tp:00000000,,a0bd8253,3,"fle.s	x4,f27,f11","tp,fs11,fa1",
8000317c,srl,a6:00000000,,001ed833,3,"srl	x16,x29,x1","a6,t4,ra",
80003180,sll,t4:02400000,,01829eb3,3,"sll	x29,x5,x24","t4,t0,s8",
80003184,fcvt.w.s,a4:00000000,,c00bc753,3,"fcvt.w.s	x14,f23","a4,fs7",
80003188,slli,s4:00000001,,00011a13,3,"slli	x20,x2,0x0","s4,sp,0x0",
8000318c,fsgnj.s,fa3:ffc00000,,218406d3,3,"fsgnj.s	f13,f8,f24","fa3,fs0,fs8",
80003190,fclass.s,a5:00000200,,e00d97d3,3,"fclass.s	x15,f27","a5,fs11",
80003194,fsgnj.s,fa6:cf000410,,21830853,3,"fsgnj.s	f16,f6,f24","fa6,ft6,fs8",
80003198,mulhu,s0:00000000,,035d3433,3,"mulhu	x8,x26,x21","s0,s10,s5",
8000319c,fcvt.wu.s,s2:00005a85,,c018f953,3,"fcvt.wu.s	x18,f17","s2,fa7",
800031a0,auipc,s6:4ee7f1a0,,cee7cb17,3,"auipc	x22,0xcee7c","s6,0xcee7c",
800031a4,sltu,a0:00000000,,000d3533,3,"sltu	x10,x26,x0","a0,s10,zero",
800031a8,fmv.x.w,sp:00000000,,e0050153,3,"fmv.x.w	x2,f10","sp,fa0",
800031ac,fsgnjx.s,fs7:46b50a40,,21d8abd3,3,"fsgnjx.s	f23,f17,f29","fs7,fa7,ft9",
800031b0,auipc,s4:c8f9f1b0,,48f9ca17,3,"auipc	x20,0x48f9c","s4,0x48f9c",
800031b4,rem,s5:00000000,,02f36ab3,3,"rem	x21,x6,x15","s5,t1,a5",
800031b8,xor,t1:7ffbefff,,007f4333,3,"xor	x6,x30,x7","t1,t5,t2",
800031bc,fsub.s,ft2:7fc00000,,09b13153,3,"fsub.s	f2,f2,f27","ft2,ft2,fs11",
800031c0,fle.s,s4:00000000,,a1228a53,3,"fle.s	x20,f5,f18","s4,ft5,fs2",
800031c4,fmul.s,ft9:80000000,,11351ed3,3,"fmul.s	f29,f10,f19","ft9,fa0,fs3",
800031c8,fsgnj.s,fs7:00000000,,20f20bd3,3,"fsgnj.s	f23,f4,f15","fs7,ft4,fa5",
800031cc,xor,s0:82441024,,005ec433,3,"xor	x8,x29,x5","s0,t4,t0",
800031d0,sltiu,a4:00000001,,4759b713,3,"sltiu	x14,x19,1141","a4,s3,1141",
800031d4,rem,t6:00000000,,0294efb3,3,"rem	x31,x9,x9","t6,s1,s1",
800031d8,andi,s2:00000000,,37b17913,3,"andi	x18,x2,891","s2,sp,891",
800031dc,feq.s,t4:00000000,,a016aed3,3,"feq.s	x29,f13,f1","t4,fa3,ft1",
800031e0,fsqrt.s,ft4:7fc00000,,58001253,3,"fsqrt.s	f4,f0","ft4,ft0",
800031e8,fsqrt.s,fs3:42e5b094,,5807f9d3,3,"fsqrt.s	f19,f15","fs3,fa5",
800031ec,fmin.s,ft3:80000000,,28d901d3,3,"fmin.s	f3,f18,f13","ft3,fs2,fa3",
800031f0,fmax.s,ft11:7fc00000,,28241fd3,3,"fmax.s	f31,f8,f2","ft11,fs0,ft2",
800031f4,add,s5:80041024,,00580ab3,3,"add	x21,x16,x5","s5,a6,t0",
800031f8,sra,gp:00000000,,4020d1b3,3,"sra	x3,x1,x2","gp,ra,sp",
800031fc,mul,t2:00000000,,03c083b3,3,"mul	x7,x1,x28","t2,ra,t3",
80003200,sub,sp:ffffffff,,402f0133,3,"sub	x2,x30,x2","sp,t5,sp",
80003208,fsqrt.s,ft1:7fc00000,,580420d3,3,"fsqrt.s	f1,f8","ft1,fs0",
8000320c,fmul.s,fa0:4ece165c,,10f3f553,3,"fmul.s	f10,f7,f15","fa0,ft7,fa5",
80003214,fmv.x.w,t2:7fc00000,,e00b03d3,3,"fmv.x.w	x7,f22","t2,fs6",
80003218,fcvt.w.s,t1:7fffffff,,c0047353,3,"fcvt.w.s	x6,f8","t1,fs0",
8000321c,fsgnj.s,fs0:00000000,,21ce0453,3,"fsgnj.s	f8,f28,f28","fs0,ft8,ft8",
80003220,fmv.w.x,ft10:00000000,,f0000f53,3,"fmv.w.x	f30,x0","ft10,zero",
80003224,fmax.s,ft10:4f000410,,28bc9f53,3,"fmax.s	f30,f25,f11","ft10,fs9,fa1",
80003228,sltu,a5:00000000,,003ab7b3,3,"sltu	x15,x21,x3","a5,s5,gp",
8000322c,flt.s,s8:00000000,,a0d59c53,3,"flt.s	x24,f11,f13","s8,fa1,fa3",
80003230,fcvt.s.wu,fa3:00000000,,d010f6d3,3,"fcvt.s.wu	f13,x1","fa3,ra",
80003234,sll,s10:00000001,,00d71d33,3,"sll	x26,x14,x13","s10,a4,a3",
80003238,fcvt.w.s,a0:670b2e00,,c0052553,3,"fcvt.w.s	x10,f10","a0,fa0",
8000323c,feq.s,tp:00000000,,a0b1a253,3,"feq.s	x4,f3,f11","tp,ft3,fa1",
80003240,slti,s10:00000000,,ff382d13,3,"slti	x26,x16,-13","s10,a6,-13",
80003248,fsgnj.s,ft0:7fc00000,,20b08053,3,"fsgnj.s	f0,f1,f11","ft0,ft1,fa1",
8000324c,xor,a3:fffffffe,,01edc6b3,3,"xor	x13,x27,x30","a3,s11,t5",
80003250,fmin.s,fs5:00000000,,29c70ad3,3,"fmin.s	f21,f14,f28","fs5,fa4,ft8",
80003254,fsqrt.s,ft1:42e5b094,,5803f0d3,3,"fsqrt.s	f1,f7","ft1,ft7",
80003258,fsqrt.s,ft11:00000000,,58044fd3,3,"fsqrt.s	f31,f8","ft11,fs0",
8000325c,fsgnjx.s,ft9:00000000,,20efaed3,3,"fsgnjx.s	f29,f31,f14","ft9,ft11,fa4",
80003260,mulhu,t6:000000ff,,026e3fb3,3,"mulhu	x31,x28,x6","t6,t3,t1",
80003264,fmul.s,fa7:7fc00000,,116398d3,3,"fmul.s	f17,f7,f22","fa7,ft7,fs6",
80003268,sub,a3:ffffffff,,413106b3,3,"sub	x13,x2,x19","a3,sp,s3",
8000326c,fclass.s,s8:00000008,,e00c1c53,3,"fclass.s	x24,f24","s8,fs8",
80003270,fsgnj.s,fa6:cf000410,,214c8853,3,"fsgnj.s	f16,f25,f20","fa6,fs9,fs4",
80003274,fcvt.w.s,s5:80000000,,c0031ad3,3,"fcvt.w.s	x21,f6","s5,ft6",
80003278,fsgnj.s,fs2:4ece165c,,20d50953,3,"fsgnj.s	f18,f10,f13","fs2,fa0,fa3",
8000327c,mulhu,s10:7ffffffe,,02613d33,3,"mulhu	x26,x2,x6","s10,sp,t1",
80003280,xori,a0:00000672,,6720c513,3,"xori	x10,x1,1650","a0,ra,1650",
8000328c,mul,s5:00000000,,033f8ab3,3,"mul	x21,x31,x19","s5,t6,s3",
80003290,mul,t5:00000000,,02200f33,3,"mul	x30,x0,x2","t5,zero,sp",
80003294,mulh,s11:00000000,,02d59db3,3,"mulh	x27,x11,x13","s11,a1,a3",
80003298,srai,a5:ffff3e54,,40f65793,3,"srai	x15,x12,0xf","a5,a2,0xf",
8000329c,srl,ra:00000000,,003f50b3,3,"srl	x1,x30,x3","ra,t5,gp",
800032a0,andi,gp:7fc00000,,9b73f193,3,"andi	x3,x7,-1609","gp,t2,-1609",
800032a4,div,gp:00000000,,02b6c1b3,3,"div	x3,x13,x11","gp,a3,a1",
800032a8,fdiv.s,fs9:43e26c06,,1933fcd3,3,"fdiv.s	f25,f7,f19","fs9,ft7,fs3",
800032ac,fcvt.s.wu,ft10:4f7fff3e,,d017ff53,3,"fcvt.s.wu	f30,x15","ft10,a5",
800032b0,fadd.s,ft5:47226aac,,007fa2d3,3,"fadd.s	f5,f31,f7","ft5,ft11,ft7",
800032b4,fadd.s,fs5:7fc00000,,01c07ad3,3,"fadd.s	f21,f0,f28","fs5,ft0,ft8",
800032b8,ori,s2:00000255,,255a6913,3,"ori	x18,x20,597","s2,s4,597",
800032bc,sra,a5:00000200,,415e57b3,3,"sra	x15,x28,x21","a5,t3,s5",
800032c0,sub,s9:00000671,,41950cb3,3,"sub	x25,x10,x25","s9,a0,s9",
800032c4,fsqrt.s,fa0:00000000,,580bf553,3,"fsqrt.s	f10,f23","fa0,fs7",
800032c8,sll,ra:00081fc8,,00e490b3,3,"sll	x1,x9,x14","ra,s1,a4",
800032cc,fsqrt.s,ft5:00000000,,580742d3,3,"fsqrt.s	f5,f14","ft5,fa4",
800032d0,fsgnjn.s,ft6:c7226aac,,21d79353,3,"fsgnjn.s	f6,f15,f29","ft6,fa5,ft9",
800032d4,sltu,a2:00000000,,01fcb633,3,"sltu	x12,x25,x31","a2,s9,t6",
800032d8,fmv.x.w,s2:00000000,,e00b8953,3,"fmv.x.w	x18,f23","s2,fs7",
800032dc,fclass.s,sp:00000001,,e00a1153,3,"fclass.s	x2,f20","sp,fs4",
800032e0,fadd.s,fs4:00000000,,00730a53,3,"fadd.s	f20,f6,f7","fs4,ft6,ft7",
800032e4,srl,t3:00000672,,01555e33,3,"srl	x28,x10,x21","t3,a0,s5",
800032e8,add,s10:80000006,,018d0d33,3,"add	x26,x26,x24","s10,s10,s8",
800032ec,slli,s5:c0000000,,012b9a93,3,"slli	x21,x23,0x12","s5,s7,0x12",
800032f0,div,gp:ffffffff,,033e41b3,3,"div	x3,x28,x19","gp,t3,s3",
800032f4,divu,t6:0013dc01,,03cd5fb3,3,"divu	x31,x26,x28","t6,s10,t3",
800032fc,sll,s6:80000000,,003c9b33,3,"sll	x22,x25,x3","s6,s9,gp",
80003300,lui,a2:6762e000,,6762e637,3,"lui	x12,0x6762e","a2,0x6762e",
80003304,srl,a6:00000000,,01805833,3,"srl	x16,x0,x24","a6,zero,s8",
80003308,flt.s,t6:00000000,,a11e1fd3,3,"flt.s	x31,f28,f17","t6,ft8,fa7",
8000330c,mulhsu,s4:0000029a,,02a62a33,3,"mulhsu	x20,x12,x10","s4,a2,a0",
80003310,fadd.s,fs0:7fc00000,,01517453,3,"fadd.s	f8,f2,f21","fs0,ft2,fs5",
80003314,sub,s5:00000200,,41f78ab3,3,"sub	x21,x15,x31","s5,a5,t6",
80003318,fcvt.w.s,a7:00000000,,c00778d3,3,"fcvt.w.s	x17,f14","a7,fa4",
8000331c,fsub.s,fs5:cece165c,,0929aad3,3,"fsub.s	f21,f19,f18","fs5,fs3,fs2",
80003320,add,s3:80041024,,005f89b3,3,"add	x19,x31,x5","s3,t6,t0",
80003324,fsub.s,fa0:7fc00000,,08b31553,3,"fsub.s	f10,f6,f11","fa0,ft6,fa1",
80003328,fcvt.s.w,ft3:44268000,,d00a11d3,3,"fcvt.s.w	f3,x20","ft3,s4",
8000332c,slli,t3:fc000000,,01a31e13,3,"slli	x28,x6,0x1a","t3,t1,0x1a",
80003330,slti,a2:00000000,,f777a613,3,"slti	x12,x15,-137","a2,a5,-137",
80003334,add,s6:7fffffff,,00660b33,3,"add	x22,x12,x6","s6,a2,t1",
80003338,fdiv.s,fa2:37a26aac,,1923f653,3,"fdiv.s	f12,f7,f18","fa2,ft7,fs2",
8000333c,fcvt.w.s,sp:7fffffff,,c0002153,3,"fcvt.w.s	x2,f0","sp,ft0",
80003340,fmv.x.w,s3:4ece165c,,e00909d3,3,"fmv.x.w	x19,f18","s3,fs2",
80003344,fsgnjn.s,ft5:c2e5b094,,208092d3,3,"fsgnjn.s	f5,f1,f8","ft5,ft1,fs0",
80003348,slli,s4:00067100,,008c9a13,3,"slli	x20,x25,0x8","s4,s9,0x8",
8000334c,or,s0:80041024,,01e2e433,3,"or	x8,x5,x30","s0,t0,t5",
80003350,mulhu,s8:7ffffffe,,02333c33,3,"mulhu	x24,x6,x3","s8,t1,gp",
80003354,feq.s,t1:00000000,,a0fca353,3,"feq.s	x6,f25,f15","t1,fs9,fa5",
80003358,fle.s,s9:00000000,,a1f40cd3,3,"fle.s	x25,f8,f31","s9,fs0,ft11",
8000335c,fsub.s,ft8:7fc00000,,091c7e53,3,"fsub.s	f28,f24,f17","ft8,fs8,fa7",
80003360,mulhsu,t4:00000000,,03a32eb3,3,"mulhsu	x29,x6,x26","t4,t1,s10",
80003364,xori,a4:00000166,,166f4713,3,"xori	x14,x30,358","a4,t5,358",
80003368,auipc,s4:85b58368,,05b55a17,3,"auipc	x20,0x5b55","s4,0x5b55",
8000336c,srli,a6:00000000,,001ed813,3,"srli	x16,x29,0x1","a6,t4,0x1",
80003370,fmin.s,fa5:00000000,,283e87d3,3,"fmin.s	f15,f29,f3","fa5,ft9,ft3",
80003374,flt.s,a3:00000000,,a02e16d3,3,"flt.s	x13,f28,f2","a3,ft8,ft2",
80003378,sltu,t4:00000000,,0193beb3,3,"sltu	x29,x7,x25","t4,t2,s9",
8000337c,fmv.w.x,fs8:62f23000,,f00b8c53,3,"fmv.w.x	f24,x23","fs8,s7",
80003380,fsqrt.s,fa4:7fc00000,,58011753,3,"fsqrt.s	f14,f2","fa4,ft2",
80003384,fmv.w.x,fa7:00000200,,f00788d3,3,"fmv.w.x	f17,x15","fa7,a5",
80003388,xor,t1:7fffffff,,016f4333,3,"xor	x6,x30,x22","t1,t5,s6",
8000338c,lui,t3:17dbf000,,17dbfe37,3,"lui	x28,0x17dbf","t3,0x17dbf",
80003390,xori,s11:00000334,,33404d93,3,"xori	x27,x0,820","s11,zero,820",
80003394,mulhsu,a5:c00207f2,,0224a7b3,3,"mulhsu	x15,x9,x2","a5,s1,sp",
80003398,mulhsu,a5:00000000,,02fea7b3,3,"mulhsu	x15,x29,x15","a5,t4,a5",
8000339c,srli,a5:20000001,,002d5793,3,"srli	x15,x26,0x2","a5,s10,0x2",
800033a0,fcvt.w.s,s11:7fffffff,,c00b7dd3,3,"fcvt.w.s	x27,f22","s11,fs6",
800033a4,feq.s,a3:00000000,,a1dd26d3,3,"feq.s	x13,f26,f29","a3,fs10,ft9",
800033a8,sltu,t1:00000000,,0171b333,3,"sltu	x6,x3,x23","t1,gp,s7",
800033ac,divu,tp:00000001,,0273d233,3,"divu	x4,x7,x7","tp,t2,t2",
800033b0,fcvt.s.wu,fs1:43b30000,,d01724d3,3,"fcvt.s.wu	f9,x14","fs1,a4",
800033b4,srl,s7:00000067,,00555bb3,3,"srl	x23,x10,x5","s7,a0,t0",
800033b8,sll,s0:00000000,,00001433,3,"sll	x8,x0,x0","s0,zero,zero",
800033bc,fcvt.wu.s,t5:ffffffff,,c0157f53,3,"fcvt.wu.s	x30,f10","t5,fa0",
800033c0,and,gp:00000000,,01d1f1b3,3,"and	x3,x3,x29","gp,gp,t4",
800033c4,fcvt.s.w,fa5:00000000,,d00377d3,3,"fcvt.s.w	f15,x6","fa5,t1",
800033c8,mulhsu,ra:00000000,,02a8a0b3,3,"mulhsu	x1,x17,x10","ra,a7,a0",
800033cc,mulhsu,s4:00000033,,0373aa33,3,"mulhsu	x20,x7,x23","s4,t2,s7",
800033d0,sltiu,gp:00000001,,cef2b193,3,"sltiu	x3,x5,-785","gp,t0,-785",
800033d4,xor,s4:00000166,,00eeca33,3,"xor	x20,x29,x14","s4,t4,a4",
800033d8,mulhu,s9:7ffffffe,,03e13cb3,3,"mulhu	x25,x2,x30","s9,sp,t5",
800033dc,sltiu,gp:00000001,,24193193,3,"sltiu	x3,x18,577","gp,s2,577",
800033e0,andi,s0:00000000,,769e7413,3,"andi	x8,x28,1897","s0,t3,1897",
800033e4,add,s2:80000006,,00dd0933,3,"add	x18,x26,x13","s2,s10,a3",
800033e8,mulhu,ra:00000000,,0271b0b3,3,"mulhu	x1,x3,x7","ra,gp,t2",
800033ec,mulh,s4:00000000,,02ea9a33,3,"mulh	x20,x21,x14","s4,s5,a4",
800033f0,sll,s7:00000000,,01d01bb3,3,"sll	x23,x0,x29","s7,zero,t4",
800033f4,srl,t4:00000003,,0195deb3,3,"srl	x29,x11,x25","t4,a1,s9",
800033f8,divu,a5:00000000,,0391d7b3,3,"divu	x15,x3,x25","a5,gp,s9",
800033fc,fmax.s,fs6:44000000,,29ae9b53,3,"fmax.s	f22,f29,f26","fs6,ft9,fs10",
80003400,ori,tp:fffffe3b,,e3b7e213,3,"ori	x4,x15,-453","tp,a5,-453",
80003404,sub,gp:7fffffff,,401b01b3,3,"sub	x3,x22,x1","gp,s6,ra",
80003408,fmax.s,fa4:c2e5b094,,28429753,3,"fmax.s	f14,f5,f4","fa4,ft5,ft4",
8000340c,fsgnjn.s,fa6:62f23000,,20ec1853,3,"fsgnjn.s	f16,f24,f14","fa6,fs8,fa4",
80003410,andi,s7:00000000,,2d78fb93,3,"andi	x23,x17,727","s7,a7,727",
80003414,feq.s,s10:00000000,,a09cad53,3,"feq.s	x26,f25,f9","s10,fs9,fs1",
80003418,mulh,t5:00000000,,02bb9f33,3,"mulh	x30,x23,x11","t5,s7,a1",
8000341c,fsgnj.s,fs11:7fc00000,,21240dd3,3,"fsgnj.s	f27,f8,f18","fs11,fs0,fs2",
80003420,fmin.s,fs4:37a26aac,,28c10a53,3,"fmin.s	f20,f2,f12","fs4,ft2,fa2",
80003424,div,t4:0013d213,,02a3ceb3,3,"div	x29,x7,x10","t4,t2,a0",
80003428,fcvt.s.wu,ft10:00000000,,d01d0f53,3,"fcvt.s.wu	f30,x26","ft10,s10",
8000342c,mul,t2:00000000,,030303b3,3,"mul	x7,x6,x16","t2,t1,a6",
80003434,mulh,t5:00000000,,02af9f33,3,"mulh	x30,x31,x10","t5,t6,a0",
80003438,fclass.s,t2:00000002,,e00713d3,3,"fclass.s	x7,f14","t2,fa4",
8000343c,and,a4:00000000,,0107f733,3,"and	x14,x15,x16","a4,a5,a6",
80003440,divu,a6:ffffffff,,03495833,3,"divu	x16,x18,x20","a6,s2,s4",
80003444,fmul.s,fa1:c702c006,,115a45d3,3,"fmul.s	f11,f20,f21","fa1,fs4,fs5",
80003448,feq.s,sp:00000000,,a0b4a153,3,"feq.s	x2,f9,f11","sp,fs1,fa1",
8000344c,flt.s,t3:00000000,,a09b1e53,3,"flt.s	x28,f22,f9","t3,fs6,fs1",
80003450,remu,s7:00000000,,0357fbb3,3,"remu	x23,x15,x21","s7,a5,s5",
80003454,slt,t2:00000000,,0159a3b3,3,"slt	x7,x19,x21","t2,s3,s5",
80003458,add,sp:00040fe3,,01648133,3,"add	x2,x9,x22","sp,s1,s6",
8000345c,xori,s11:0000041c,,41cbcd93,3,"xori	x27,x23,1052","s11,s7,1052",
80003460,fcvt.wu.s,s6:00000000,,c01ebb53,3,"fcvt.wu.s	x22,f29","s6,ft9",
80003464,sub,sp:fffff98e,,40a70133,3,"sub	x2,x14,x10","sp,a4,a0",
80003468,div,a4:00000675,,03dc4733,3,"div	x14,x24,x29","a4,s8,t4",
8000346c,add,s8:00000000,,01ee0c33,3,"add	x24,x28,x30","s8,t3,t5",
80003470,ori,t2:fffffda9,,da946393,3,"ori	x7,x8,-599","t2,s0,-599",
80003474,auipc,ra:d8b05474,,58b02097,3,"auipc	x1,0x58b02","ra,0x58b02",
80003478,slli,s2:0013d213,,000e9913,3,"slli	x18,x29,0x0","s2,t4,0x0",
8000347c,srl,s2:00000000,,01955933,3,"srl	x18,x10,x25","s2,a0,s9",
80003480,mul,a2:00000000,,02490633,3,"mul	x12,x18,x4","a2,s2,tp",
80003484,fle.s,t6:00000000,,a0f38fd3,3,"fle.s	x31,f7,f15","t6,ft7,fa5",
80003488,fmv.w.x,fs1:00000000,,f00904d3,3,"fmv.w.x	f9,x18","fs1,s2",
8000348c,divu,a2:00000000,,0309d633,3,"divu	x12,x19,x16","a2,s3,a6",
80003490,or,s6:ffffffff,,01a86b33,3,"or	x22,x16,x26","s6,a6,s10",
80003494,div,s4:ffffffff,,038dca33,3,"div	x20,x27,x24","s4,s11,s8",
80003498,fclass.s,a7:00000040,,e00618d3,3,"fclass.s	x17,f12","a7,fa2",
8000349c,flt.s,tp:00000001,,a01f9253,3,"flt.s	x4,f31,f1","tp,ft11,ft1",
800034a0,flt.s,s6:00000001,,a18c9b53,3,"flt.s	x22,f25,f24","s6,fs9,fs8",
800034a4,fmax.s,fs8:44268000,,29f19c53,3,"fmax.s	f24,f3,f31","fs8,ft3,ft11",
800034a8,sltu,t6:00000001,,00a43fb3,3,"sltu	x31,x8,x10","t6,s0,a0",
800034ac,remu,a3:00000000,,02e776b3,3,"remu	x13,x14,x14","a3,a4,a4",
800034b0,fsgnjn.s,fa0:ffc00000,,200e1553,3,"fsgnjn.s	f10,f28,f0","fa0,ft8,ft0",
800034b4,mulhu,ra:00000000,,026430b3,3,"mulhu	x1,x8,x6","ra,s0,t1",
800034b8,feq.s,s4:00000000,,a0dcaa53,3,"feq.s	x20,f25,f13","s4,fs9,fa3",
800034bc,fsgnjn.s,ft9:cece165c,,216a9ed3,3,"fsgnjn.s	f29,f21,f22","ft9,fs5,fs6",
800034c0,fsgnjx.s,fa6:00000000,,219f2853,3,"fsgnjx.s	f16,f30,f25","fa6,ft10,fs9",
800034c4,fle.s,a5:00000000,,a0af07d3,3,"fle.s	x15,f30,f10","a5,ft10,fa0",
800034c8,fmax.s,fa2:44000000,,29bd1653,3,"fmax.s	f12,f26,f27","fa2,fs10,fs11",
800034cc,srai,a6:00003fff,,4111d813,3,"srai	x16,x3,0x11","a6,gp,0x11",
800034d0,div,gp:ffffffff,,028cc1b3,3,"div	x3,x25,x8","gp,s9,s0",
800034d8,remu,s5:00000675,,02077ab3,3,"remu	x21,x14,x0","s5,a4,zero",
800034dc,add,t3:00000000,,01a90e33,3,"add	x28,x18,x26","t3,s2,s10",
800034e0,sub,s0:fffff98f,,40a20433,3,"sub	x8,x4,x10","s0,tp,a0",
800034e4,fsqrt.s,fs10:412b7711,,5809cd53,3,"fsqrt.s	f26,f19","fs10,fs3",
800034e8,fmax.s,fa0:00000200,,29789553,3,"fmax.s	f10,f17,f23","fa0,fa7,fs7",
800034ec,addi,s10:00000727,,727f0d13,3,"addi	x26,x30,1831","s10,t5,1831",
800034f0,srli,a4:00000000,,01775713,3,"srli	x14,x14,0x17","a4,a4,0x17",
800034f4,sltiu,a6:00000000,,5be9b813,3,"sltiu	x16,x19,1470","a6,s3,1470",
800034f8,auipc,a4:910534f8,,11050717,3,"auipc	x14,0x11050","a4,0x11050",
800034fc,mulh,ra:fffffed4,,027c90b3,3,"mulh	x1,x25,x7","ra,s9,t2",
80003504,flt.s,a2:00000000,,a0f91653,3,"flt.s	x12,f18,f15","a2,fs2,fa5",
80003508,mulhsu,s4:ffffffff,,03a12a33,3,"mulhsu	x20,x2,x26","s4,sp,s10",
8000350c,and,t1:00000000,,01227333,3,"and	x6,x4,x18","t1,tp,s2",
80003514,mulh,a2:fffffce6,,02ed1633,3,"mulh	x12,x26,x14","a2,s10,a4",
80003518,feq.s,a2:00000000,,a1bb2653,3,"feq.s	x12,f22,f27","a2,fs6,fs11",
8000351c,fcvt.s.wu,ft10:00000000,,d016ff53,3,"fcvt.s.wu	f30,x13","ft10,a3",
80003520,fcvt.s.w,fs9:3f800000,,d0027cd3,3,"fcvt.s.w	f25,x4","fs9,tp",
80003528,fdiv.s,fs9:7fc00000,,180e7cd3,3,"fdiv.s	f25,f28,f0","fs9,ft8,ft0",
8000352c,fcvt.wu.s,a0:0000029a,,c011c553,3,"fcvt.wu.s	x10,f3","a0,ft3",
80003530,sub,s7:00000040,,41c88bb3,3,"sub	x23,x17,x28","s7,a7,t3",
80003534,and,s2:00000000,,00937933,3,"and	x18,x6,x9","s2,t1,s1",
80003538,xor,s7:00000001,,01f84bb3,3,"xor	x23,x16,x31","s7,a6,t6",
8000353c,addi,gp:fffffd03,,d0220193,3,"addi	x3,x4,-766","gp,tp,-766",
80003540,fsgnj.s,ft1:00000000,,202f00d3,3,"fsgnj.s	f1,f30,f2","ft1,ft10,ft2",
80003544,fmul.s,fs2:d682c006,,11d3f953,3,"fmul.s	f18,f7,f29","fs2,ft7,ft9",
80003548,mulhu,a4:00000000,,02da3733,3,"mulhu	x14,x20,x13","a4,s4,a3",
8000354c,lui,a2:80708000,,80708637,3,"lui	x12,0x80708","a2,0x80708",
80003550,lui,s6:80206000,,80206b37,3,"lui	x22,0x80206","s6,0x80206",
80003554,mulh,t1:ffffffff,,03759333,3,"mulh	x6,x11,x23","t1,a1,s7",
80003558,auipc,s10:2b076558,,ab073d17,3,"auipc	x26,0xab073","s10,0xab073",
8000355c,sub,a0:88cffbf0,,40bb0533,3,"sub	x10,x22,x11","a0,s6,a1",
80003560,fmv.x.w,t4:00000000,,e00b8ed3,3,"fmv.x.w	x29,f23","t4,fs7",
80003564,fsub.s,ft4:7fc00000,,09bef253,3,"fsub.s	f4,f29,f27","ft4,ft9,fs11",
80003568,fsgnjn.s,fa6:80000000,,20d81853,3,"fsgnjn.s	f16,f16,f13","fa6,fa6,fa3",
8000356c,rem,a6:fffffff0,,03156833,3,"rem	x16,x10,x17","a6,a0,a7",
80003570,divu,a7:00000000,,0271d8b3,3,"divu	x17,x3,x7","a7,gp,t2",
80003574,mulh,a0:00000000,,03391533,3,"mulh	x10,x18,x19","a0,s2,s3",
80003578,addi,t2:fffffc6c,,c6cc0393,3,"addi	x7,x24,-916","t2,s8,-916",
8000357c,flt.s,s9:00000000,,a1949cd3,3,"flt.s	x25,f9,f25","s9,fs1,fs9",
80003580,xor,s2:fffffd03,,003cc933,3,"xor	x18,x25,x3","s2,s9,gp",
80003584,feq.s,s5:00000000,,a060aad3,3,"feq.s	x21,f1,f6","s5,ft1,ft6",
80003588,remu,s4:00000000,,03107a33,3,"remu	x20,x0,x17","s4,zero,a7",
8000358c,fmax.s,ft9:42e5b094,,29e99ed3,3,"fmax.s	f29,f19,f30","ft9,fs3,ft10",
80003590,fmv.x.w,s9:7fc00000,,e0040cd3,3,"fmv.x.w	x25,f8","s9,fs0",
80003594,mulhu,s3:00000000,,02eab9b3,3,"mulhu	x19,x21,x14","s3,s5,a4",
80003598,sltu,s3:00000000,,01dfb9b3,3,"sltu	x19,x31,x29","s3,t6,t4",
8000359c,or,s10:80246fe4,,009b6d33,3,"or	x26,x22,x9","s10,s6,s1",
800035a0,slti,a6:00000001,,5f5a2813,3,"slti	x16,x20,1525","a6,s4,1525",
800035a4,xori,t1:7f8f7ba6,,ba664313,3,"xori	x6,x12,-1114","t1,a2,-1114",
800035a8,fsub.s,fs11:c702c006,,09f5bdd3,3,"fsub.s	f27,f11,f31","fs11,fa1,ft11",
800035ac,divu,a4:00000000,,0275d733,3,"divu	x14,x11,x7","a4,a1,t2",
800035b0,srli,s11:00000000,,00905d93,3,"srli	x27,x0,0x9","s11,zero,0x9",
800035b4,slli,s5:00000001,,000b9a93,3,"slli	x21,x23,0x0","s5,s7,0x0",
800035b8,sub,ra:8070832e,,406080b3,3,"sub	x1,x1,x6","ra,ra,t1",
800035bc,addi,a5:0000062c,,62c68793,3,"addi	x15,x13,1580","a5,a3,1580",
800035c0,slt,s9:00000000,,00c8acb3,3,"slt	x25,x17,x12","s9,a7,a2",
800035c4,mulh,a2:00000000,,03ac1633,3,"mulh	x12,x24,x26","a2,s8,s10",
800035c8,auipc,tp:fee495c8,,7ee46217,3,"auipc	x4,0x7ee46","tp,0x7ee46",
800035cc,feq.s,s10:00000000,,a1f5ad53,3,"feq.s	x26,f11,f31","s10,fa1,ft11",
800035d0,sll,a2:0000062c,,01879633,3,"sll	x12,x15,x24","a2,a5,s8",
800035d4,or,s8:fffffc6c,,007c6c33,3,"or	x24,x24,x7","s8,s8,t2",
800035d8,add,s5:f7506411,,00bb8ab3,3,"add	x21,x23,x11","s5,s7,a1",
800035dc,xor,t5:7f8f7ba7,,006fcf33,3,"xor	x30,x31,x6","t5,t6,t1",
800035e0,slt,t3:00000000,,008d2e33,3,"slt	x28,x26,x8","t3,s10,s0",
800035e4,fcvt.s.wu,ft8:3f800000,,d01fae53,3,"fcvt.s.wu	f28,x31","ft8,t6",
800035e8,fsgnj.s,fs4:44268000,,21f18a53,3,"fsgnj.s	f20,f3,f31","fs4,ft3,ft11",
800035ec,slti,a7:00000001,,0f192893,3,"slti	x17,x18,241","a7,s2,241",
800035f0,mulhsu,s5:00000000,,0279aab3,3,"mulhsu	x21,x19,x7","s5,s3,t2",
800035f4,fcvt.s.wu,ft1:4f7ffff9,,d01170d3,3,"fcvt.s.wu	f1,x2","ft1,sp",
800035f8,sltiu,s11:00000001,,51f53d93,3,"sltiu	x27,x10,1311","s11,a0,1311",
800035fc,divu,tp:ffffffff,,03ce5233,3,"divu	x4,x28,x28","tp,t3,t3",
80003600,andi,t3:00000144,,1544fe13,3,"andi	x28,x9,340","t3,s1,340",
80003604,xor,a2:00000000,,01fbc633,3,"xor	x12,x23,x31","a2,s7,t6",
80003608,xori,tp:fffffa2d,,72e1c213,3,"xori	x4,x3,1838","tp,gp,1838",
8000360c,add,t4:80040fe4,,009e8eb3,3,"add	x29,x29,x9","t4,t4,s1",
80003610,lui,s5:deb1a000,,deb1aab7,3,"lui	x21,0xdeb1a","s5,0xdeb1a",
8000361c,divu,s6:00000000,,02435b33,3,"divu	x22,x6,x4","s6,t1,tp",
80003620,sll,s6:06410000,,00759b33,3,"sll	x22,x11,x7","s6,a1,t2",
80003624,rem,t5:00000000,,02e66f33,3,"rem	x30,x12,x14","t5,a2,a4",
80003628,divu,a7:00000000,,038dd8b3,3,"divu	x17,x27,x24","a7,s11,s8",
8000362c,slt,a6:00000001,,0042a833,3,"slt	x16,x5,x4","a6,t0,tp",
80003630,fsgnj.s,fs0:4f7ffff9,,20c08453,3,"fsgnj.s	f8,f1,f12","fs0,ft1,fa2",
80003634,fmul.s,fs0:7fc00000,,100cb453,3,"fmul.s	f8,f25,f0","fs0,fs9,ft0",
80003638,divu,a6:ffffffff,,03a65833,3,"divu	x16,x12,x26","a6,a2,s10",
8000363c,fsgnjn.s,ft1:c7226aac,,20c310d3,3,"fsgnjn.s	f1,f6,f12","ft1,ft6,fa2",
80003640,fsgnjx.s,fa3:00000000,,20c4a6d3,3,"fsgnjx.s	f13,f9,f12","fa3,fs1,fa2",
80003644,ori,s4:00000658,,65806a13,3,"ori	x20,x0,1624","s4,zero,1624",
80003648,slli,gp:00000000,,00e01193,3,"slli	x3,x0,0xe","gp,zero,0xe",
8000364c,fmv.x.w,s6:00000000,,e0078b53,3,"fmv.x.w	x22,f15","s6,fa5",
80003650,fadd.s,ft3:7fc00000,,001141d3,3,"fadd.s	f3,f2,f1","ft3,ft2,ft1",
80003654,rem,t1:00000000,,0321e333,3,"rem	x6,x3,x18","t1,gp,s2",
80003658,fsub.s,ft1:7fc00000,,084210d3,3,"fsub.s	f1,f4,f4","ft1,ft4,ft4",
8000365c,slt,s9:00000001,,01792cb3,3,"slt	x25,x18,x23","s9,s2,s7",
80003664,remu,sp:7ffbec48,,0253f133,3,"remu	x2,x7,x5","sp,t2,t0",
80003668,srai,s4:00000000,,402fda13,3,"srai	x20,x31,0x2","s4,t6,0x2",
80003670,fcvt.wu.s,t4:00000000,,c0181ed3,3,"fcvt.wu.s	x29,f16","t4,fa6",
80003674,mulhu,a0:00000000,,03e23533,3,"mulhu	x10,x4,x30","a0,tp,t5",
80003678,mulh,t6:00000000,,02a89fb3,3,"mulh	x31,x17,x10","t6,a7,a0",
8000367c,fsgnj.s,fs2:00000000,,21348953,3,"fsgnj.s	f18,f9,f19","fs2,fs1,fs3",
80003680,sra,a3:ffffffff,,40c856b3,3,"sra	x13,x16,x12","a3,a6,a2",
80003684,slli,s3:40000000,,011a9993,3,"slli	x19,x21,0x11","s3,s5,0x11",
80003688,fcvt.w.s,s9:0000029a,,c00c7cd3,3,"fcvt.w.s	x25,f24","s9,fs8",
8000368c,flt.s,a5:00000001,,a14a97d3,3,"flt.s	x15,f21,f20","a5,fs5,fs4",
80003690,srli,s3:00000000,,00bed993,3,"srli	x19,x29,0xb","s3,t4,0xb",
80003694,fdiv.s,fs8:7fc00000,,192f7c53,3,"fdiv.s	f24,f30,f18","fs8,ft10,fs2",
80003698,fcvt.s.w,ft11:bf800000,,d006ffd3,3,"fcvt.s.w	f31,x13","ft11,a3",
8000369c,fsqrt.s,fs2:7fc00000,,580a8953,3,"fsqrt.s	f18,f21","fs2,fs5",
800036a0,fmin.s,fs4:c702c006,,28b38a53,3,"fmin.s	f20,f7,f11","fs4,ft7,fa1",
800036a4,fcvt.w.s,s0:00000000,,c0078453,3,"fcvt.w.s	x8,f15","s0,fa5",
800036a8,ori,t3:fffffbbe,,b900ee13,3,"ori	x28,x1,-1136","t3,ra,-1136",
800036ac,lui,s3:acc07000,,acc079b7,3,"lui	x19,0xacc07","s3,0xacc07",
800036b0,mulhsu,gp:a9ebb4b6,,0330a1b3,3,"mulhsu	x3,x1,x19","gp,ra,s3",
800036b8,fmv.x.w,ra:7fc00000,,e00c80d3,3,"fmv.x.w	x1,f25","ra,fs9",
800036bc,fmax.s,fa0:00000200,,29169553,3,"fmax.s	f10,f13,f17","fa0,fa3,fa7",
800036c0,sub,s0:00000000,,41f88433,3,"sub	x8,x17,x31","s0,a7,t6",
800036c4,fmv.x.w,a2:c702c006,,e0058653,3,"fmv.x.w	x12,f11","a2,fa1",
800036c8,sll,s8:00000000,,00341c33,3,"sll	x24,x8,x3","s8,s0,gp",
800036cc,divu,a3:00000000,,023056b3,3,"divu	x13,x0,x3","a3,zero,gp",
800036d0,flt.s,s11:00000000,,a15c1dd3,3,"flt.s	x27,f24,f21","s11,fs8,fs5",
800036d4,fmax.s,fa0:c7226aac,,28031553,3,"fmax.s	f10,f6,f0","fa0,ft6,ft0",
800036d8,fsqrt.s,fs5:7fc00000,,58012ad3,3,"fsqrt.s	f21,f2","fs5,ft2",
800036dc,fcvt.wu.s,s10:0000a26a,,c0151d53,3,"fcvt.wu.s	x26,f10","s10,fa0",
800036e0,slt,a7:00000000,,008328b3,3,"slt	x17,x6,x8","a7,t1,s0",
800036e4,xori,t6:fffffcf5,,cf47cf93,3,"xori	x31,x15,-780","t6,a5,-780",
800036e8,div,t5:00000000,,03f94f33,3,"div	x30,x18,x31","t5,s2,t6",
800036ec,lui,s4:53c03000,,53c03a37,3,"lui	x20,0x53c03","s4,0x53c03",
800036f0,fmv.w.x,fs7:00000000,,f0030bd3,3,"fmv.w.x	f23,x6","fs7,t1",
800036f4,sra,a4:00000000,,4186d733,3,"sra	x14,x13,x24","a4,a3,s8",
800036f8,remu,t1:00000000,,03507333,3,"remu	x6,x0,x21","t1,zero,s5",
800036fc,sub,s10:fffffbbe,,406e0d33,3,"sub	x26,x28,x6","s10,t3,t1",
80003700,feq.s,s5:00000000,,a09d2ad3,3,"feq.s	x21,f26,f9","s5,fs10,fs1",
80003704,sll,s2:301c0000,,00c99933,3,"sll	x18,x19,x12","s2,s3,a2",
80003708,add,a5:fffff9ea,,01ff87b3,3,"add	x15,x31,x31","a5,t6,t6",
8000370c,add,a7:fffff9ea,,00a788b3,3,"add	x17,x15,x10","a7,a5,a0",
80003710,mul,t2:00000000,,033403b3,3,"mul	x7,x8,x19","t2,s0,s3",
80003714,xor,s4:56144e9b,,00324a33,3,"xor	x20,x4,x3","s4,tp,gp",
80003718,remu,sp:00000000,,029af133,3,"remu	x2,x21,x9","sp,s5,s1",
8000371c,fcvt.w.s,tp:0000a26a,,c0037253,3,"fcvt.w.s	x4,f6","tp,ft6",
80003720,and,s0:00000000,,012bf433,3,"and	x8,x23,x18","s0,s7,s2",
80003724,fsgnj.s,ft11:c7226aac,,20650fd3,3,"fsgnj.s	f31,f10,f6","ft11,fa0,ft6",
80003728,fadd.s,fs9:7fc00000,,01747cd3,3,"fadd.s	f25,f8,f23","fs9,fs0,fs7",
8000372c,fmul.s,fa0:c64e1563,,10e9f553,3,"fmul.s	f10,f19,f14","fa0,fs3,fa4",
80003730,addi,s4:fffffd42,,d4230a13,3,"addi	x20,x6,-702","s4,t1,-702",
80003738,sub,s4:fffffd66,,419c0a33,3,"sub	x20,x24,x25","s4,s8,s9",
8000373c,fsgnj.s,fs4:44000000,,21260a53,3,"fsgnj.s	f20,f12,f18","fs4,fa2,fs2",
80003740,mulhu,a0:40041014,,0254b533,3,"mulhu	x10,x9,x5","a0,s1,t0",
80003744,srl,s6:000003ff,,0037db33,3,"srl	x22,x15,x3","s6,a5,gp",
80003748,fcvt.w.s,s4:00003385,,c0057a53,3,"fcvt.w.s	x20,f10","s4,fa0",
8000374c,lui,ra:253d4000,,253d40b7,3,"lui	x1,0x253d4","ra,0x253d4",
80003750,mul,s0:fbb5f3e0,,03c58433,3,"mul	x8,x11,x28","s0,a1,t3",
80003754,xori,s2:301c02bc,,2bc94913,3,"xori	x18,x18,700","s2,s2,700",
80003758,divu,a7:00000000,,028558b3,3,"divu	x17,x10,x8","a7,a0,s0",
8000375c,feq.s,s2:00000000,,a15ba953,3,"feq.s	x18,f23,f21","s2,fs7,fs5",
80003760,fadd.s,fa7:3f800000,,010e38d3,3,"fadd.s	f17,f28,f16","fa7,ft8,fa6",
80003764,slt,t2:00000000,,003c23b3,3,"slt	x7,x24,x3","t2,s8,gp",
80003768,fcvt.wu.s,s2:ffffffff,,c01aa953,3,"fcvt.wu.s	x18,f21","s2,fs5",
8000376c,fmul.s,fs11:4e02bf68,,10affdd3,3,"fmul.s	f27,f31,f10","fs11,ft11,fa0",
80003770,fmv.w.x,fa6:00000000,,f00a8853,3,"fmv.w.x	f16,x21","fa6,s5",
80003774,auipc,t2:9f8d1774,,1f8ce397,3,"auipc	x7,0x1f8ce","t2,0x1f8ce",
8000377c,fmv.x.w,tp:42e5b094,,e00e8253,3,"fmv.x.w	x4,f29","tp,ft9",
80003780,slli,s3:00003385,,000a1993,3,"slli	x19,x20,0x0","s3,s4,0x0",
80003784,sltiu,a3:00000001,,1386b693,3,"sltiu	x13,x13,312","a3,a3,312",
80003788,fsgnj.s,fs2:7fc00000,,20d18953,3,"fsgnj.s	f18,f3,f13","fs2,ft3,fa3",
8000378c,fadd.s,fa2:7fc00000,,01707653,3,"fadd.s	f12,f0,f23","fa2,ft0,fs7",
80003790,slt,s3:00000000,,00fe29b3,3,"slt	x19,x28,x15","s3,t3,a5",
80003794,sll,a2:80000000,,01cc9633,3,"sll	x12,x25,x28","a2,s9,t3",
80003798,sltiu,a7:00000000,,05553893,3,"sltiu	x17,x10,85","a7,a0,85",
8000379c,fsgnjn.s,ft11:c64e1563,,21b51fd3,3,"fsgnjn.s	f31,f10,f27","ft11,fa0,fs11",
800037a0,fmv.w.x,fs9:00000000,,f0070cd3,3,"fmv.w.x	f25,x14","fs9,a4",
800037a4,fsgnj.s,ft3:7fc00000,,208081d3,3,"fsgnj.s	f3,f1,f8","ft3,ft1,fs0",
800037a8,fdiv.s,ft2:7fc00000,,188a7153,3,"fdiv.s	f2,f20,f8","ft2,fs4,fs0",
800037ac,fcvt.wu.s,s3:00003386,,c01fb9d3,3,"fcvt.wu.s	x19,f31","s3,ft11",
800037b0,srli,s4:20010409,,0022da13,3,"srli	x20,x5,0x2","s4,t0,0x2",
800037b4,fsgnj.s,fa2:42e5b094,,208e8653,3,"fsgnj.s	f12,f29,f8","fa2,ft9,fs0",
800037bc,slli,t4:00000000,,013a9e93,3,"slli	x29,x21,0x13","t4,s5,0x13",
800037c0,add,t6:f750640f,,00b90fb3,3,"add	x31,x18,x11","t6,s2,a1",
800037c4,fcvt.s.wu,fs1:3f800000,,d01bf4d3,3,"fcvt.s.wu	f9,x23","fs1,s7",
800037c8,fmv.x.w,s6:7fc00000,,e0090b53,3,"fmv.x.w	x22,f18","s6,fs2",
800037cc,fsub.s,ft9:411b7711,,089d1ed3,3,"fsub.s	f29,f26,f9","ft9,fs10,fs1",
800037d0,fsub.s,fs6:7fc00000,,098cfb53,3,"fsub.s	f22,f25,f24","fs6,fs9,fs8",
800037d4,srli,a0:00200104,,008a5513,3,"srli	x10,x20,0x8","a0,s4,0x8",
800037d8,div,s7:00000000,,024c4bb3,3,"div	x23,x24,x4","s7,s8,tp",
800037dc,or,s5:f7506410,,00b36ab3,3,"or	x21,x6,x11","s5,t1,a1",
800037e0,srl,a6:0f750641,,00aad833,3,"srl	x16,x21,x10","a6,s5,a0",
800037e4,srli,sp:00000000,,00ded113,3,"srli	x2,x29,0xd","sp,t4,0xd",
800037e8,slti,s5:00000001,,ead1aa93,3,"slti	x21,x3,-339","s5,gp,-339",
800037ec,fadd.s,fs2:7fc00000,,001d7953,3,"fadd.s	f18,f26,f1","fs2,fs10,ft1",
800037f0,lui,t6:2f7fe000,,2f7fefb7,3,"lui	x31,0x2f7fe","t6,0x2f7fe",
800037f4,slli,a7:00000000,,00f89893,3,"slli	x17,x17,0xf","a7,a7,0xf",
800037f8,fle.s,gp:00000001,,a1ff81d3,3,"fle.s	x3,f31,f31","gp,ft11,ft11",
800037fc,fcvt.s.w,fs8:00000000,,d0007c53,3,"fcvt.s.w	f24,x0","fs8,zero",
80003800,sltiu,t6:00000001,,c805bf93,3,"sltiu	x31,x11,-896","t6,a1,-896",
80003804,srl,s10:00000000,,015f5d33,3,"srl	x26,x30,x21","s10,t5,s5",
80003808,srai,gp:ffffffee,,4175d193,3,"srai	x3,x11,0x17","gp,a1,0x17",
8000380c,auipc,a3:5598880c,,d5985697,3,"auipc	x13,0xd5985","a3,0xd5985",
80003810,fmax.s,fs11:00000000,,299c9dd3,3,"fmax.s	f27,f25,f25","fs11,fs9,fs9",
80003814,remu,s7:00000001,,023ffbb3,3,"remu	x23,x31,x3","s7,t6,gp",
80003818,fmul.s,fs10:7fc00000,,115cfd53,3,"fmul.s	f26,f25,f21","fs10,fs9,fs5",
8000381c,fmax.s,ft2:42e5b094,,29861153,3,"fmax.s	f2,f12,f24","ft2,fa2,fs8",
80003820,srl,s11:00000800,,0042ddb3,3,"srl	x27,x5,x4","s11,t0,tp",
80003824,sll,a4:ffffffdc,,01719733,3,"sll	x14,x3,x23","a4,gp,s7",
80003828,xor,a2:fffff9ea,,00fd4633,3,"xor	x12,x26,x15","a2,s10,a5",
8000382c,mulhu,s11:00000000,,03acbdb3,3,"mulhu	x27,x25,x26","s11,s9,s10",
80003830,fdiv.s,ft5:3fb1bcd0,,18e742d3,3,"fdiv.s	f5,f14,f14","ft5,fa4,fa4",
80003834,fmin.s,fa0:44000000,,288a0553,3,"fmin.s	f10,f20,f8","fa0,fs4,fs0",
80003838,srli,t5:00000053,,003cdf13,3,"srli	x30,x25,0x3","t5,s9,0x3",
80003840,fcvt.w.s,a3:00000001,,c00286d3,3,"fcvt.w.s	x13,f5","a3,ft5",
80003844,sltiu,s6:00000001,,c6aa3b13,3,"sltiu	x22,x20,-918","s6,s4,-918",
80003848,srai,s8:fff9f8d1,,40c3dc13,3,"srai	x24,x7,0xc","s8,t2,0xc",
8000384c,sll,a5:00000000,,015317b3,3,"sll	x15,x6,x21","a5,t1,s5",
80003850,fmv.w.x,fs11:00000001,,f00b0dd3,3,"fmv.w.x	f27,x22","fs11,s6",
80003854,xori,tp:dac2b948,,9480c213,3,"xori	x4,x1,-1720","tp,ra,-1720",
80003858,sltiu,a6:00000001,,c8f9b813,3,"sltiu	x16,x19,-881","a6,s3,-881",
8000385c,mulhsu,s5:00000000,,02222ab3,3,"mulhsu	x21,x4,x2","s5,tp,sp",
80003860,slli,t1:00000000,,01ca9313,3,"slli	x6,x21,0x1c","t1,s5,0x1c",
80003864,sra,s11:ffffffee,,41075db3,3,"sra	x27,x14,x16","s11,a4,a6",
80003868,rem,a2:00000000,,0367e633,3,"rem	x12,x15,x22","a2,a5,s6",
8000386c,slli,s3:00000800,,00b81993,3,"slli	x19,x16,0xb","s3,a6,0xb",
80003870,fsub.s,fs5:464e1563,,09fcfad3,3,"fsub.s	f21,f25,f31","fs5,fs9,ft11",
80003874,sll,s8:ffffffee,,008d9c33,3,"sll	x24,x27,x8","s8,s11,s0",
80003878,fadd.s,ft0:44000000,,00a82053,3,"fadd.s	f0,f16,f10","ft0,fa6,fa0",
8000387c,srl,t4:00000000,,01f85eb3,3,"srl	x29,x16,x31","t4,a6,t6",
80003880,fmax.s,fs5:3fb1bcd0,,285b1ad3,3,"fmax.s	f21,f22,f5","fs5,fs6,ft5",
80003884,fmin.s,fa0:00000000,,298d8553,3,"fmin.s	f10,f27,f24","fa0,fs11,fs8",
80003888,fsgnjn.s,fs1:bf800000,,215e14d3,3,"fsgnjn.s	f9,f28,f21","fs1,ft8,fs5",
8000388c,xori,s9:000005c8,,5c8acc93,3,"xori	x25,x21,1480","s9,s5,1480",
80003890,div,t1:ffffffff,,026f4333,3,"div	x6,x30,x6","t1,t5,t1",
80003894,sll,a3:00000000,,012016b3,3,"sll	x13,x0,x18","a3,zero,s2",
80003898,fsub.s,ft2:c4000000,,09457153,3,"fsub.s	f2,f10,f20","ft2,fa0,fs4",
8000389c,sra,a4:f80040fe,,4094d733,3,"sra	x14,x9,x9","a4,s1,s1",
800038a0,fmul.s,fa7:7fc00000,,119408d3,3,"fmul.s	f17,f8,f25","fa7,fs0,fs9",
800038a4,add,s0:000007ff,,01390433,3,"add	x8,x18,x19","s0,s2,s3",
800038ac,fsqrt.s,fs1:7fc00000,,580974d3,3,"fsqrt.s	f9,f18","fs1,fs2",
800038b0,fcvt.s.wu,ft9:4a000410,,d0157ed3,3,"fcvt.s.wu	f29,x10","ft9,a0",
800038b4,srli,a7:00000000,,0097d893,3,"srli	x17,x15,0x9","a7,a5,0x9",
800038b8,fcvt.wu.s,a7:00000001,,c012f8d3,3,"fcvt.wu.s	x17,f5","a7,ft5",
800038bc,fmul.s,fa1:c765b094,,10e075d3,3,"fmul.s	f11,f0,f14","fa1,ft0,fa4",
800038c0,fmul.s,fs3:4a91b973,,106779d3,3,"fmul.s	f19,f14,f6","fs3,fa4,ft6",
800038c4,fcvt.w.s,a2:00000200,,c00a2653,3,"fcvt.w.s	x12,f20","a2,fs4",
800038c8,fmul.s,fa3:7fc00000,,103a16d3,3,"fmul.s	f13,f20,f3","fa3,fs4,ft3",
800038cc,fcvt.w.s,ra:ffff5d96,,c00330d3,3,"fcvt.w.s	x1,f6","ra,ft6",
800038d0,xor,s8:dac2b948,,00024c33,3,"xor	x24,x4,x0","s8,tp,zero",
800038d4,slti,t4:00000000,,0e952e93,3,"slti	x29,x10,233","t4,a0,233",
800038d8,fsgnj.s,fs4:3f800000,,217e0a53,3,"fsgnj.s	f20,f28,f23","fs4,ft8,fs7",
800038dc,sltiu,s11:00000001,,1fa6bd93,3,"sltiu	x27,x13,506","s11,a3,506",
800038e0,sub,s6:00000000,,41a68b33,3,"sub	x22,x13,x26","s6,a3,s10",
800038e4,fdiv.s,fs1:7fc00000,,1997c4d3,3,"fdiv.s	f9,f15,f25","fs1,fa5,fs9",
800038e8,fmv.w.x,fs10:00000001,,f0088d53,3,"fmv.w.x	f26,x17","fs10,a7",
800038ec,and,s9:ffff5d86,,0030fcb3,3,"and	x25,x1,x3","s9,ra,gp",
800038f0,ori,t3:0000011c,,11caee13,3,"ori	x28,x21,284","t3,s5,284",
800038f4,sll,s0:00000000,,01ab1433,3,"sll	x8,x22,x26","s0,s6,s10",
800038f8,andi,s11:ffff5902,,b3bcfd93,3,"andi	x27,x25,-1221","s11,s9,-1221",
800038fc,fmin.s,ft9:c4000000,,28290ed3,3,"fmin.s	f29,f18,f2","ft9,fs2,ft2",
80003900,xor,a7:80041824,,0059c8b3,3,"xor	x17,x19,x5","a7,s3,t0",
80003904,flt.s,t1:00000001,,a1b81353,3,"flt.s	x6,f16,f27","t1,fa6,fs11",
80003908,ori,a0:fffffdd7,,d470e513,3,"ori	x10,x1,-697","a0,ra,-697",
8000390c,fmv.w.x,ft2:00000001,,f0030153,3,"fmv.w.x	f2,x6","ft2,t1",
80003910,sub,t6:fffffbd7,,40c50fb3,3,"sub	x31,x10,x12","t6,a0,a2",
80003914,fsgnjn.s,fa3:80000000,,200516d3,3,"fsgnjn.s	f13,f10,f0","fa3,fa0,ft0",
80003918,fsgnjn.s,fs11:ffc00000,,20c49dd3,3,"fsgnjn.s	f27,f9,f12","fs11,fs1,fa2",
8000391c,srl,s8:00000000,,01a6dc33,3,"srl	x24,x13,x26","s8,a3,s10",
80003920,sltiu,s7:00000001,,19febb93,3,"sltiu	x23,x29,415","s7,t4,415",
80003924,divu,t2:ffffffff,,02dc53b3,3,"divu	x7,x24,x13","t2,s8,a3",
80003928,slt,s4:00000000,,00a6aa33,3,"slt	x20,x13,x10","s4,a3,a0",
8000392c,mulhsu,ra:80046156,,0212a0b3,3,"mulhsu	x1,x5,x1","ra,t0,ra",
80003930,divu,s11:00000001,,02ecddb3,3,"divu	x27,x25,x14","s11,s9,a4",
80003934,xori,s5:fffffdf6,,02154a93,3,"xori	x21,x10,33","s5,a0,33",
80003938,lui,t5:8c619000,,8c619f37,3,"lui	x30,0x8c619","t5,0x8c619",
8000393c,and,a4:00000000,,007c7733,3,"and	x14,x24,x7","a4,s8,t2",
80003940,fmv.x.w,a2:80000000,,e0068653,3,"fmv.x.w	x12,f13","a2,fa3",
80003944,div,gp:00000000,,0356c1b3,3,"div	x3,x13,x21","gp,a3,s5",
80003948,srli,s7:001eea0c,,00b5db93,3,"srli	x23,x11,0xb","s7,a1,0xb",
8000394c,fsub.s,fa2:7fc00000,,08a8f653,3,"fsub.s	f12,f17,f10","fa2,fa7,fa0",
80003950,xori,a3:f75065d0,,1c05c693,3,"xori	x13,x11,448","a3,a1,448",
80003954,fmul.s,ft2:00000000,,117af153,3,"fmul.s	f2,f21,f23","ft2,fs5,fs7",
80003958,fsgnjx.s,fa1:47226aac,,21b325d3,3,"fsgnjx.s	f11,f6,f27","fa1,ft6,fs11",
8000395c,fmv.x.w,s3:7fc00000,,e00489d3,3,"fmv.x.w	x19,f9","s3,fs1",
80003960,fsgnjn.s,fa7:80000000,,210798d3,3,"fsgnjn.s	f17,f15,f16","fa7,fa5,fa6",
80003964,fsgnjx.s,ft1:c4000000,,213ea0d3,3,"fsgnjx.s	f1,f29,f19","ft1,ft9,fs3",
80003968,fmv.x.w,s9:3f800000,,e00e0cd3,3,"fmv.x.w	x25,f28","s9,ft8",
8000396c,or,t2:ffffffff,,0103e3b3,3,"or	x7,x7,x16","t2,t2,a6",
80003970,fsgnj.s,ft7:00000000,,219c03d3,3,"fsgnj.s	f7,f24,f25","ft7,fs8,fs9",
80003974,fsgnjx.s,ft7:80000000,,2028a3d3,3,"fsgnjx.s	f7,f17,f2","ft7,fa7,ft2",
80003978,or,s0:80041fe4,,0114e433,3,"or	x8,x9,x17","s0,s1,a7",
8000397c,fadd.s,ft10:7fc00000,,004e7f53,3,"fadd.s	f30,f28,f4","ft10,ft8,ft4",
80003980,fmv.x.w,a6:7fc00000,,e0018853,3,"fmv.x.w	x16,f3","a6,ft3",
80003984,andi,a7:00000680,,68a4f893,3,"andi	x17,x9,1674","a7,s1,1674",
80003988,ori,sp:0000003d,,03c36113,3,"ori	x2,x6,60","sp,t1,60",
8000398c,div,s5:00000000,,03174ab3,3,"div	x21,x14,x17","s5,a4,a7",
80003990,sltiu,s3:00000001,,e44e3993,3,"sltiu	x19,x28,-444","s3,t3,-444",
80003994,fcvt.w.s,t3:00000001,,c00a1e53,3,"fcvt.w.s	x28,f20","t3,fs4",
80003998,sub,t2:739e7680,,41e883b3,3,"sub	x7,x17,x30","t2,a7,t5",
8000399c,sltiu,ra:00000001,,c6f73093,3,"sltiu	x1,x14,-913","ra,a4,-913",
800039a0,fcvt.wu.s,tp:00000200,,c01eb253,3,"fcvt.wu.s	x4,f29","tp,ft9",
800039a4,fadd.s,ft9:00000001,,01acfed3,3,"fadd.s	f29,f25,f26","ft9,fs9,fs10",
800039a8,sll,t5:00000000,,001c1f33,3,"sll	x30,x24,x1","t5,s8,ra",
800039ac,div,s6:00000000,,03f14b33,3,"div	x22,x2,x31","s6,sp,t6",
800039b0,slli,t2:00000000,,01ff1393,3,"slli	x7,x30,0x1f","t2,t5,0x1f",
800039b4,mulhu,t3:00000000,,022dbe33,3,"mulhu	x28,x27,x2","t3,s11,sp",
800039b8,fcvt.s.w,fa2:00000000,,d00a1653,3,"fcvt.s.w	f12,x20","fa2,s4",
800039bc,fmv.x.w,t4:c2e5b094,,e0070ed3,3,"fmv.x.w	x29,f14","t4,fa4",
800039c0,xor,t1:7fc00000,,010c4333,3,"xor	x6,x24,x16","t1,s8,a6",
800039c4,sltiu,gp:00000001,,f891b193,3,"sltiu	x3,x3,-119","gp,gp,-119",
800039cc,srli,t1:00000000,,004b5313,3,"srli	x6,x22,0x4","t1,s6,0x4",
800039d0,fsub.s,ft11:7fc00000,,089dffd3,3,"fsub.s	f31,f27,f9","ft11,fs11,fs1",
800039d4,fsgnjn.s,fa1:80000001,,20bd15d3,3,"fsgnjn.s	f11,f26,f11","fa1,fs10,fa1",
800039d8,fsgnjx.s,ft9:00000000,,20c52ed3,3,"fsgnjx.s	f29,f10,f12","ft9,fa0,fa2",
800039dc,fmul.s,fs2:80000000,,10a0f953,3,"fmul.s	f18,f1,f10","fs2,ft1,fa0",
800039e0,fmin.s,fs7:00000000,,29360bd3,3,"fmin.s	f23,f12,f19","fs7,fa2,fs3",
800039e4,srai,t6:00000000,,4131df93,3,"srai	x31,x3,0x13","t6,gp,0x13",
800039e8,fsgnjx.s,fa2:00000000,,20a62653,3,"fsgnjx.s	f12,f12,f10","fa2,fa2,fa0",
800039ec,divu,t4:ffffffff,,03fcdeb3,3,"divu	x29,x25,x31","t4,s9,t6",
800039f0,div,s8:ffffffff,,03064c33,3,"div	x24,x12,x16","s8,a2,a6",
800039f4,or,t2:00000000,,01a363b3,3,"or	x7,x6,x26","t2,t1,s10",
800039fc,fmul.s,fa6:00000000,,1177f853,3,"fmul.s	f16,f15,f23","fa6,fa5,fs7",
80003a00,fsgnjx.s,ft9:00000000,,20c62ed3,3,"fsgnjx.s	f29,f12,f12","ft9,fa2,fa2",
80003a04,flt.s,a3:00000000,,a0fe16d3,3,"flt.s	x13,f28,f15","a3,ft8,fa5",
80003a08,mulh,s2:ffffffe1,,02c11933,3,"mulh	x18,x2,x12","s2,sp,a2",
80003a0c,fsgnj.s,fa3:00000000,,205786d3,3,"fsgnj.s	f13,f15,f5","fa3,fa5,ft5",
80003a10,slt,t4:00000000,,00892eb3,3,"slt	x29,x18,x8","t4,s2,s0",
80003a14,fmin.s,fs7:c4000000,,28308bd3,3,"fmin.s	f23,f1,f3","fs7,ft1,ft3",
80003a18,div,t1:00000000,,024b4333,3,"div	x6,x22,x4","t1,s6,tp",
80003a1c,fmul.s,ft10:80000000,,11267f53,3,"fmul.s	f30,f12,f18","ft10,fa2,fs2",
80003a20,rem,a2:00000680,,0268e633,3,"rem	x12,x17,x6","a2,a7,t1",
80003a24,ori,sp:00000749,,74926113,3,"ori	x2,x4,1865","sp,tp,1865",
80003a28,divu,t6:ffffffff,,036bdfb3,3,"divu	x31,x23,x22","t6,s7,s6",
80003a2c,slti,t1:00000001,,1b1a2313,3,"slti	x6,x20,433","t1,s4,433",
80003a30,fcvt.w.s,sp:00000000,,c005f153,3,"fcvt.w.s	x2,f11","sp,fa1",
80003a34,rem,a2:ffffffe1,,02f96633,3,"rem	x12,x18,x15","a2,s2,a5",
80003a38,fmv.x.w,ra:44000000,,e00000d3,3,"fmv.x.w	x1,f0","ra,ft0",
80003a3c,flt.s,s10:00000000,,a03a1d53,3,"flt.s	x26,f20,f3","s10,fs4,ft3",
80003a40,xori,s8:0000005b,,05ba4c13,3,"xori	x24,x20,91","s8,s4,91",
80003a44,fsgnj.s,ft2:7fc00000,,20d40153,3,"fsgnj.s	f2,f8,f13","ft2,fs0,fa3",
80003a48,srli,a5:00000ff8,,01385793,3,"srli	x15,x16,0x13","a5,a6,0x13",
80003a4c,mulhsu,s9:ffffffff,,03362cb3,3,"mulhsu	x25,x12,x19","s9,a2,s3",
80003a50,fmin.s,fa3:80000000,,291206d3,3,"fmin.s	f13,f4,f17","fa3,ft4,fa7",
80003a54,mulhu,s4:f750640f,,03f5ba33,3,"mulhu	x20,x11,x31","s4,a1,t6",
80003a58,xor,s0:ffffffe1,,00764433,3,"xor	x8,x12,x7","s0,a2,t2",
80003a5c,or,t6:ffffffff,,01bcefb3,3,"or	x31,x25,x27","t6,s9,s11",
80003a60,remu,ra:00000000,,034a70b3,3,"remu	x1,x20,x20","ra,s4,s4",
80003a68,fsqrt.s,fs2:3f96d500,,5802f953,3,"fsqrt.s	f18,f5","fs2,ft5",
80003a6c,fmv.x.w,s0:7fc00000,,e0020453,3,"fmv.x.w	x8,f4","s0,ft4",
80003a70,sub,s0:00000000,,40d68433,3,"sub	x8,x13,x13","s0,a3,a3",
80003a74,and,s2:00000480,,01157933,3,"and	x18,x10,x17","s2,a0,a7",
80003a78,fclass.s,a4:00000200,,e00f9753,3,"fclass.s	x14,f31","a4,ft11",
80003a7c,fmv.w.x,fa7:80041024,,f00288d3,3,"fmv.w.x	f17,x5","fa7,t0",
80003a80,sub,ra:ffffffa5,,418f00b3,3,"sub	x1,x30,x24","ra,t5,s8",
80003a84,or,t2:80040fe4,,009763b3,3,"or	x7,x14,x9","t2,a4,s1",
80003a88,slti,a0:00000001,,0b6fa513,3,"slti	x10,x31,182","a0,t6,182",
80003a8c,fcvt.s.wu,ft11:44000000,,d0172fd3,3,"fcvt.s.wu	f31,x14","ft11,a4",
80003a90,addi,s9:80040c83,,c9f38c93,3,"addi	x25,x7,-865","s9,t2,-865",
80003a94,divu,s6:ffffffff,,0368db33,3,"divu	x22,x17,x22","s6,a7,s6",
80003a98,fsgnjx.s,fs7:ffc00000,,21fdabd3,3,"fsgnjx.s	f23,f27,f31","fs7,fs11,ft11",
80003a9c,andi,sp:00000000,,a389f113,3,"andi	x2,x19,-1480","sp,s3,-1480",
80003aa0,andi,s6:00000000,,f10d7b13,3,"andi	x22,x26,-240","s6,s10,-240",
80003aa8,fsgnjn.s,fs7:00000000,,20781bd3,3,"fsgnjn.s	f23,f16,f7","fs7,fa6,ft7",
80003aac,fsgnjx.s,fs1:3fb1bcd0,,21caa4d3,3,"fsgnjx.s	f9,f21,f28","fs1,fs5,ft8",
80003ab0,fmv.x.w,t4:7fc00000,,e0020ed3,3,"fmv.x.w	x29,f4","t4,ft4",
80003ab4,xori,a7:fffffde4,,de5dc893,3,"xori	x17,x27,-539","a7,s11,-539",
80003ab8,fcvt.s.w,ft2:cd0af9bf,,d005f153,3,"fcvt.s.w	f2,x11","ft2,a1",
80003abc,fcvt.wu.s,s7:00000000,,c01c7bd3,3,"fcvt.wu.s	x23,f24","s7,fs8",
80003ac0,mulhsu,s4:00000000,,03c72a33,3,"mulhsu	x20,x14,x28","s4,a4,t3",
80003ac4,ori,a3:0000030f,,30f76693,3,"ori	x13,x14,783","a3,a4,783",
80003ac8,div,t4:ffffffe1,,02364eb3,3,"div	x29,x12,x3","t4,a2,gp",
80003ad0,slti,sp:00000000,,bb882113,3,"slti	x2,x16,-1096","sp,a6,-1096",
80003ad4,srli,a5:00000000,,00e9d793,3,"srli	x15,x19,0xe","a5,s3,0xe",
80003adc,xor,s2:fffffde4,,0088c933,3,"xor	x18,x17,x8","s2,a7,s0",
80003ae0,slli,t1:d8000000,,01bc1313,3,"slli	x6,x24,0x1b","t1,s8,0x1b",
80003ae4,or,a5:ffffffff,,015fe7b3,3,"or	x15,x31,x21","a5,t6,s5",
80003ae8,fcvt.s.wu,fa1:4f00040f,,d013f5d3,3,"fcvt.s.wu	f11,x7","fa1,t2",
80003aec,fcvt.w.s,t2:00000000,,c00883d3,3,"fcvt.w.s	x7,f17","t2,fa7",
80003af0,sll,s3:002d8000,,00dc19b3,3,"sll	x19,x24,x13","s3,s8,a3",
80003af4,sltiu,s0:00000000,,4264b413,3,"sltiu	x8,x9,1062","s0,s1,1062",
80003af8,mulhu,a5:fffffdc5,,031637b3,3,"mulhu	x15,x12,x17","a5,a2,a7",
80003afc,mulh,gp:00000000,,03e691b3,3,"mulh	x3,x13,x30","gp,a3,t5",
80003b00,ori,s4:fffffda0,,da0aea13,3,"ori	x20,x21,-608","s4,s5,-608",
80003b04,addi,t2:fffff81f,,81ff0393,3,"addi	x7,x30,-2017","t2,t5,-2017",
80003b08,div,a6:00000000,,02764833,3,"div	x16,x12,x7","a6,a2,t2",
80003b0c,sltu,s3:00000000,,0180b9b3,3,"sltu	x19,x1,x24","s3,ra,s8",
80003b10,sll,s9:00000001,,01ed9cb3,3,"sll	x25,x27,x30","s9,s11,t5",
80003b18,fcvt.w.s,t4:00000000,,c00efed3,3,"fcvt.w.s	x29,f29","t4,ft9",
80003b1c,sub,a4:f7506410,,40358733,3,"sub	x14,x11,x3","a4,a1,gp",
80003b20,rem,a6:00000001,,029de833,3,"rem	x16,x27,x9","a6,s11,s1",
80003b24,flt.s,s9:00000000,,a1b69cd3,3,"flt.s	x25,f13,f27","s9,fa3,fs11",
80003b28,sra,ra:f7506410,,406750b3,3,"sra	x1,x14,x6","ra,a4,t1",
80003b2c,fle.s,a2:00000001,,a1a08653,3,"fle.s	x12,f1,f26","a2,ft1,fs10",
80003b30,fcvt.w.s,t2:00000000,,c00ec3d3,3,"fcvt.w.s	x7,f29","t2,ft9",
80003b34,sltiu,s6:00000001,,28dd3b13,3,"sltiu	x22,x26,653","s6,s10,653",
80003b38,auipc,a7:b7eb0b38,,37ead897,3,"auipc	x17,0x37ead","a7,0x37ead",
80003b3c,feq.s,sp:00000000,,a1f2a153,3,"feq.s	x2,f5,f31","sp,ft5,ft11",
80003b40,feq.s,a2:00000001,,a0c3a653,3,"feq.s	x12,f7,f12","a2,ft7,fa2",
80003b44,flt.s,s10:00000000,,a1d69d53,3,"flt.s	x26,f13,f29","s10,fa3,ft9",
80003b48,sltu,s3:00000000,,013eb9b3,3,"sltu	x19,x29,x19","s3,t4,s3",
80003b4c,fmin.s,ft10:3fb1bcd0,,29328f53,3,"fmin.s	f30,f5,f19","ft10,ft5,fs3",
80003b50,sltiu,t2:00000001,,c6f5b393,3,"sltiu	x7,x11,-913","t2,a1,-913",
80003b54,srl,s9:7ffffef2,,00795cb3,3,"srl	x25,x18,x7","s9,s2,t2",
80003b58,mulh,s10:0000002d,,039c1d33,3,"mulh	x26,x24,x25","s10,s8,s9",
80003b5c,fcvt.s.wu,ft5:00000000,,d01f32d3,3,"fcvt.s.wu	f5,x30","ft5,t5",
80003b60,fmin.s,ft2:00000000,,29840153,3,"fmin.s	f2,f8,f24","ft2,fs0,fs8",
80003b64,lui,s6:4e775000,,4e775b37,3,"lui	x22,0x4e775","s6,0x4e775",
80003b68,ori,s0:fffff92c,,92c06413,3,"ori	x8,x0,-1748","s0,zero,-1748",
80003b6c,fcvt.w.s,s0:00000000,,c0017453,3,"fcvt.w.s	x8,f2","s0,ft2",
80003b70,remu,t5:00000000,,03e9ff33,3,"remu	x30,x19,x30","t5,s3,t5",
80003b74,fsgnjn.s,fa1:ca91b973,,214995d3,3,"fsgnjn.s	f11,f19,f20","fa1,fs3,fs4",
80003b78,divu,a6:00000000,,03ff5833,3,"divu	x16,x30,x31","a6,t5,t6",
80003b80,fmax.s,fs4:3fb1bcd0,,29e59a53,3,"fmax.s	f20,f11,f30","fs4,fa1,ft10",
80003b84,fmv.x.w,gp:00000000,,e00c01d3,3,"fmv.x.w	x3,f24","gp,fs8",
80003b88,ori,t6:00000260,,260bef93,3,"ori	x31,x23,608","t6,s7,608",
80003b8c,flt.s,s11:00000001,,a0f71dd3,3,"flt.s	x27,f14,f15","s11,fa4,fa5",
80003b90,fmul.s,ft1:7fc00000,,118220d3,3,"fmul.s	f1,f4,f24","ft1,ft4,fs8",
80003b94,slt,t6:00000000,,01762fb3,3,"slt	x31,x12,x23","t6,a2,s7",
80003b98,fsgnjn.s,fa7:80000000,,217618d3,3,"fsgnjn.s	f17,f12,f23","fa7,fa2,fs7",
80003b9c,sltiu,a3:00000001,,39903693,3,"sltiu	x13,x0,921","a3,zero,921",
80003ba0,ori,s6:fffff87d,,874d6b13,3,"ori	x22,x26,-1932","s6,s10,-1932",
80003ba4,fmv.x.w,s5:7fc00000,,e0020ad3,3,"fmv.x.w	x21,f4","s5,ft4",
80003ba8,fmv.w.x,fs7:fffffdc5,,f0078bd3,3,"fmv.w.x	f23,x15","fs7,a5",
80003bac,mulh,s8:00000000,,03cd9c33,3,"mulh	x24,x27,x28","s8,s11,t3",
80003bb0,fsgnjn.s,fs11:3f96d500,,20d91dd3,3,"fsgnjn.s	f27,f18,f13","fs11,fs2,fa3",
80003bb4,fmul.s,fs6:00000000,,11967b53,3,"fmul.s	f22,f12,f25","fs6,fa2,fs9",
80003bb8,fle.s,a0:00000000,,a0a90553,3,"fle.s	x10,f18,f10","a0,fs2,fa0",
80003bbc,fle.s,ra:00000001,,a0c300d3,3,"fle.s	x1,f6,f12","ra,ft6,fa2",
80003bc0,auipc,s10:c1b2abc0,,41b27d17,3,"auipc	x26,0x41b27","s10,0x41b27",
80003bc4,addi,a6:fffffcd2,,cd250813,3,"addi	x16,x10,-814","a6,a0,-814",
80003bc8,fle.s,a4:00000001,,a0960753,3,"fle.s	x14,f12,f9","a4,fa2,fs1",
80003bcc,slli,tp:00000001,,00069213,3,"slli	x4,x13,0x0","tp,a3,0x0",
80003bd0,fsgnjn.s,fs8:00000000,,206c9c53,3,"fsgnjn.s	f24,f25,f6","fs8,fs9,ft6",
80003bd4,addi,a7:fffff5bd,,d40b0893,3,"addi	x17,x22,-704","a7,s6,-704",
80003bd8,fsgnjn.s,fs2:bfb1bcd0,,218f1953,3,"fsgnjn.s	f18,f30,f24","fs2,ft10,fs8",
80003bdc,div,s6:00000000,,02d04b33,3,"div	x22,x0,x13","s6,zero,a3",
80003be0,fsub.s,ft0:bfb1bcd0,,09093053,3,"fsub.s	f0,f18,f16","ft0,fs2,fa6",
80003be4,fcvt.w.s,a3:00000001,,c00f76d3,3,"fcvt.w.s	x13,f30","a3,ft10",
80003be8,fmv.w.x,fs1:00000000,,f00f04d3,3,"fmv.w.x	f9,x30","fs1,t5",
80003bec,fsgnj.s,fs4:80000001,,20ed0a53,3,"fsgnj.s	f20,f26,f14","fs4,fs10,fa4",
80003bf0,mulhu,ra:00000000,,038db0b3,3,"mulhu	x1,x27,x24","ra,s11,s8",
80003bf4,slt,s8:00000000,,01b3ac33,3,"slt	x24,x7,x27","s8,t2,s11",
80003bf8,fadd.s,fa3:7fc00000,,00f0f6d3,3,"fadd.s	f13,f1,f15","fa3,ft1,fa5",
80003bfc,lui,s0:7599d000,,7599d437,3,"lui	x8,0x7599d","s0,0x7599d",
80003c00,flt.s,a0:00000000,,a0761553,3,"flt.s	x10,f12,f7","a0,fa2,ft7",
80003c04,ori,s2:fffffecc,,ecc16913,3,"ori	x18,x2,-308","s2,sp,-308",
80003c08,mulhu,s11:00000000,,03ba3db3,3,"mulhu	x27,x20,x27","s11,s4,s11",
80003c0c,fadd.s,fs5:44000000,,01f4fad3,3,"fadd.s	f21,f9,f31","fs5,fs1,ft11",
80003c10,fsqrt.s,fa2:3f8af271,,580df653,3,"fsqrt.s	f12,f27","fa2,fs11",
80003c14,addi,s9:00000262,,262f0c93,3,"addi	x25,x30,610","s9,t5,610",
80003c18,fsqrt.s,fs2:00000000,,580b3953,3,"fsqrt.s	f18,f22","fs2,fs6",
80003c1c,remu,s9:00000000,,03d57cb3,3,"remu	x25,x10,x29","s9,a0,t4",
80003c20,slli,s2:ffff6800,,006a1913,3,"slli	x18,x20,0x6","s2,s4,0x6",
80003c24,div,gp:ffffffff,,038341b3,3,"div	x3,x6,x24","gp,t1,s8",
80003c28,add,a6:00000000,,018c0833,3,"add	x16,x24,x24","a6,s8,s8",
80003c2c,fcvt.s.w,ft10:c7180000,,d0097f53,3,"fcvt.s.w	f30,x18","ft10,s2",
80003c30,fle.s,ra:00000001,,a02a00d3,3,"fle.s	x1,f20,f2","ra,fs4,ft2",
80003c34,fsgnjx.s,ft6:47226aac,,20732353,3,"fsgnjx.s	f6,f6,f7","ft6,ft6,ft7",
80003c38,slli,s2:33a00000,,00941913,3,"slli	x18,x8,0x9","s2,s0,0x9",
80003c3c,fmv.w.x,ft10:c1b2abc0,,f00d0f53,3,"fmv.w.x	f30,x26","ft10,s10",
80003c40,lui,s10:f69ef000,,f69efd37,3,"lui	x26,0xf69ef","s10,0xf69ef",
80003c44,andi,a5:00000000,,e2a17793,3,"andi	x15,x2,-470","a5,sp,-470",
80003c48,div,t2:00000000,,02b3c3b3,3,"div	x7,x7,x11","t2,t2,a1",
80003c4c,sltu,s4:00000000,,00aaba33,3,"sltu	x20,x21,x10","s4,s5,a0",
80003c50,addi,s3:fffffc3c,,c3ce0993,3,"addi	x19,x28,-964","s3,t3,-964",
80003c54,div,tp:ffffffff,,0236c233,3,"div	x4,x13,x3","tp,a3,gp",
80003c58,add,s10:f69ef000,,01ae8d33,3,"add	x26,x29,x26","s10,t4,s10",
80003c5c,andi,ra:00000000,,7f257093,3,"andi	x1,x10,2034","ra,a0,2034",
80003c60,feq.s,s0:00000000,,a170a453,3,"feq.s	x8,f1,f23","s0,ft1,fs7",
80003c64,fmv.w.x,fs11:00000000,,f0040dd3,3,"fmv.w.x	f27,x8","fs11,s0",
80003c68,mul,a7:00000000,,035c88b3,3,"mul	x17,x25,x21","a7,s9,s5",
80003c70,remu,a4:00000000,,02417733,3,"remu	x14,x2,x4","a4,sp,tp",
80003c74,mulhu,t2:00000000,,02b3b3b3,3,"mulhu	x7,x7,x11","t2,t2,a1",
80003c78,fcvt.s.wu,ft6:3f800000,,d0160353,3,"fcvt.s.wu	f6,x12","ft6,a2",
80003c7c,srl,ra:00000000,,01bf50b3,3,"srl	x1,x30,x27","ra,t5,s11",
80003c80,andi,s7:00000001,,3a367b93,3,"andi	x23,x12,931","s7,a2,931",
80003c84,remu,s10:00000001,,03967d33,3,"remu	x26,x12,x25","s10,a2,s9",
80003c88,srli,gp:00000000,,00485193,3,"srli	x3,x16,0x4","gp,a6,0x4",
80003c8c,srl,t1:00000000,,00b75333,3,"srl	x6,x14,x11","t1,a4,a1",
80003c90,mulh,s10:00000000,,03ec9d33,3,"mulh	x26,x25,x30","s10,s9,t5",
80003c94,srl,t2:00000000,,00cd53b3,3,"srl	x7,x26,x12","t2,s10,a2",
80003c98,srl,a2:80040fe4,,0104d633,3,"srl	x12,x9,x16","a2,s1,a6",
80003c9c,mulhsu,t4:00000000,,02012eb3,3,"mulhsu	x29,x2,x0","t4,sp,zero",
80003ca0,fcvt.s.wu,ft0:4f00040f,,d0167053,3,"fcvt.s.wu	f0,x12","ft0,a2",
80003ca4,fadd.s,ft4:7fc00000,,0088f253,3,"fadd.s	f4,f17,f8","ft4,fa7,fs0",
80003ca8,andi,t1:00000000,,92d3f313,3,"andi	x6,x7,-1747","t1,t2,-1747",
80003cac,feq.s,a3:00000000,,a14626d3,3,"feq.s	x13,f12,f20","a3,fa2,fs4",
80003cb0,fsgnj.s,fa3:00000000,,20c286d3,3,"fsgnj.s	f13,f5,f12","fa3,ft5,fa2",
80003cb4,remu,t4:00000000,,02f8feb3,3,"remu	x29,x17,x15","t4,a7,a5",
80003cb8,addi,a6:f7505fae,,b9e58813,3,"addi	x16,x11,-1122","a6,a1,-1122",
80003cbc,fle.s,sp:00000000,,a04d0153,3,"fle.s	x2,f26,f4","sp,fs10,ft4",
80003cc0,div,s3:ffffffff,,0235c9b3,3,"div	x19,x11,x3","s3,a1,gp",
80003cc4,srai,a4:f80040fe,,4044d713,3,"srai	x14,x9,0x4","a4,s1,0x4",
80003cc8,srli,tp:00000000,,0040d213,3,"srli	x4,x1,0x4","tp,ra,0x4",
80003ccc,feq.s,gp:00000000,,a01d21d3,3,"feq.s	x3,f26,f1","gp,fs10,ft1",
80003cd0,srl,a3:08004102,,00c2d6b3,3,"srl	x13,x5,x12","a3,t0,a2",
80003cd4,fle.s,a6:00000000,,a1ba8853,3,"fle.s	x16,f21,f27","a6,fs5,fs11",
80003cd8,fmul.s,ft4:00000000,,118cc253,3,"fmul.s	f4,f25,f24","ft4,fs9,fs8",
80003cdc,fle.s,a6:00000000,,a1b98853,3,"fle.s	x16,f19,f27","a6,fs3,fs11",
80003ce0,srai,a2:00000000,,410dd613,3,"srai	x12,x27,0x10","a2,s11,0x10",
80003ce4,fcvt.wu.s,t4:00000000,,c017fed3,3,"fcvt.wu.s	x29,f15","t4,fa5",
80003ce8,fcvt.w.s,a4:00000000,,c00b1753,3,"fcvt.w.s	x14,f22","a4,fs6",
80003cec,fcvt.s.wu,fa1:00000000,,d01705d3,3,"fcvt.s.wu	f11,x14","fa1,a4",
80003cf0,fsub.s,fa7:80000000,,098978d3,3,"fsub.s	f17,f18,f24","fa7,fs2,fs8",
80003cf4,fdiv.s,fs2:45e205fc,,19f98953,3,"fdiv.s	f18,f19,f31","fs2,fs3,ft11",
80003cf8,mulhu,t6:00000000,,02703fb3,3,"mulhu	x31,x0,x7","t6,zero,t2",
80003cfc,divu,t6:ffffffff,,028cdfb3,3,"divu	x31,x25,x8","t6,s9,s0",
80003d00,rem,t3:08004102,,02b6ee33,3,"rem	x28,x13,x11","t3,a3,a1",
80003d04,addi,t5:8004089b,,87728f13,3,"addi	x30,x5,-1929","t5,t0,-1929",
80003d08,sll,t3:33a00000,,01a91e33,3,"sll	x28,x18,x26","t3,s2,s10",
80003d0c,xor,a5:00001fc0,,0092c7b3,3,"xor	x15,x5,x9","a5,t0,s1",
80003d10,xori,s11:fffffceb,,cebb4d93,3,"xori	x27,x22,-789","s11,s6,-789",
80003d14,fclass.s,s9:00000010,,e00c1cd3,3,"fclass.s	x25,f24","s9,fs8",
80003d18,fsgnjx.s,fa1:00000001,,211a25d3,3,"fsgnjx.s	f11,f20,f17","fa1,fs4,fa7",
80003d1c,fsgnjn.s,ft0:80000000,,21639053,3,"fsgnjn.s	f0,f7,f22","ft0,ft7,fs6",
80003d20,fsgnj.s,fs10:00000001,,205a0d53,3,"fsgnj.s	f26,f20,f5","fs10,fs4,ft5",
80003d24,fmv.w.x,fs1:00000000,,f00304d3,3,"fmv.w.x	f9,x6","fs1,t1",
80003d28,fdiv.s,ft8:7fc00000,,189b7e53,3,"fdiv.s	f28,f22,f9","ft8,fs6,fs1",
80003d2c,sltu,s2:00000000,,0034b933,3,"sltu	x18,x9,x3","s2,s1,gp",
80003d30,fadd.s,fa6:7fc00000,,002e7853,3,"fadd.s	f16,f28,f2","fa6,ft8,ft2",
80003d34,sltu,t6:00000000,,00873fb3,3,"sltu	x31,x14,x8","t6,a4,s0",
80003d38,andi,a0:00000000,,f07b7513,3,"andi	x10,x22,-249","a0,s6,-249",
80003d3c,srli,a6:00000001,,01fdd813,3,"srli	x16,x27,0x1f","a6,s11,0x1f",
80003d40,fsgnjn.s,fs7:80000000,,21251bd3,3,"fsgnjn.s	f23,f10,f18","fs7,fa0,fs2",
80003d44,fsgnjx.s,ft10:ffc00000,,2141af53,3,"fsgnjx.s	f30,f3,f20","ft10,ft3,fs4",
80003d48,divu,a5:ffffffff,,02ced7b3,3,"divu	x15,x29,x12","a5,t4,a2",
80003d4c,fcvt.s.w,fs4:bf800000,,d009fa53,3,"fcvt.s.w	f20,x19","fs4,s3",
80003d50,and,a3:00000000,,001276b3,3,"and	x13,x4,x1","a3,tp,ra",
80003d54,fsqrt.s,fs6:7fc00000,,580e7b53,3,"fsqrt.s	f22,f28","fs6,ft8",
80003d58,fmin.s,fs3:bf800000,,294a09d3,3,"fmin.s	f19,f20,f20","fs3,fs4,fs4",
80003d5c,fsgnj.s,fs3:00000000,,205889d3,3,"fsgnj.s	f19,f17,f5","fs3,fa7,ft5",
80003d60,fmax.s,ft1:00000000,,280290d3,3,"fmax.s	f1,f5,f0","ft1,ft5,ft0",
80003d64,slti,t3:00000000,,ed2cae13,3,"slti	x28,x25,-302","t3,s9,-302",
80003d68,sra,ra:00000000,,417ed0b3,3,"sra	x1,x29,x23","ra,t4,s7",
80003d6c,fcvt.s.wu,ft0:4f800000,,d017c053,3,"fcvt.s.wu	f0,x15","ft0,a5",
80003d70,fsgnjn.s,fs2:00000000,,20eb9953,3,"fsgnjn.s	f18,f23,f14","fs2,fs7,fa4",
80003d74,sltu,a3:00000000,,01af36b3,3,"sltu	x13,x30,x26","a3,t5,s10",
80003d78,fsgnjn.s,fs10:00000001,,211d1d53,3,"fsgnjn.s	f26,f26,f17","fs10,fs10,fa7",
80003d7c,sra,tp:7fc00000,,403ad233,3,"sra	x4,x21,x3","tp,s5,gp",
80003d80,fsub.s,fa6:7fc00000,,09c82853,3,"fsub.s	f16,f16,f28","fa6,fa6,ft8",
80003d84,sltu,t5:00000001,,0130bf33,3,"sltu	x30,x1,x19","t5,ra,s3",
80003d88,sll,t3:80040fe4,,01449e33,3,"sll	x28,x9,x20","t3,s1,s4",
80003d8c,fmv.w.x,fs2:00000000,,f0060953,3,"fmv.w.x	f18,x12","fs2,a2",
80003d90,fmul.s,fs3:7fc00000,,11e199d3,3,"fmul.s	f19,f3,f30","fs3,ft3,ft10",
80003d94,mulhu,t3:00000000,,03a5be33,3,"mulhu	x28,x11,x26","t3,a1,s10",
80003d98,or,t3:00000000,,00656e33,3,"or	x28,x10,x6","t3,a0,t1",
80003d9c,slt,t1:00000000,,00222333,3,"slt	x6,x4,x2","t1,tp,sp",
80003da0,srai,a5:ffff8004,,4104d793,3,"srai	x15,x9,0x10","a5,s1,0x10",
80003da4,sltu,a5:00000000,,000737b3,3,"sltu	x15,x14,x0","a5,a4,zero",
80003da8,mulh,a7:00000000,,037618b3,3,"mulh	x17,x12,x23","a7,a2,s7",
80003dac,remu,s6:00000000,,021d7b33,3,"remu	x22,x26,x1","s6,s10,ra",
80003db0,fmul.s,fa2:7fc00000,,11e58653,3,"fmul.s	f12,f11,f30","fa2,fa1,ft10",
80003db4,srai,tp:00000000,,41175213,3,"srai	x4,x14,0x11","tp,a4,0x11",
80003db8,remu,a5:ffffffff,,0219f7b3,3,"remu	x15,x19,x1","a5,s3,ra",
80003dbc,addi,t1:00000212,,21210313,3,"addi	x6,x2,530","t1,sp,530",
80003dc0,xor,s0:00000001,,01cf4433,3,"xor	x8,x30,x28","s0,t5,t3",
80003dc4,mulh,s7:00000000,,02219bb3,3,"mulh	x23,x3,x2","s7,gp,sp",
80003dc8,fcvt.s.wu,fs1:00000000,,d018b4d3,3,"fcvt.s.wu	f9,x17","fs1,a7",
80003dcc,fsgnjx.s,fs7:7fc00000,,2051abd3,3,"fsgnjx.s	f23,f3,f5","fs7,ft3,ft5",
80003dd0,addi,a5:fffffa16,,a16b0793,3,"addi	x15,x22,-1514","a5,s6,-1514",
80003dd4,srli,t2:00000000,,01c0d393,3,"srli	x7,x1,0x1c","t2,ra,0x1c",
80003dd8,divu,a5:ffffffff,,034157b3,3,"divu	x15,x2,x20","a5,sp,s4",
80003ddc,fmul.s,fs3:00000000,,11a179d3,3,"fmul.s	f19,f2,f26","fs3,ft2,fs10",
80003de0,or,sp:00000000,,01ad6133,3,"or	x2,x26,x26","sp,s10,s10",
80003de4,fmv.w.x,ft0:f7506410,,f0058053,3,"fmv.w.x	f0,x11","ft0,a1",
80003de8,fmax.s,ft7:00000000,,298693d3,3,"fmax.s	f7,f13,f24","ft7,fa3,fs8",
80003dec,fmin.s,fa4:3f800000,,28640753,3,"fmin.s	f14,f8,f6","fa4,fs0,ft6",
80003df0,fsgnjx.s,ft9:c4000000,,211aaed3,3,"fsgnjx.s	f29,f21,f17","ft9,fs5,fa7",
80003df4,srai,s0:00000000,,401a5413,3,"srai	x8,x20,0x1","s0,s4,0x1",
80003df8,fmul.s,fs10:7fc00000,,11587d53,3,"fmul.s	f26,f16,f21","fs10,fa6,fs5",
80003dfc,srai,s10:00000000,,40bcdd13,3,"srai	x26,x25,0xb","s10,s9,0xb",
80003e00,feq.s,a3:00000000,,a088a6d3,3,"feq.s	x13,f17,f8","a3,fa7,fs0",
80003e04,fmv.x.w,s4:00000000,,e0048a53,3,"fmv.x.w	x20,f9","s4,fs1",
80003e08,fclass.s,s9:00000010,,e0051cd3,3,"fclass.s	x25,f10","s9,fa0",
80003e0c,and,s7:00000000,,0100fbb3,3,"and	x23,x1,x16","s7,ra,a6",
80003e10,mulhsu,s5:00000000,,0215aab3,3,"mulhsu	x21,x11,x1","s5,a1,ra",
80003e14,slti,a6:00000001,,31952813,3,"slti	x16,x10,793","a6,a0,793",
80003e18,fmin.s,fa3:00000001,,28b806d3,3,"fmin.s	f13,f16,f11","fa3,fa6,fa1",
80003e1c,addi,t5:0000061f,,61f00f13,3,"addi	x30,x0,1567","t5,zero,1567",
80003e20,sub,t5:00000000,,40320f33,3,"sub	x30,x4,x3","t5,tp,gp",
80003e24,rem,t6:00000010,,03acefb3,3,"rem	x31,x25,x26","t6,s9,s10",
80003e2c,srl,s3:00000000,,00f8d9b3,3,"srl	x19,x17,x15","s3,a7,a5",
80003e30,div,s4:ffffffff,,0208ca33,3,"div	x20,x17,x0","s4,a7,zero",
80003e34,sltiu,s4:00000001,,7586ba13,3,"sltiu	x20,x13,1880","s4,a3,1880",
80003e38,sltiu,gp:00000001,,dc2d3193,3,"sltiu	x3,x26,-574","gp,s10,-574",
80003e3c,or,s6:00000000,,0168eb33,3,"or	x22,x17,x22","s6,a7,s6",
80003e40,sub,sp:00000000,,415c0133,3,"sub	x2,x24,x21","sp,s8,s5",
80003e44,fmul.s,ft3:7fc00000,,1032f1d3,3,"fmul.s	f3,f5,f3","ft3,ft5,ft3",
80003e4c,fmin.s,fs0:c4000000,,288e8453,3,"fmin.s	f8,f29,f8","fs0,ft9,fs0",
80003e50,fcvt.w.s,sp:00000001,,c0031153,3,"fcvt.w.s	x2,f6","sp,ft6",
80003e54,fmv.w.x,fa6:00000001,,f00a0853,3,"fmv.w.x	f16,x20","fa6,s4",
80003e58,addi,s6:fffffe5f,,e5f50b13,3,"addi	x22,x10,-417","s6,a0,-417",
80003e5c,fmul.s,ft3:00000000,,118371d3,3,"fmul.s	f3,f6,f24","ft3,ft6,fs8",
80003e60,fmv.w.x,fa7:00000000,,f00708d3,3,"fmv.w.x	f17,x14","fa7,a4",
80003e64,fsub.s,fs10:00000001,,09b84d53,3,"fsub.s	f26,f16,f27","fs10,fa6,fs11",
80003e68,sltu,t3:00000000,,01c8be33,3,"sltu	x28,x17,x28","t3,a7,t3",
80003e6c,auipc,s8:8bae2e6c,,0badfc17,3,"auipc	x24,0xbadf","s8,0xbadf",
80003e70,fle.s,a7:00000000,,a1d588d3,3,"fle.s	x17,f11,f29","a7,fa1,ft9",
80003e74,fsub.s,ft11:7fc00000,,09c62fd3,3,"fsub.s	f31,f12,f28","ft11,fa2,ft8",
80003e78,sltiu,sp:00000001,,186bb113,3,"sltiu	x2,x23,390","sp,s7,390",
80003e7c,remu,t2:fffffceb,,031df3b3,3,"remu	x7,x27,x17","t2,s11,a7",
80003e84,fsub.s,ft4:44000000,,09d2f253,3,"fsub.s	f4,f5,f29","ft4,ft5,ft9",
80003e88,flt.s,a2:00000000,,a1959653,3,"flt.s	x12,f11,f25","a2,fa1,fs9",
80003e90,xor,t3:00000000,,01e04e33,3,"xor	x28,x0,x30","t3,zero,t5",
80003e94,mulh,a3:00000000,,032296b3,3,"mulh	x13,x5,x18","a3,t0,s2",
80003e98,slt,a2:00000000,,01c82633,3,"slt	x12,x16,x28","a2,a6,t3",
80003e9c,srl,t2:00000000,,00ba53b3,3,"srl	x7,x20,x11","t2,s4,a1",
80003ea0,srli,sp:00000000,,009fd113,3,"srli	x2,x31,0x9","sp,t6,0x9",
80003ea4,mul,a0:00000000,,03250533,3,"mul	x10,x10,x18","a0,a0,s2",
80003ea8,slli,t6:00000000,,00671f93,3,"slli	x31,x14,0x6","t6,a4,0x6",
80003eac,fmul.s,ft8:acd06411,,10b07e53,3,"fmul.s	f28,f0,f11","ft8,ft0,fa1",
80003eb4,fmv.x.w,s7:00000000,,e00c8bd3,3,"fmv.x.w	x23,f25","s7,fs9",
80003eb8,or,a6:00000010,,01cce833,3,"or	x16,x25,x28","a6,s9,t3",
80003ebc,srai,s4:ffffffff,,41f7da13,3,"srai	x20,x15,0x1f","s4,a5,0x1f",
80003ec0,fdiv.s,fa6:7f800000,,19bd3853,3,"fdiv.s	f16,f26,f27","fa6,fs10,fs11",
80003ec4,fcvt.s.w,fa7:00000000,,d00e88d3,3,"fcvt.s.w	f17,x29","fa7,t4",
80003ec8,fcvt.wu.s,t6:00000001,,c01a3fd3,3,"fcvt.wu.s	x31,f20","t6,fs4",
80003ecc,auipc,t6:cb60cecc,,4b609f97,3,"auipc	x31,0x4b609","t6,0x4b609",
80003ed0,ori,t1:000005ff,,5ff0e313,3,"ori	x6,x1,1535","t1,ra,1535",
80003ed4,fdiv.s,fa1:a8219c4f,,195e45d3,3,"fdiv.s	f11,f28,f21","fa1,ft8,fs5",
80003ed8,fdiv.s,fa7:3ac68842,,195778d3,3,"fdiv.s	f17,f14,f21","fa7,fa4,fs5",
80003edc,feq.s,a7:00000000,,a06028d3,3,"feq.s	x17,f0,f6","a7,ft0,ft6",
80003ee0,fle.s,s3:00000000,,a17289d3,3,"fle.s	x19,f5,f23","s3,ft5,fs7",
80003ee4,flt.s,t1:00000000,,a0b69353,3,"flt.s	x6,f13,f11","t1,fa3,fa1",
80003ee8,sltu,t6:00000001,,00b3bfb3,3,"sltu	x31,x7,x11","t6,t2,a1",
80003eec,mulhsu,a2:00000000,,02752633,3,"mulhsu	x12,x10,x7","a2,a0,t2",
80003ef4,fsub.s,fs0:7f800000,,08b82453,3,"fsub.s	f8,f16,f11","fs0,fa6,fa1",
80003ef8,and,s9:00000001,,0037fcb3,3,"and	x25,x15,x3","s9,a5,gp",
80003efc,fmin.s,fa5:00000000,,281d87d3,3,"fmin.s	f15,f27,f1","fa5,fs11,ft1",
80003f00,fmin.s,fs3:bf800000,,28ba09d3,3,"fmin.s	f19,f20,f11","fs3,fs4,fa1",
80003f04,srli,ra:00000000,,010ed093,3,"srli	x1,x29,0x10","ra,t4,0x10",
80003f08,srli,s2:00000000,,01af5913,3,"srli	x18,x30,0x1a","s2,t5,0x1a",
80003f10,slli,s2:ffffff80,,007a1913,3,"slli	x18,x20,0x7","s2,s4,0x7",
80003f14,divu,a2:00000000,,03205633,3,"divu	x12,x0,x18","a2,zero,s2",
80003f18,rem,s0:00000000,,023ce433,3,"rem	x8,x25,x3","s0,s9,gp",
80003f1c,and,t3:00000000,,01e7fe33,3,"and	x28,x15,x30","t3,a5,t5",
80003f20,divu,s5:ffffffff,,020cdab3,3,"divu	x21,x25,x0","s5,s9,zero",
80003f24,and,s10:00000000,,0181fd33,3,"and	x26,x3,x24","s10,gp,s8",
80003f28,fmv.w.x,ft7:00000000,,f00383d3,3,"fmv.w.x	f7,x7","ft7,t2",
80003f2c,fsgnjn.s,ft4:bac68842,,21a89253,3,"fsgnjn.s	f4,f17,f26","ft4,fa7,fs10",
80003f30,lui,a5:4af31000,,4af317b7,3,"lui	x15,0x4af31","a5,0x4af31",
80003f34,fdiv.s,fa2:7fc00000,,18f3f653,3,"fdiv.s	f12,f7,f15","fa2,ft7,fa5",
80003f38,fsqrt.s,fs0:7fc00000,,58007453,3,"fsqrt.s	f8,f0","fs0,ft0",
80003f3c,mulhsu,gp:00000000,,027a21b3,3,"mulhsu	x3,x20,x7","gp,s4,t2",
80003f40,add,a3:00000000,,013986b3,3,"add	x13,x19,x19","a3,s3,s3",
80003f44,or,tp:f7506411,,01f5e233,3,"or	x4,x11,x31","tp,a1,t6",
80003f48,auipc,a5:6e64cf48,,ee649797,3,"auipc	x15,0xee649","a5,0xee649",
80003f4c,flt.s,a3:00000000,,a05f16d3,3,"flt.s	x13,f30,f5","a3,ft10,ft5",
80003f50,sll,t2:f7506411,,003213b3,3,"sll	x7,x4,x3","t2,tp,gp",
80003f54,add,s4:00000000,,00108a33,3,"add	x20,x1,x1","s4,ra,ra",
80003f58,fle.s,t4:00000001,,a0a18ed3,3,"fle.s	x29,f3,f10","t4,ft3,fa0",
80003f5c,srli,s6:00000000,,01c15b13,3,"srli	x22,x2,0x1c","s6,sp,0x1c",
80003f60,fmv.x.w,s9:00000000,,e0050cd3,3,"fmv.x.w	x25,f10","s9,fa0",
80003f64,and,a3:00000000,,00a076b3,3,"and	x13,x0,x10","a3,zero,a0",
80003f68,fadd.s,fs10:7fc00000,,0087fd53,3,"fadd.s	f26,f15,f8","fs10,fa5,fs0",
80003f6c,fcvt.s.w,fa1:00000000,,d00415d3,3,"fcvt.s.w	f11,x8","fa1,s0",
80003f70,ori,s8:ffffff2c,,f2c1ec13,3,"ori	x24,x3,-212","s8,gp,-212",
80003f74,fclass.s,sp:00000002,,e00a1153,3,"fclass.s	x2,f20","sp,fs4",
80003f78,fsub.s,fa1:ff800000,,090325d3,3,"fsub.s	f11,f6,f16","fa1,ft6,fa6",
80003f7c,fadd.s,fs3:00000000,,002489d3,3,"fadd.s	f19,f9,f2","fs3,fs1,ft2",
80003f80,fmin.s,fa4:f7506410,,28028753,3,"fmin.s	f14,f5,f0","fa4,ft5,ft0",
80003f84,div,tp:ffffffff,,03cfc233,3,"div	x4,x31,x28","tp,t6,t3",
80003f88,sub,s10:ffffff80,,41990d33,3,"sub	x26,x18,x25","s10,s2,s9",
80003f8c,ori,a6:ffffffff,,a0826813,3,"ori	x16,x4,-1528","a6,tp,-1528",
80003f90,feq.s,s10:00000000,,a174ad53,3,"feq.s	x26,f9,f23","s10,fs1,fs7",
80003f94,fcvt.w.s,s11:00000000,,c0010dd3,3,"fcvt.w.s	x27,f2","s11,ft2",
80003f98,andi,s10:00000000,,924cfd13,3,"andi	x26,x25,-1756","s10,s9,-1756",
80003f9c,sll,a6:00000000,,01241833,3,"sll	x16,x8,x18","a6,s0,s2",
80003fa0,fcvt.wu.s,s11:00000000,,c0157dd3,3,"fcvt.wu.s	x27,f10","s11,fa0",
80003fa4,and,t6:00000000,,0076ffb3,3,"and	x31,x13,x7","t6,a3,t2",
80003fa8,fmv.x.w,s0:00000000,,e0008453,3,"fmv.x.w	x8,f1","s0,ft1",
80003fac,remu,a4:00000000,,031cf733,3,"remu	x14,x25,x17","a4,s9,a7",
80003fb0,slli,s3:fffffffe,,00121993,3,"slli	x19,x4,0x1","s3,tp,0x1",
80003fb4,fcvt.w.s,tp:80000000,,c0077253,3,"fcvt.w.s	x4,f14","tp,fa4",
80003fb8,srl,a3:00000000,,01cd56b3,3,"srl	x13,x26,x28","a3,s10,t3",
80003fbc,mul,s3:00000000,,031089b3,3,"mul	x19,x1,x17","s3,ra,a7",
80003fc0,sltu,gp:00000001,,009db1b3,3,"sltu	x3,x27,x9","gp,s11,s1",
80003fc4,sll,s4:00000000,,00ab9a33,3,"sll	x20,x23,x10","s4,s7,a0",
80003fc8,div,gp:ffffffff,,021341b3,3,"div	x3,x6,x1","gp,t1,ra",
80003fcc,remu,a2:80000000,,02927633,3,"remu	x12,x4,x9","a2,tp,s1",
80003fd0,xori,s6:000002ec,,2ec0cb13,3,"xori	x22,x1,748","s6,ra,748",
80003fd4,fdiv.s,fs10:7fc00000,,19b9fd53,3,"fdiv.s	f26,f19,f27","fs10,fs3,fs11",
80003fdc,addi,a0:fffffd1b,,d1b80513,3,"addi	x10,x16,-741","a0,a6,-741",
80003fe4,fmin.s,fa5:f7506410,,298007d3,3,"fmin.s	f15,f0,f24","fa5,ft0,fs8",
80003fe8,fcvt.s.w,fa7:00000000,,d000a8d3,3,"fcvt.s.w	f17,x1","fa7,ra",
80003fec,sltu,s3:00000000,,0162b9b3,3,"sltu	x19,x5,x22","s3,t0,s6",
80003ff0,slt,s6:00000000,,003eab33,3,"slt	x22,x29,x3","s6,t4,gp",
80003ff4,fsub.s,fa2:7fc00000,,09ac8653,3,"fsub.s	f12,f25,f26","fa2,fs9,fs10",
80003ff8,xor,s4:00000002,,0028ca33,3,"xor	x20,x17,x2","s4,a7,sp",
80003ffc,auipc,s3:380e8ffc,,b80e5997,3,"auipc	x19,0xb80e5","s3,0xb80e5",
80004000,mulh,s7:ffffffff,,02fa9bb3,3,"mulh	x23,x21,x15","s7,s5,a5",
80004004,andi,a5:00000000,,1b8ff793,3,"andi	x15,x31,440","a5,t6,440",
80004008,fmv.x.w,s6:7fc00000,,e0040b53,3,"fmv.x.w	x22,f8","s6,fs0",
80004010,srli,ra:00000002,,000a5093,3,"srli	x1,x20,0x0","ra,s4,0x0",
80004014,fmin.s,fs0:00000000,,288d8453,3,"fmin.s	f8,f27,f8","fs0,fs11,fs0",
80004018,fdiv.s,fa7:7fc00000,,1892f8d3,3,"fdiv.s	f17,f5,f9","fa7,ft5,fs1",
8000401c,andi,t5:00000001,,72beff13,3,"andi	x30,x29,1835","t5,t4,1835",
80004020,fle.s,a4:00000000,,a0c98753,3,"fle.s	x14,f19,f12","a4,fs3,fa2",
80004024,ori,s9:ffffffbd,,29dc6c93,3,"ori	x25,x24,669","s9,s8,669",
80004028,fsqrt.s,ft8:7fc00000,,58007e53,3,"fsqrt.s	f28,f0","ft8,ft0",
8000402c,div,t3:ffffffff,,02814e33,3,"div	x28,x2,x8","t3,sp,s0",
80004030,auipc,t2:ea477030,,6a473397,3,"auipc	x7,0x6a473","t2,0x6a473",
80004034,div,a0:ffffffff,,03fb4533,3,"div	x10,x22,x31","a0,s6,t6",
80004038,sra,tp:00000000,,41075233,3,"sra	x4,x14,x16","tp,a4,a6",
8000403c,mulhu,a5:00000000,,031237b3,3,"mulhu	x15,x4,x17","a5,tp,a7",
80004040,fcvt.w.s,t3:00000000,,c0028e53,3,"fcvt.w.s	x28,f5","t3,ft5",
80004044,addi,a2:fffff8fd,,8fdf8613,3,"addi	x12,x31,-1795","a2,t6,-1795",
80004048,fsgnjn.s,fs10:7fc00000,,214f1d53,3,"fsgnjn.s	f26,f30,f20","fs10,ft10,fs4",
8000404c,xor,s3:803fffff,,003b49b3,3,"xor	x19,x22,x3","s3,s6,gp",
80004050,slti,t6:00000001,,72c0af93,3,"slti	x31,x1,1836","t6,ra,1836",
80004054,fadd.s,ft6:7fc00000,,015f8353,3,"fadd.s	f6,f31,f21","ft6,ft11,fs5",
80004058,andi,t1:00000002,,abea7313,3,"andi	x6,x20,-1346","t1,s4,-1346",
8000405c,fclass.s,a5:00000002,,e00e97d3,3,"fclass.s	x15,f29","a5,ft9",
80004060,ori,a6:fffffabf,,abd7e813,3,"ori	x16,x15,-1347","a6,a5,-1347",
80004064,xori,a3:fffffecd,,ecd44693,3,"xori	x13,x8,-307","a3,s0,-307",
80004068,auipc,t6:1d706068,,9d702f97,3,"auipc	x31,0x9d702","t6,0x9d702",
8000406c,add,gp:80041024,,01a281b3,3,"add	x3,x5,x26","gp,t0,s10",
80004070,remu,ra:00000000,,02f2f0b3,3,"remu	x1,x5,x15","ra,t0,a5",
80004074,divu,s7:ffffffff,,031bdbb3,3,"divu	x23,x23,x17","s7,s7,a7",
80004078,fcvt.s.w,ft11:bf800000,,d00bffd3,3,"fcvt.s.w	f31,x23","ft11,s7",
8000407c,div,ra:00000000,,02c8c0b3,3,"div	x1,x17,x12","ra,a7,a2",
80004080,fmv.x.w,a5:00000000,,e00c07d3,3,"fmv.x.w	x15,f24","a5,fs8",
80004084,fcvt.s.wu,ft5:00000000,,d017b2d3,3,"fcvt.s.wu	f5,x15","ft5,a5",
8000408c,sll,t2:00410240,,003293b3,3,"sll	x7,x5,x3","t2,t0,gp",
80004090,mulhu,s2:00000000,,03e93933,3,"mulhu	x18,x18,x30","s2,s2,t5",
80004094,srli,s5:00000000,,0037da93,3,"srli	x21,x15,0x3","s5,a5,0x3",
80004098,mul,s2:00000000,,03180933,3,"mul	x18,x16,x17","s2,a6,a7",
8000409c,xor,a6:803fffff,,01b9c833,3,"xor	x16,x19,x27","a6,s3,s11",
800040a0,fcvt.s.w,ft0:c2860000,,d00cf053,3,"fcvt.s.w	f0,x25","ft0,s9",
800040a4,fdiv.s,fs7:7fc00000,,193f7bd3,3,"fdiv.s	f23,f30,f19","fs7,ft10,fs3",
800040a8,ori,s0:00000667,,667ae413,3,"ori	x8,x21,1639","s0,s5,1639",
800040ac,fcvt.s.w,ft7:40000000,,d00a13d3,3,"fcvt.s.w	f7,x20","ft7,s4",
800040b0,and,s3:00000000,,01d7f9b3,3,"and	x19,x15,x29","s3,a5,t4",
800040b4,fcvt.s.wu,fs4:4f000410,,d012fa53,3,"fcvt.s.wu	f20,x5","fs4,t0",
800040b8,fmv.w.x,fs9:00000001,,f00f0cd3,3,"fmv.w.x	f25,x30","fs9,t5",
800040bc,mulh,s2:00000331,,028b1933,3,"mulh	x18,x22,x8","s2,s6,s0",
800040c0,fmin.s,fa3:c4000000,,29d186d3,3,"fmin.s	f13,f3,f29","fa3,ft3,ft9",
800040c4,fadd.s,fa3:7fc00000,,018676d3,3,"fadd.s	f13,f12,f24","fa3,fa2,fs8",
800040c8,xori,t3:00000028,,02aa4e13,3,"xori	x28,x20,42","t3,s4,42",
800040cc,fmax.s,ft11:00000000,,285e1fd3,3,"fmax.s	f31,f28,f5","ft11,ft8,ft5",
800040d0,lui,s4:9baf0000,,9baf0a37,3,"lui	x20,0x9baf0","s4,0x9baf0",
800040d4,fle.s,t3:00000000,,a05a0e53,3,"fle.s	x28,f20,f5","t3,fs4,ft5",
800040d8,sub,tp:00000666,,41e40233,3,"sub	x4,x8,x30","tp,s0,t5",
800040dc,sll,s5:04102400,,01f19ab3,3,"sll	x21,x3,x31","s5,gp,t6",
800040e0,fmv.w.x,ft2:00000001,,f00e8153,3,"fmv.w.x	f2,x29","ft2,t4",
800040e4,mulh,s7:ffffffff,,036b9bb3,3,"mulh	x23,x23,x22","s7,s7,s6",
800040ec,mul,a0:ff800000,,022b0533,3,"mul	x10,x22,x2","a0,s6,sp",
800040f0,fsqrt.s,fs9:7fc00000,,58077cd3,3,"fsqrt.s	f25,f14","fs9,fa4",
800040f4,fcvt.s.wu,fa5:44cce000,,d01407d3,3,"fcvt.s.wu	f15,x8","fa5,s0",
800040f8,fcvt.wu.s,s9:00000043,,c0104cd3,3,"fcvt.wu.s	x25,f0","s9,ft0",
800040fc,fmax.s,fs4:7f800000,,290a9a53,3,"fmax.s	f20,f21,f16","fs4,fs5,fa6",
80004100,srai,t4:ffffba83,,40d5de93,3,"srai	x29,x11,0xd","t4,a1,0xd",
80004104,fadd.s,fa3:7f800000,,014ff6d3,3,"fadd.s	f13,f31,f20","fa3,ft11,fs4",
80004108,mulhu,a2:00000000,,02873633,3,"mulhu	x12,x14,x8","a2,a4,s0",
8000410c,fle.s,s8:00000001,,a1240c53,3,"fle.s	x24,f8,f18","s8,fs0,fs2",
80004110,fsgnjx.s,fa0:7f800000,,2126a553,3,"fsgnjx.s	f10,f13,f18","fa0,fa3,fs2",
80004118,fclass.s,gp:00000080,,e00a11d3,3,"fclass.s	x3,f20","gp,fs4",
8000411c,addi,s7:fffffbb0,,bb0d0b93,3,"addi	x23,x26,-1104","s7,s10,-1104",
80004120,auipc,s2:468a2120,,c689e917,3,"auipc	x18,0xc689e","s2,0xc689e",
80004124,or,s5:803fffff,,00386ab3,3,"or	x21,x16,x3","s5,a6,gp",
80004128,fsqrt.s,fa6:7f800000,,5806b853,3,"fsqrt.s	f16,f13","fa6,fa3",
8000412c,rem,s3:ffffff83,,023ee9b3,3,"rem	x19,x29,x3","s3,t4,gp",
80004130,xori,tp:ff800424,,42454213,3,"xori	x4,x10,1060","tp,a0,1060",
80004134,sub,s10:62cf9f97,,41f80d33,3,"sub	x26,x16,x31","s10,a6,t6",
80004138,divu,t3:ffffffff,,02cade33,3,"divu	x28,x21,x12","t3,s5,a2",
8000413c,sltu,a3:00000000,,00ef36b3,3,"sltu	x13,x30,x14","a3,t5,a4",
80004140,sll,s3:803fffff,,00ca99b3,3,"sll	x19,x21,x12","s3,s5,a2",
80004144,sub,s3:ffffffff,,41e889b3,3,"sub	x19,x17,x30","s3,a7,t5",
80004148,div,s6:00000000,,0347cb33,3,"div	x22,x15,x20","s6,a5,s4",
8000414c,srli,a7:00000082,,00f3d893,3,"srli	x17,x7,0xf","a7,t2,0xf",
80004150,fcvt.wu.s,t5:00000000,,c01faf53,3,"fcvt.wu.s	x30,f31","t5,ft11",
80004154,sltiu,s3:00000001,,b9173993,3,"sltiu	x19,x14,-1135","s3,a4,-1135",
8000415c,fle.s,s6:00000000,,a05b0b53,3,"fle.s	x22,f22,f5","s6,fs6,ft5",
80004160,addi,s3:fffffc62,,c6208993,3,"addi	x19,x1,-926","s3,ra,-926",
80004164,remu,t6:00000667,,02147fb3,3,"remu	x31,x8,x1","t6,s0,ra",
80004168,divu,tp:00000000,,03dd5233,3,"divu	x4,x26,x29","tp,s10,t4",
8000416c,addi,t3:0000004d,,49db8e13,3,"addi	x28,x23,1181","t3,s7,1181",
80004170,fmul.s,fs9:00000000,,105d8cd3,3,"fmul.s	f25,f27,f5","fs9,fs11,ft5",
80004174,fcvt.w.s,a7:7fffffff,,c00f48d3,3,"fcvt.w.s	x17,f30","a7,ft10",
80004178,fmv.x.w,a6:ff800000,,e0058853,3,"fmv.x.w	x16,f11","a6,fa1",
8000417c,remu,s0:00000000,,02327433,3,"remu	x8,x4,x3","s0,tp,gp",
80004180,mul,ra:00000000,,02e380b3,3,"mul	x1,x7,x14","ra,t2,a4",
80004184,sra,s4:00000000,,413dda33,3,"sra	x20,x27,x19","s4,s11,s3",
80004188,fmul.s,fs6:7fc00000,,111d0b53,3,"fmul.s	f22,f26,f17","fs6,fs10,fa7",
8000418c,fmv.x.w,s3:00000000,,e00089d3,3,"fmv.x.w	x19,f1","s3,ft1",
80004190,sra,a2:803fffff,,41bad633,3,"sra	x12,x21,x27","a2,s5,s11",
80004194,divu,a3:ffffffff,,03e056b3,3,"divu	x13,x0,x30","a3,zero,t5",
80004198,srai,s6:ffffffff,,41c85b13,3,"srai	x22,x16,0x1c","s6,a6,0x1c",
8000419c,fmax.s,fa3:7f800000,,28a596d3,3,"fmax.s	f13,f11,f10","fa3,fa1,fa0",
800041a0,remu,t2:80041024,,02c2f3b3,3,"remu	x7,x5,x12","t2,t0,a2",
800041a4,fmv.x.w,s0:c4000000,,e00e8453,3,"fmv.x.w	x8,f29","s0,ft9",
800041a8,slli,t1:76000000,,015b9313,3,"slli	x6,x23,0x15","t1,s7,0x15",
800041ac,sub,a6:00000000,,40ea0833,3,"sub	x16,x20,x14","a6,s4,a4",
800041b0,fsgnjn.s,fs4:c4000000,,20ae9a53,3,"fsgnjn.s	f20,f29,f10","fs4,ft9,fa0",
800041b4,mulh,s7:ffffffff,,036f9bb3,3,"mulh	x23,x31,x22","s7,t6,s6",
800041b8,remu,a2:00000001,,02bc7633,3,"remu	x12,x24,x11","a2,s8,a1",
800041bc,fcvt.wu.s,sp:00000200,,c01ac153,3,"fcvt.wu.s	x2,f21","sp,fs5",
800041c0,addi,t1:468a23cd,,2ad90313,3,"addi	x6,x18,685","t1,s2,685",
800041c4,mul,a5:00000000,,037d87b3,3,"mul	x15,x27,x23","a5,s11,s7",
800041c8,slli,a5:00000000,,01d71793,3,"slli	x15,x14,0x1d","a5,a4,0x1d",
800041cc,andi,s11:00000000,,b18a7d93,3,"andi	x27,x20,-1256","s11,s4,-1256",
800041d0,fclass.s,s3:00000080,,e00699d3,3,"fclass.s	x19,f13","s3,fa3",
800041d4,fmin.s,fs6:00000000,,29648b53,3,"fmin.s	f22,f9,f22","fs6,fs1,fs6",
800041d8,srli,ra:00000000,,01075093,3,"srli	x1,x14,0x10","ra,a4,0x10",
800041dc,fadd.s,ft8:7fc00000,,01e44e53,3,"fadd.s	f28,f8,f30","ft8,fs0,ft10",
800041e0,lui,gp:c3102000,,c31021b7,3,"lui	x3,0xc3102","gp,0xc3102",
800041e4,fle.s,s6:00000001,,a1900b53,3,"fle.s	x22,f0,f25","s6,ft0,fs9",
800041e8,fmax.s,fs7:00000000,,281e1bd3,3,"fmax.s	f23,f28,f1","fs7,ft8,ft1",
800041ec,remu,s8:00000000,,024f7c33,3,"remu	x24,x30,x4","s8,t5,tp",
800041f0,fsgnjx.s,ft5:f7506410,,215722d3,3,"fsgnjx.s	f5,f14,f21","ft5,fa4,fs5",
800041f4,fcvt.s.wu,ft3:00000000,,d01271d3,3,"fcvt.s.wu	f3,x4","ft3,tp",
800041f8,slti,s8:00000001,,9425ac13,3,"slti	x24,x11,-1726","s8,a1,-1726",
800041fc,slti,a3:00000000,,f530a693,3,"slti	x13,x1,-173","a3,ra,-173",
80004200,slli,s2:03338000,,00ff9913,3,"slli	x18,x31,0xf","s2,t6,0xf",
80004204,fmin.s,fs7:c4000000,,29420bd3,3,"fmin.s	f23,f4,f20","fs7,ft4,fs4",
80004208,fle.s,s8:00000000,,a16a8c53,3,"fle.s	x24,f21,f22","s8,fs5,fs6",
8000420c,sll,a6:fffba830,,005e9833,3,"sll	x16,x29,x5","a6,t4,t0",
80004210,mulhu,s11:00000000,,03b1bdb3,3,"mulhu	x27,x3,x27","s11,gp,s11",
80004214,remu,a6:3c6fe000,,02357833,3,"remu	x16,x10,x3","a6,a0,gp",
80004218,sub,sp:c3902667,,410f8133,3,"sub	x2,x31,x16","sp,t6,a6",
8000421c,xori,t4:fffffb18,,b1824e93,3,"xori	x29,x4,-1256","t4,tp,-1256",
80004220,fsgnjn.s,ft0:bac68842,,20a21053,3,"fsgnjn.s	f0,f4,f10","ft0,ft4,fa0",
80004224,slti,s7:00000000,,e7ec2b93,3,"slti	x23,x24,-386","s7,s8,-386",
80004228,fmv.x.w,a0:ffc00000,,e00f0553,3,"fmv.x.w	x10,f30","a0,ft10",
8000422c,divu,a0:ffffffff,,0389d533,3,"divu	x10,x19,x24","a0,s3,s8",
80004230,mulhu,t1:00000000,,03b3b333,3,"mulhu	x6,x7,x27","t1,t2,s11",
80004234,remu,s2:03338000,,03597933,3,"remu	x18,x18,x21","s2,s2,s5",
80004238,flt.s,gp:00000000,,a14b91d3,3,"flt.s	x3,f23,f20","gp,fs7,fs4",
8000423c,fcvt.s.wu,fs1:00000000,,d016f4d3,3,"fcvt.s.wu	f9,x13","fs1,a3",
80004240,xor,ra:803fffff,,015f40b3,3,"xor	x1,x30,x21","ra,t5,s5",
80004244,lui,s3:a46c5000,,a46c59b7,3,"lui	x19,0xa46c5","s3,0xa46c5",
80004248,fmv.w.x,fa7:c3902667,,f00108d3,3,"fmv.w.x	f17,x2","fa7,sp",
8000424c,fmin.s,ft0:00000000,,288e0053,3,"fmin.s	f0,f28,f8","ft0,ft8,fs0",
80004250,xor,s8:00000001,,00664c33,3,"xor	x24,x12,x6","s8,a2,t1",
80004254,div,tp:00000000,,02ba4233,3,"div	x4,x20,x11","tp,s4,a1",
80004258,srai,a0:00000000,,4096d513,3,"srai	x10,x13,0x9","a0,a3,0x9",
80004260,xori,t3:08af9e1d,,a0d5ce13,3,"xori	x28,x11,-1523","t3,a1,-1523",
80004264,fsub.s,fa4:44000000,,09d91753,3,"fsub.s	f14,f18,f29","fa4,fs2,ft9",
80004268,sub,s9:3c6fd9dc,,402c8cb3,3,"sub	x25,x25,x2","s9,s9,sp",
8000426c,fsgnjx.s,fs10:40000000,,2163ad53,3,"fsgnjx.s	f26,f7,f22","fs10,ft7,fs6",
80004270,divu,ra:00000000,,025fd0b3,3,"divu	x1,x31,x5","ra,t6,t0",
80004274,fcvt.s.w,fa4:00000000,,d0057753,3,"fcvt.s.w	f14,x10","fa4,a0",
80004278,mulh,s2:00000000,,020c9933,3,"mulh	x18,x25,x0","s2,s9,zero",
8000427c,fcvt.s.w,fs8:00000000,,d0057c53,3,"fcvt.s.w	f24,x10","fs8,a0",
80004280,fcvt.s.w,fa5:00000000,,d00377d3,3,"fcvt.s.w	f15,x6","fa5,t1",
80004284,fclass.s,s3:00000080,,e00519d3,3,"fclass.s	x19,f10","s3,fa0",
80004288,flt.s,a0:00000000,,a06e1553,3,"flt.s	x10,f28,f6","a0,ft8,ft6",
8000428c,rem,t6:00000001,,03266fb3,3,"rem	x31,x12,x18","t6,a2,s2",
80004290,fle.s,a7:00000000,,a1c688d3,3,"fle.s	x17,f13,f28","a7,fa3,ft8",
80004294,sll,s2:00000000,,00201933,3,"sll	x18,x0,x2","s2,zero,sp",
80004298,mulh,s3:00000000,,03d199b3,3,"mulh	x19,x3,x29","s3,gp,t4",
8000429c,feq.s,a0:00000000,,a1712553,3,"feq.s	x10,f2,f23","a0,ft2,fs7",
800042a0,fcvt.s.w,fa2:00000000,,d001f653,3,"fcvt.s.w	f12,x3","fa2,gp",
800042a4,fmv.x.w,t6:00000000,,e00b0fd3,3,"fmv.x.w	x31,f22","t6,fs6",
800042a8,fmax.s,ft7:7fc00000,,286e13d3,3,"fmax.s	f7,f28,f6","ft7,ft8,ft6",
800042ac,fmv.x.w,a5:ff800000,,e00587d3,3,"fmv.x.w	x15,f11","a5,fa1",
800042b0,sub,a7:c3902001,,410b08b3,3,"sub	x17,x22,x16","a7,s6,a6",
800042b4,xori,s6:007ff9c9,,9c97cb13,3,"xori	x22,x15,-1591","s6,a5,-1591",
800042b8,fcvt.s.w,ft4:ceff8000,,d00af253,3,"fcvt.s.w	f4,x21","ft4,s5",
800042bc,or,s9:80040fe4,,009a6cb3,3,"or	x25,x20,x9","s9,s4,s1",
800042c0,and,t4:00000000,,00d07eb3,3,"and	x29,x0,x13","t4,zero,a3",
800042c4,fcvt.w.s,gp:fffffe00,,c00bc1d3,3,"fcvt.w.s	x3,f23","gp,fs7",
800042c8,fdiv.s,fs5:7fc00000,,190e7ad3,3,"fdiv.s	f21,f28,f16","fs5,ft8,fa6",
800042cc,lui,s11:32285000,,32285db7,3,"lui	x27,0x32285","s11,0x32285",
800042d0,sub,t3:f750640f,,41858e33,3,"sub	x28,x11,x24","t3,a1,s8",
800042d4,remu,tp:80040fe4,,0244f233,3,"remu	x4,x9,x4","tp,s1,tp",
800042d8,slti,tp:00000000,,d7262213,3,"slti	x4,x12,-654","tp,a2,-654",
800042dc,slt,a4:00000001,,012ca733,3,"slt	x14,x25,x18","a4,s9,s2",
800042e0,fmax.s,ft6:40000000,,296d1353,3,"fmax.s	f6,f26,f22","ft6,fs10,fs6",
800042e4,fmin.s,fa7:7fc00000,,295e08d3,3,"fmin.s	f17,f28,f21","fa7,ft8,fs5",
800042e8,andi,sp:00000000,,bff37113,3,"andi	x2,x6,-1025","sp,t1,-1025",
800042ec,fclass.s,s10:00000200,,e00f1d53,3,"fclass.s	x26,f30","s10,ft10",
800042f0,fmul.s,ft4:00000000,,10693253,3,"fmul.s	f4,f18,f6","ft4,fs2,ft6",
800042f4,ori,t1:803fffff,,489ae313,3,"ori	x6,x21,1161","t1,s5,1161",
800042fc,fsgnjn.s,ft3:ff800000,,20f811d3,3,"fsgnjn.s	f3,f16,f15","ft3,fa6,fa5",
80004300,or,s8:b22c5024,,005dec33,3,"or	x24,x27,x5","s8,s11,t0",
80004304,fcvt.w.s,s5:00000000,,c00ffad3,3,"fcvt.w.s	x21,f31","s5,ft11",
80004308,mulhu,a7:00000000,,035b38b3,3,"mulhu	x17,x22,x21","a7,s6,s5",
8000430c,slti,s11:00000001,,367e2d93,3,"slti	x27,x28,871","s11,t3,871",
80004310,fsqrt.s,fs2:00000000,,580cf953,3,"fsqrt.s	f18,f25","fs2,fs9",
80004314,fcvt.s.wu,fs10:00000000,,d0127d53,3,"fcvt.s.wu	f26,x4","fs10,tp",
80004318,fsqrt.s,fs3:00000000,,580029d3,3,"fsqrt.s	f19,f0","fs3,ft0",
8000431c,xor,a2:00000200,,012d4633,3,"xor	x12,x26,x18","a2,s10,s2",
80004320,fcvt.w.s,t3:00000000,,c0008e53,3,"fcvt.w.s	x28,f1","t3,ft1",
80004324,mul,t6:00000000,,03eb0fb3,3,"mul	x31,x22,x30","t6,s6,t5",
80004328,fmin.s,ft9:00000000,,29f38ed3,3,"fmin.s	f29,f7,f31","ft9,ft7,ft11",
8000432c,sll,t5:00000000,,00999f33,3,"sll	x30,x19,x9","t5,s3,s1",
80004330,fdiv.s,ft11:bb4b3d88,,19737fd3,3,"fdiv.s	f31,f6,f23","ft11,ft6,fs7",
80004334,mulhu,t3:00000000,,0276be33,3,"mulhu	x28,x13,x7","t3,a3,t2",
80004338,fsgnjn.s,fa2:bb4b3d88,,215f9653,3,"fsgnjn.s	f12,f31,f21","fa2,ft11,fs5",
8000433c,fadd.s,fs9:7fc00000,,01c7bcd3,3,"fadd.s	f25,f15,f28","fs9,fa5,ft8",
80004340,fmin.s,fs2:00000000,,284b0953,3,"fmin.s	f18,f22,f4","fs2,fs6,ft4",
80004344,fsgnj.s,fa4:00000000,,21978753,3,"fsgnj.s	f14,f15,f25","fa4,fa5,fs9",
80004348,fadd.s,fs3:00000000,,00f7f9d3,3,"fadd.s	f19,f15,f15","fs3,fa5,fa5",
8000434c,xor,a4:00000000,,015ac733,3,"xor	x14,x21,x21","a4,s5,s5",
80004350,fsqrt.s,fa0:00000000,,580e9553,3,"fsqrt.s	f10,f29","fa0,ft9",
80004354,flt.s,t1:00000000,,a1bb1353,3,"flt.s	x6,f22,f27","t1,fs6,fs11",
80004358,flt.s,t1:00000000,,a09e1353,3,"flt.s	x6,f28,f9","t1,ft8,fs1",
8000435c,div,sp:ffffffff,,024a4133,3,"div	x2,x20,x4","sp,s4,tp",
80004360,fmin.s,fa7:00000000,,284708d3,3,"fmin.s	f17,f14,f4","fa7,fa4,ft4",
80004364,or,a7:807fffed,,009b68b3,3,"or	x17,x22,x9","a7,s6,s1",
80004368,fcvt.s.w,fs10:ce9ba75f,,d00c7d53,3,"fcvt.s.w	f26,x24","fs10,s8",
8000436c,sltu,sp:00000000,,00d4b133,3,"sltu	x2,x9,x13","sp,s1,a3",
80004370,auipc,ra:21833370,,a182f097,3,"auipc	x1,0xa182f","ra,0xa182f",
80004374,fmv.w.x,fa3:b22c5024,,f00c06d3,3,"fmv.w.x	f13,x24","fa3,s8",
80004378,xori,t5:8004116b,,14f2cf13,3,"xori	x30,x5,335","t5,t0,335",
8000437c,feq.s,s11:00000000,,a13e2dd3,3,"feq.s	x27,f28,f19","s11,ft8,fs3",
80004380,fsgnj.s,fa0:4e9ba75f,,219d0553,3,"fsgnj.s	f10,f26,f25","fa0,fs10,fs9",
80004384,fmv.x.w,t6:00000000,,e0048fd3,3,"fmv.x.w	x31,f9","t6,fs1",
80004388,fclass.s,t3:00000010,,e0001e53,3,"fclass.s	x28,f0","t3,ft0",
8000438c,div,t4:00000001,,02f7ceb3,3,"div	x29,x15,x15","t4,a5,a5",
80004390,srli,a4:00000080,,002d5713,3,"srli	x14,x26,0x2","a4,s10,0x2",
80004394,sub,t3:ffffff80,,40e68e33,3,"sub	x28,x13,x14","t3,a3,a4",
80004398,remu,t2:00000000,,020373b3,3,"remu	x7,x6,x0","t2,t1,zero",
8000439c,fsgnjx.s,ft7:00000000,,21d723d3,3,"fsgnjx.s	f7,f14,f29","ft7,fa4,ft9",
800043a0,feq.s,a6:00000001,,a04da853,3,"feq.s	x16,f27,f4","a6,fs11,ft4",
800043a4,mulhsu,t2:80041023,,03cca3b3,3,"mulhsu	x7,x25,x28","t2,s9,t3",
800043a8,fadd.s,ft1:c4800000,,017bf0d3,3,"fadd.s	f1,f23,f23","ft1,fs7,fs7",
800043ac,fclass.s,s0:00000010,,e0071453,3,"fclass.s	x8,f14","s0,fa4",
800043b0,fclass.s,ra:00000002,,e00610d3,3,"fclass.s	x1,f12","ra,fa2",
800043b8,xor,s8:00000000,,00234c33,3,"xor	x24,x6,x2","s8,t1,sp",
800043bc,slli,s5:a0000000,,01d89a93,3,"slli	x21,x17,0x1d","s5,a7,0x1d",
800043c0,mulh,s9:fffffff8,,02849cb3,3,"mulh	x25,x9,x8","s9,s1,s0",
800043c4,sub,s2:ffffff81,,40e80933,3,"sub	x18,x16,x14","s2,a6,a4",
800043c8,auipc,a4:3f6ad3c8,,bf6a9717,3,"auipc	x14,0xbf6a9","a4,0xbf6a9",
800043cc,addi,t5:80040c51,,c2d28f13,3,"addi	x30,x5,-979","t5,t0,-979",
800043d0,srli,s7:00000000,,01b15b93,3,"srli	x23,x2,0x1b","s7,sp,0x1b",
800043d4,divu,t4:ffffffff,,02df5eb3,3,"divu	x29,x30,x13","t4,t5,a3",
800043d8,addi,gp:9ffffda7,,da7a8193,3,"addi	x3,x21,-601","gp,s5,-601",
800043dc,fadd.s,fa4:7fc00000,,01557753,3,"fadd.s	f14,f10,f21","fa4,fa0,fs5",
800043e0,sltiu,t6:00000001,,08aa3f93,3,"sltiu	x31,x20,138","t6,s4,138",
800043e4,flt.s,a5:00000000,,a08417d3,3,"flt.s	x15,f8,f8","a5,fs0,fs0",
800043e8,fsgnjn.s,fs11:ff800000,,21859dd3,3,"fsgnjn.s	f27,f11,f24","fs11,fa1,fs8",
800043ec,mulh,a2:00000000,,02a51633,3,"mulh	x12,x10,x10","a2,a0,a0",
800043f0,mulh,a3:00000000,,028f96b3,3,"mulh	x13,x31,x8","a3,t6,s0",
800043f4,fsgnj.s,fa0:ce9ba75f,,21fd0553,3,"fsgnj.s	f10,f26,f31","fa0,fs10,ft11",
800043f8,lui,a4:1a554000,,1a554737,3,"lui	x14,0x1a554","a4,0x1a554",
800043fc,fsgnjx.s,ft5:80000000,,2037a2d3,3,"fsgnjx.s	f5,f15,f3","ft5,fa5,ft3",
80004400,fmul.s,ft7:80000001,,102fc3d3,3,"fmul.s	f7,f31,f2","ft7,ft11,ft2",
80004404,fsub.s,ft2:7f800000,,083f9153,3,"fsub.s	f2,f31,f3","ft2,ft11,ft3",
80004408,ori,s11:a0000370,,370aed93,3,"ori	x27,x21,880","s11,s5,880",
8000440c,slt,s8:00000000,,00b92c33,3,"slt	x24,x18,x11","s8,s2,a1",
80004410,srl,s10:0000ffff,,00bedd33,3,"srl	x26,x29,x11","s10,t4,a1",
80004414,auipc,a3:14341414,,9433d697,3,"auipc	x13,0x9433d","a3,0x9433d",
80004418,fle.s,s2:00000001,,a1098953,3,"fle.s	x18,f19,f16","s2,fs3,fa6",
8000441c,ori,s8:00000179,,17946c13,3,"ori	x24,x8,377","s8,s0,377",
80004420,andi,gp:00000000,,2ee07193,3,"andi	x3,x0,750","gp,zero,750",
80004424,srl,s4:0007ffff,,011cda33,3,"srl	x20,x25,x17","s4,s9,a7",
80004428,sra,t5:00000000,,40605f33,3,"sra	x30,x0,x6","t5,zero,t1",
8000442c,fmax.s,ft9:ce9ba75f,,29e51ed3,3,"fmax.s	f29,f10,f30","ft9,fa0,ft10",
80004430,sra,t6:00000001,,40f95fb3,3,"sra	x31,x18,x15","t6,s2,a5",
80004434,divu,t2:00000009,,02eed3b3,3,"divu	x7,x29,x14","t2,t4,a4",
80004438,fsub.s,fa2:bb4b3d88,,093ff653,3,"fsub.s	f12,f31,f19","fa2,ft11,fs3",
8000443c,fcvt.s.w,ft4:00000000,,d009f253,3,"fcvt.s.w	f4,x19","ft4,s3",
80004440,and,sp:14100410,,00d5f133,3,"and	x2,x11,x13","sp,a1,a3",
80004444,and,tp:00000000,,01027233,3,"and	x4,x4,x16","tp,tp,a6",
80004448,or,a7:80041024,,005be8b3,3,"or	x17,x23,x5","a7,s7,t0",
8000444c,fdiv.s,fs5:80000000,,18d41ad3,3,"fdiv.s	f21,f8,f13","fs5,fs0,fa3",
80004450,sll,t6:00000009,,00339fb3,3,"sll	x31,x7,x3","t6,t2,gp",
80004454,fclass.s,t4:00000002,,e0051ed3,3,"fclass.s	x29,f10","t4,fa0",
80004458,fcvt.w.s,ra:00000000,,c00070d3,3,"fcvt.w.s	x1,f0","ra,ft0",
8000445c,srai,a7:00000000,,40485893,3,"srai	x17,x16,0x4","a7,a6,0x4",
80004460,and,s3:00000000,,00c579b3,3,"and	x19,x10,x12","s3,a0,a2",
80004464,ori,s9:fffffee9,,ee1fec93,3,"ori	x25,x31,-287","s9,t6,-287",
80004468,lui,s3:6963c000,,6963c9b7,3,"lui	x19,0x6963c","s3,0x6963c",
8000446c,fmax.s,fs3:00000000,,284019d3,3,"fmax.s	f19,f0,f4","fs3,ft0,ft4",
80004470,ori,t6:1a5540b5,,0b576f93,3,"ori	x31,x14,181","t6,a4,181",
80004474,fsgnj.s,ft3:00000000,,21c981d3,3,"fsgnj.s	f3,f19,f28","ft3,fs3,ft8",
80004478,fmv.w.x,ft4:1a554000,,f0070253,3,"fmv.w.x	f4,x14","ft4,a4",
8000447c,feq.s,t1:00000000,,a02fa353,3,"feq.s	x6,f31,f2","t1,ft11,ft2",
80004480,mul,ra:a0000000,,035c00b3,3,"mul	x1,x24,x21","ra,s8,s5",
80004488,lui,a4:4e831000,,4e831737,3,"lui	x14,0x4e831","a4,0x4e831",
8000448c,divu,s6:ffffffff,,02cedb33,3,"divu	x22,x29,x12","s6,t4,a2",
80004490,divu,s11:ffffffff,,0373ddb3,3,"divu	x27,x7,x23","s11,t2,s7",
80004494,rem,t1:00000179,,020c6333,3,"rem	x6,x24,x0","t1,s8,zero",
80004498,fcvt.wu.s,s5:00000000,,c01fcad3,3,"fcvt.wu.s	x21,f31","s5,ft11",
8000449c,fcvt.s.w,fa3:4ed2c780,,d009f6d3,3,"fcvt.s.w	f13,x19","fa3,s3",
800044a0,sltu,s8:00000000,,017d3c33,3,"sltu	x24,x26,x23","s8,s10,s7",
800044a4,srl,s7:00000000,,00b1dbb3,3,"srl	x23,x3,x11","s7,gp,a1",
800044a8,sub,t4:b17cf000,,40e00eb3,3,"sub	x29,x0,x14","t4,zero,a4",
800044ac,and,s2:00000000,,00f9f933,3,"and	x18,x19,x15","s2,s3,a5",
800044b0,mul,a0:00000000,,02288533,3,"mul	x10,x17,x2","a0,a7,sp",
800044b4,mulhsu,t2:00000000,,035523b3,3,"mulhsu	x7,x10,x21","t2,a0,s5",
800044b8,fle.s,ra:00000001,,a09b00d3,3,"fle.s	x1,f22,f9","ra,fs6,fs1",
800044bc,lui,s6:a4706000,,a4706b37,3,"lui	x22,0xa4706","s6,0xa4706",
800044c0,divu,ra:ffffffff,,03e9d0b3,3,"divu	x1,x19,x30","ra,s3,t5",
800044c4,mulh,a3:00000000,,022916b3,3,"mulh	x13,x18,x2","a3,s2,sp",
800044c8,fle.s,tp:00000001,,a10b8253,3,"fle.s	x4,f23,f16","tp,fs7,fa6",
800044cc,sub,t6:00000000,,41188fb3,3,"sub	x31,x17,x17","t6,a7,a7",
800044d0,fmv.x.w,t5:c4000000,,e00a0f53,3,"fmv.x.w	x30,f20","t5,fs4",
800044d4,and,s6:00000000,,0126fb33,3,"and	x22,x13,x18","s6,a3,s2",
800044d8,slti,s5:00000000,,b8eb2a93,3,"slti	x21,x22,-1138","s5,s6,-1138",
800044dc,fcvt.wu.s,s3:00000000,,c01649d3,3,"fcvt.wu.s	x19,f12","s3,fa2",
800044e0,mul,s4:00000000,,038e0a33,3,"mul	x20,x28,x24","s4,t3,s8",
800044e4,add,gp:45d37410,,00e581b3,3,"add	x3,x11,x14","gp,a1,a4",
800044e8,add,a7:c4000179,,006f08b3,3,"add	x17,x30,x6","a7,t5,t1",
800044ec,feq.s,a3:00000000,,a15226d3,3,"feq.s	x13,f4,f21","a3,ft4,fs5",
800044f0,fmin.s,fa0:00000000,,28300553,3,"fmin.s	f10,f0,f3","fa0,ft0,ft3",
800044f4,xori,s9:3bfffc86,,dff8cc93,3,"xori	x25,x17,-513","s9,a7,-513",
800044f8,add,t5:00000000,,00098f33,3,"add	x30,x19,x0","t5,s3,zero",
800044fc,sltiu,s11:00000001,,9fb83d93,3,"sltiu	x27,x16,-1541","s11,a6,-1541",
80004500,auipc,s7:7b464500,,fb460b97,3,"auipc	x23,0xfb460","s7,0xfb460",
80004504,andi,a2:00000038,,cbe37613,3,"andi	x12,x6,-834","a2,t1,-834",
80004508,fcvt.wu.s,s10:00000000,,c0151d53,3,"fcvt.wu.s	x26,f10","s10,fa0",
8000450c,flt.s,ra:00000000,,a15910d3,3,"flt.s	x1,f18,f21","ra,fs2,fs5",
80004510,mulhu,s5:00000000,,033cbab3,3,"mulhu	x21,x25,x19","s5,s9,s3",
80004514,fclass.s,s11:00000010,,e0041dd3,3,"fclass.s	x27,f8","s11,fs0",
80004518,sra,s9:00000000,,41cc5cb3,3,"sra	x25,x24,x28","s9,s8,t3",
8000451c,mulhu,sp:00000000,,0237b133,3,"mulhu	x2,x15,x3","sp,a5,gp",
80004520,fmv.x.w,s7:80000000,,e00a8bd3,3,"fmv.x.w	x23,f21","s7,fs5",
80004524,slt,ra:00000001,,006ba0b3,3,"slt	x1,x23,x6","ra,s7,t1",
80004528,srl,s0:22e9ba08,,0101d433,3,"srl	x8,x3,x16","s0,gp,a6",
8000452c,fdiv.s,fa7:80000000,,19b408d3,3,"fdiv.s	f17,f8,f27","fa7,fs0,fs11",
80004530,or,s4:00000038,,00c66a33,3,"or	x20,x12,x12","s4,a2,a2",
80004534,sltiu,a4:00000001,,db6b3713,3,"sltiu	x14,x22,-586","a4,s6,-586",
80004538,srli,a2:00000000,,004d5613,3,"srli	x12,x26,0x4","a2,s10,0x4",
8000453c,and,a2:00000000,,014bf633,3,"and	x12,x23,x20","a2,s7,s4",
80004540,flt.s,s11:00000000,,a1959dd3,3,"flt.s	x27,f11,f25","s11,fa1,fs9",
80004544,fadd.s,fs2:c4800000,,0150f953,3,"fadd.s	f18,f1,f21","fs2,ft1,fs5",
80004548,slt,a2:00000000,,0040a633,3,"slt	x12,x1,x4","a2,ra,tp",
8000454c,fsub.s,fs8:7f800000,,08d80c53,3,"fsub.s	f24,f16,f13","fs8,fa6,fa3",
80004550,fsgnj.s,fs8:ff800000,,21180c53,3,"fsgnj.s	f24,f16,f17","fs8,fa6,fa7",
80004554,slt,a7:00000000,,005828b3,3,"slt	x17,x16,x5","a7,a6,t0",
80004558,fcvt.s.w,fa5:00000000,,d003f7d3,3,"fcvt.s.w	f15,x7","fa5,t2",
8000455c,fsgnjx.s,fa6:4e9ba75f,,20cea853,3,"fsgnjx.s	f16,f29,f12","fa6,ft9,fa2",
80004560,flt.s,s2:00000000,,a1449953,3,"flt.s	x18,f9,f20","s2,fs1,fs4",
80004564,slti,t6:00000001,,0548af93,3,"slti	x31,x17,84","t6,a7,84",
80004568,fsgnjx.s,fs7:ffc00000,,21ae2bd3,3,"fsgnjx.s	f23,f28,f26","fs7,ft8,fs10",
8000456c,slti,s4:00000000,,e7792a13,3,"slti	x20,x18,-393","s4,s2,-393",
80004570,add,a3:00000001,,00a086b3,3,"add	x13,x1,x10","a3,ra,a0",
80004574,mul,t1:00000000,,03ab0333,3,"mul	x6,x22,x26","t1,s6,s10",
80004578,fmv.x.w,s6:ff800000,,e00c0b53,3,"fmv.x.w	x22,f24","s6,fs8",
8000457c,fcvt.wu.s,a3:4dd3af80,,c01876d3,3,"fcvt.wu.s	x13,f16","a3,fa6",
80004580,slt,s4:00000000,,00772a33,3,"slt	x20,x14,x7","s4,a4,t2",
80004584,fmv.x.w,s6:40000000,,e0030b53,3,"fmv.x.w	x22,f6","s6,ft6",
80004588,fcvt.w.s,tp:00000000,,c0007253,3,"fcvt.w.s	x4,f0","tp,ft0",
8000458c,and,a5:00000000,,017277b3,3,"and	x15,x4,x23","a5,tp,s7",
80004590,fcvt.s.wu,fa5:4f000000,,d01bf7d3,3,"fcvt.s.wu	f15,x23","fa5,s7",
80004594,srl,a4:00f75064,,0085d733,3,"srl	x14,x11,x8","a4,a1,s0",
80004598,xor,t5:00000000,,00cacf33,3,"xor	x30,x21,x12","t5,s5,a2",
8000459c,andi,s9:00000000,,24cbfc93,3,"andi	x25,x23,588","s9,s7,588",
800045a0,fadd.s,fa2:00000000,,008af653,3,"fadd.s	f12,f21,f8","fa2,fs5,fs0",
800045a4,mul,ra:00000000,,03ae00b3,3,"mul	x1,x28,x26","ra,t3,s10",
800045a8,remu,s3:00000000,,031679b3,3,"remu	x19,x12,x17","s3,a2,a7",
800045ac,sltu,t6:00000000,,007c3fb3,3,"sltu	x31,x24,x7","t6,s8,t2",
800045b0,fcvt.w.s,gp:00000000,,c003f1d3,3,"fcvt.w.s	x3,f7","gp,ft7",
800045b4,andi,t1:00000000,,ea417313,3,"andi	x6,x2,-348","t1,sp,-348",
800045b8,divu,a3:00000001,,03ce56b3,3,"divu	x13,x28,x28","a3,t3,t3",
800045bc,fsqrt.s,fa6:00000000,,580b1853,3,"fsqrt.s	f16,f22","fa6,fs6",
800045c0,remu,s10:00f75064,,02477d33,3,"remu	x26,x14,x4","s10,a4,tp",
800045c4,sll,s11:00000000,,00c01db3,3,"sll	x27,x0,x12","s11,zero,a2",
800045c8,auipc,s3:9251a5c8,,12516997,3,"auipc	x19,0x12516","s3,0x12516",
800045cc,or,s4:80000000,,01706a33,3,"or	x20,x0,x23","s4,zero,s7",
800045d0,sub,s8:00000001,,40780c33,3,"sub	x24,x16,x7","s8,a6,t2",
800045d4,fmv.w.x,fs6:40000000,,f00b0b53,3,"fmv.w.x	f22,x22","fs6,s6",
800045d8,fmv.w.x,ft2:00000000,,f0030153,3,"fmv.w.x	f2,x6","ft2,t1",
800045dc,fle.s,s9:00000001,,a1580cd3,3,"fle.s	x25,f16,f21","s9,fa6,fs5",
800045e0,add,a7:80040fe4,,009908b3,3,"add	x17,x18,x9","a7,s2,s1",
800045e4,srli,a3:00000000,,004cd693,3,"srli	x13,x25,0x4","a3,s9,0x4",
800045e8,fmin.s,fs10:ff800000,,288d8d53,3,"fmin.s	f26,f27,f8","fs10,fs11,fs0",
800045ec,sltiu,s8:00000001,,69003c13,3,"sltiu	x24,x0,1680","s8,zero,1680",
800045f0,fmin.s,fs5:00000000,,29350ad3,3,"fmin.s	f21,f10,f19","fs5,fa0,fs3",
800045f4,slt,a5:00000001,,0181a7b3,3,"slt	x15,x3,x24","a5,gp,s8",
800045f8,fdiv.s,fs0:7fc00000,,19dbf453,3,"fdiv.s	f8,f23,f29","fs0,fs7,ft9",
800045fc,xor,sp:f7506410,,0155c133,3,"xor	x2,x11,x21","sp,a1,s5",
80004600,auipc,t4:781d0600,,f81cce97,3,"auipc	x29,0xf81cc","t4,0xf81cc",
80004604,fle.s,a3:00000000,,a10c86d3,3,"fle.s	x13,f25,f16","a3,fs9,fa6",
80004608,fcvt.w.s,s4:80000000,,c00c7a53,3,"fcvt.w.s	x20,f24","s4,fs8",
8000460c,fcvt.w.s,ra:7fffffff,,c00f70d3,3,"fcvt.w.s	x1,f30","ra,ft10",
80004610,rem,s8:00000001,,03e86c33,3,"rem	x24,x16,x30","s8,a6,t5",
80004614,flt.s,s2:00000001,,a1fd9953,3,"flt.s	x18,f27,f31","s2,fs11,ft11",
80004618,mulh,t5:36d56f78,,02599f33,3,"mulh	x30,x19,x5","t5,s3,t0",
8000461c,fcvt.w.s,t1:00000000,,c0067353,3,"fcvt.w.s	x6,f12","t1,fa2",
80004620,fcvt.wu.s,ra:00000000,,c012c0d3,3,"fcvt.wu.s	x1,f5","ra,ft5",
80004624,div,a4:ffffffff,,0359c733,3,"div	x14,x19,x21","a4,s3,s5",
80004628,flt.s,a7:00000000,,a16b98d3,3,"flt.s	x17,f23,f22","a7,fs7,fs6",
8000462c,flt.s,s0:00000001,,a02d1453,3,"flt.s	x8,f26,f2","s0,fs10,ft2",
80004630,mulhsu,ra:00000000,,0261a0b3,3,"mulhsu	x1,x3,x6","ra,gp,t1",
80004634,srai,t1:00000000,,4140d313,3,"srai	x6,x1,0x14","t1,ra,0x14",
80004638,sra,gp:00000000,,405451b3,3,"sra	x3,x8,x5","gp,s0,t0",
8000463c,sltiu,a6:00000000,,7649b813,3,"sltiu	x16,x19,1892","a6,s3,1892",
80004640,fmax.s,fs0:ce9ba75f,,29d59453,3,"fmax.s	f8,f11,f29","fs0,fa1,ft9",
80004644,fcvt.w.s,gp:00000000,,c00171d3,3,"fcvt.w.s	x3,f2","gp,ft2",
80004648,divu,tp:00000001,,02845233,3,"divu	x4,x8,x8","tp,s0,s0",
8000464c,fcvt.w.s,t1:7fffffff,,c00cf353,3,"fcvt.w.s	x6,f25","t1,fs9",
80004650,slt,s4:00000000,,01b3aa33,3,"slt	x20,x7,x27","s4,t2,s11",
80004654,srli,s10:00000000,,00625d13,3,"srli	x26,x4,0x6","s10,tp,0x6",
80004658,fcvt.wu.s,sp:ffffffff,,c01e1153,3,"fcvt.wu.s	x2,f28","sp,ft8",
8000465c,auipc,a0:2ac6a65c,,aac66517,3,"auipc	x10,0xaac66","a0,0xaac66",
80004660,sra,s5:00000000,,4148dab3,3,"sra	x21,x17,x20","s5,a7,s4",
80004664,fsgnj.s,fa5:00000000,,204887d3,3,"fsgnj.s	f15,f17,f4","fa5,fa7,ft4",
80004668,fcvt.s.w,ft10:00000000,,d000bf53,3,"fcvt.s.w	f30,x1","ft10,ra",
8000466c,fclass.s,tp:00000002,,e00e9253,3,"fclass.s	x4,f29","tp,ft9",
80004670,fcvt.wu.s,ra:6963c000,,c016f0d3,3,"fcvt.wu.s	x1,f13","ra,fa3",
80004674,fsgnj.s,ft6:44000000,,20ea0353,3,"fsgnj.s	f6,f20,f14","ft6,fs4,fa4",
8000467c,fcvt.s.w,ft3:3f800000,,d00cf1d3,3,"fcvt.s.w	f3,x25","ft3,s9",
80004680,fmv.w.x,ft11:80000000,,f00b8fd3,3,"fmv.w.x	f31,x23","ft11,s7",
80004684,divu,s4:ffffffff,,02c0da33,3,"divu	x20,x1,x12","s4,ra,a2",
80004688,fcvt.w.s,s8:7fffffff,,c0074c53,3,"fcvt.w.s	x24,f14","s8,fa4",
8000468c,remu,ra:00000000,,0395f0b3,3,"remu	x1,x11,x25","ra,a1,s9",
80004690,fmv.w.x,fs2:00000000,,f0068953,3,"fmv.w.x	f18,x13","fs2,a3",
80004694,mul,s4:00000000,,03e88a33,3,"mul	x20,x17,x30","s4,a7,t5",
80004698,or,t4:00000000,,01086eb3,3,"or	x29,x16,x16","t4,a6,a6",
8000469c,srli,s10:00001fff,,01235d13,3,"srli	x26,x6,0x12","s10,t1,0x12",
800046a0,sub,t2:00000000,,410d83b3,3,"sub	x7,x27,x16","t2,s11,a6",
800046a4,divu,s5:ffffffff,,03525ab3,3,"divu	x21,x4,x21","s5,tp,s5",
800046a8,fsub.s,fs4:7fc00000,,08373a53,3,"fsub.s	f20,f14,f3","fs4,fa4,ft3",
800046ac,xori,a0:00000403,,4036c513,3,"xori	x10,x13,1027","a0,a3,1027",
800046b0,xor,s5:40000001,,016ccab3,3,"xor	x21,x25,x22","s5,s9,s6",
800046b4,sll,s9:24a34b90,,01999cb3,3,"sll	x25,x19,x25","s9,s3,s9",
800046b8,feq.s,t2:00000000,,a12d23d3,3,"feq.s	x7,f26,f18","t2,fs10,fs2",
800046bc,feq.s,a3:00000000,,a0eea6d3,3,"feq.s	x13,f29,f14","a3,ft9,fa4",
800046c0,slti,t1:00000000,,3d552313,3,"slti	x6,x10,981","t1,a0,981",
800046c4,feq.s,tp:00000000,,a1f32253,3,"feq.s	x4,f6,f31","tp,ft6,ft11",
800046c8,srl,a4:00000000,,00e7d733,3,"srl	x14,x15,x14","a4,a5,a4",
800046cc,fadd.s,ft8:4ed2c780,,00d3fe53,3,"fadd.s	f28,f7,f13","ft8,ft7,fa3",
800046d0,slli,s5:00000000,,00b31a93,3,"slli	x21,x6,0xb","s5,t1,0xb",
800046d4,fdiv.s,fs4:7fc00000,,19ba4a53,3,"fdiv.s	f20,f20,f27","fs4,fs4,fs11",
800046d8,xor,a5:ffffff80,,01cac7b3,3,"xor	x15,x21,x28","a5,s5,t3",
800046dc,feq.s,a7:00000001,,a15828d3,3,"feq.s	x17,f16,f21","a7,fa6,fs5",
800046e0,slli,s4:00080000,,01389a13,3,"slli	x20,x17,0x13","s4,a7,0x13",
800046e4,fadd.s,ft1:ff800000,,008d40d3,3,"fadd.s	f1,f26,f8","ft1,fs10,fs0",
800046e8,mulhsu,a5:00000000,,03f3a7b3,3,"mulhsu	x15,x7,x31","a5,t2,t6",
800046ec,fcvt.w.s,a4:7fffffff,,c00a7753,3,"fcvt.w.s	x14,f20","a4,fs4",
800046f0,and,a3:00000000,,0169f6b3,3,"and	x13,x19,x22","a3,s3,s6",
800046f4,fsgnjx.s,ft7:00000000,,204523d3,3,"fsgnjx.s	f7,f10,f4","ft7,fa0,ft4",
800046f8,ori,tp:fffffc77,,c772e213,3,"ori	x4,x5,-905","tp,t0,-905",
800046fc,rem,s8:ffffff80,,02ae6c33,3,"rem	x24,x28,x10","s8,t3,a0",
80004700,slt,a4:00000000,,007ea733,3,"slt	x14,x29,x7","a4,t4,t2",
80004704,fmax.s,fs10:4ed2c780,,28d19d53,3,"fmax.s	f26,f3,f13","fs10,ft3,fa3",
80004708,fmul.s,fa3:80000000,,11df76d3,3,"fmul.s	f13,f30,f29","fa3,ft10,ft9",
8000470c,fsgnj.s,ft10:00000000,,200f0f53,3,"fsgnj.s	f30,f30,f0","ft10,ft10,ft0",
80004710,andi,s7:00000000,,abe8fb93,3,"andi	x23,x17,-1346","s7,a7,-1346",
80004714,srl,gp:f7506410,,00e5d1b3,3,"srl	x3,x11,x14","gp,a1,a4",
80004718,xor,t5:00000000,,00734f33,3,"xor	x30,x6,x7","t5,t1,t2",
8000471c,ori,ra:fffffaa2,,aa2be093,3,"ori	x1,x23,-1374","ra,s7,-1374",
80004720,xori,t3:00000650,,a2724e13,3,"xori	x28,x4,-1497","t3,tp,-1497",
80004724,slti,s11:00000000,,f3af2d93,3,"slti	x27,x30,-198","s11,t5,-198",
80004728,ori,a4:fffff963,,96396713,3,"ori	x14,x18,-1693","a4,s2,-1693",
8000472c,ori,a0:fffffdf1,,df08e513,3,"ori	x10,x17,-528","a0,a7,-528",
80004730,fsub.s,fa5:7fc00000,,0991f7d3,3,"fsub.s	f15,f3,f25","fa5,ft3,fs9",
80004734,mulhu,t2:00000000,,0317b3b3,3,"mulhu	x7,x15,x17","t2,a5,a7",
80004738,sll,s5:00000000,,01369ab3,3,"sll	x21,x13,x19","s5,a3,s3",
8000473c,fclass.s,sp:00000040,,e0019153,3,"fclass.s	x2,f3","sp,ft3",
80004740,fcvt.w.s,a0:00000000,,c00af553,3,"fcvt.w.s	x10,f21","a0,fs5",
80004744,sll,s11:ff800000,,01cc1db3,3,"sll	x27,x24,x28","s11,s8,t3",
80004748,flt.s,t1:00000001,,a0649353,3,"flt.s	x6,f9,f6","t1,fs1,ft6",
8000474c,slt,s11:00000000,,01aa2db3,3,"slt	x27,x20,x26","s11,s4,s10",
80004750,fmul.s,ft11:7fc00000,,1195ffd3,3,"fmul.s	f31,f11,f25","ft11,fa1,fs9",
80004754,slli,a2:00000040,,00689613,3,"slli	x12,x17,0x6","a2,a7,0x6",
80004758,fcvt.wu.s,a3:ffffffff,,c017c6d3,3,"fcvt.wu.s	x13,f15","a3,fa5",
8000475c,mulhsu,s11:00000000,,03ca2db3,3,"mulhsu	x27,x20,x28","s11,s4,t3",
80004760,flt.s,s0:00000001,,a0909453,3,"flt.s	x8,f1,f9","s0,ft1,fs1",
80004764,srl,a2:0000ffff,,019c5633,3,"srl	x12,x24,x25","a2,s8,s9",
80004768,fclass.s,s5:00000001,,e0059ad3,3,"fclass.s	x21,f11","s5,fa1",
8000476c,fcvt.w.s,s5:00000000,,c0027ad3,3,"fcvt.w.s	x21,f4","s5,ft4",
80004770,fsub.s,fa5:7fc00000,,089777d3,3,"fsub.s	f15,f14,f9","fa5,fa4,fs1",
80004774,xori,t3:000000a3,,cd424e13,3,"xori	x28,x4,-812","t3,tp,-812",
80004778,remu,a2:7ffbf01b,,0296f633,3,"remu	x12,x13,x9","a2,a3,s1",
8000477c,srai,s0:00000000,,4178d413,3,"srai	x8,x17,0x17","s0,a7,0x17",
80004780,fmv.w.x,fs4:f7506410,,f0058a53,3,"fmv.w.x	f20,x11","fs4,a1",
80004784,srai,s5:00000000,,41155a93,3,"srai	x21,x10,0x11","s5,a0,0x11",
80004788,divu,s7:ffffffff,,03bfdbb3,3,"divu	x23,x31,x27","s7,t6,s11",
8000478c,mul,t5:00000000,,02ff0f33,3,"mul	x30,x30,x15","t5,t5,a5",
80004790,lui,a2:ca0cc000,,ca0cc637,3,"lui	x12,0xca0cc","a2,0xca0cc",
80004794,slli,s4:00000200,,00991a13,3,"slli	x20,x18,0x9","s4,s2,0x9",
80004798,slli,t1:00146000,,00de1313,3,"slli	x6,x28,0xd","t1,t3,0xd",
8000479c,sll,t4:f7506410,,01819eb3,3,"sll	x29,x3,x24","t4,gp,s8",
800047a0,srl,t5:00000000,,01b55f33,3,"srl	x30,x10,x27","t5,a0,s11",
800047a4,ori,s3:f7506518,,1181e993,3,"ori	x19,x3,280","s3,gp,280",
800047a8,mulhu,a2:00000000,,0272b633,3,"mulhu	x12,x5,x7","a2,t0,t2",
800047ac,add,a3:80040fe4,,009406b3,3,"add	x13,x8,x9","a3,s0,s1",
800047b0,xor,a4:00000000,,01f7c733,3,"xor	x14,x15,x31","a4,a5,t6",
800047b4,remu,s10:000000a3,,02ce7d33,3,"remu	x26,x28,x12","s10,t3,a2",
800047b8,mul,s8:00000000,,02808c33,3,"mul	x24,x1,x8","s8,ra,s0",
800047bc,remu,t3:00000190,,034cfe33,3,"remu	x28,x25,x20","t3,s9,s4",
800047c0,fdiv.s,fs5:4a23767d,,186e7ad3,3,"fdiv.s	f21,f28,f6","fs5,ft8,ft6",
800047c4,mulh,s7:ffffffff,,02489bb3,3,"mulh	x23,x17,x4","s7,a7,tp",
800047c8,fsgnjn.s,fs0:80000000,,20769453,3,"fsgnjn.s	f8,f13,f7","fs0,fa3,ft7",
800047cc,fsub.s,fa4:80000000,,09ef4753,3,"fsub.s	f14,f30,f30","fa4,ft10,ft10",
800047d0,auipc,s6:460987d0,,c6094b17,3,"auipc	x22,0xc6094","s6,0xc6094",
800047d4,xori,a4:00000660,,66194713,3,"xori	x14,x18,1633","a4,s2,1633",
800047d8,fle.s,a7:00000000,,a02308d3,3,"fle.s	x17,f6,f2","a7,ft6,ft2",
800047dc,fcvt.wu.s,s6:00000000,,c0103b53,3,"fcvt.wu.s	x22,f0","s6,ft0",
800047e0,srl,s8:000024a3,,019cdc33,3,"srl	x24,x25,x25","s8,s9,s9",
800047e4,srli,t2:00000000,,01c15393,3,"srli	x7,x2,0x1c","t2,sp,0x1c",
800047e8,srl,a7:00000200,,010a58b3,3,"srl	x17,x20,x16","a7,s4,a6",
800047ec,auipc,s7:e9e887ec,,69e84b97,3,"auipc	x23,0x69e84","s7,0x69e84",
800047f0,lui,t1:6dd9d000,,6dd9d337,3,"lui	x6,0x6dd9d","t1,0x6dd9d",
800047f4,slli,s0:00000000,,013a9413,3,"slli	x8,x21,0x13","s0,s5,0x13",
800047f8,divu,s5:00000000,,02b15ab3,3,"divu	x21,x2,x11","s5,sp,a1",
800047fc,auipc,s2:4d4ea7fc,,cd4e6917,3,"auipc	x18,0xcd4e6","s2,0xcd4e6",
80004800,ori,a4:0000025c,,25c7e713,3,"ori	x14,x15,604","a4,a5,604",
80004804,or,s2:fffffdf7,,01c26933,3,"or	x18,x4,x28","s2,tp,t3",
80004808,fcvt.s.wu,fa6:4f775065,,d019f853,3,"fcvt.s.wu	f16,x19","fa6,s3",
80004810,fmin.s,ft2:00000000,,282d0153,3,"fmin.s	f2,f26,f2","ft2,fs10,ft2",
80004814,feq.s,a3:00000000,,a0baa6d3,3,"feq.s	x13,f21,f11","a3,fs5,fa1",
80004818,slti,s3:00000000,,9c8aa993,3,"slti	x19,x21,-1592","s3,s5,-1592",
8000481c,srl,a0:3dd41904,,0011d533,3,"srl	x10,x3,x1","a0,gp,ra",
80004820,lui,s4:188d3000,,188d3a37,3,"lui	x20,0x188d3","s4,0x188d3",
80004824,fsqrt.s,ft1:7fc00000,,580cf0d3,3,"fsqrt.s	f1,f25","ft1,fs9",
80004828,fcvt.s.w,fa5:44170000,,d00777d3,3,"fcvt.s.w	f15,x14","fa5,a4",
8000482c,slt,s5:00000001,,019faab3,3,"slt	x21,x31,x25","s5,t6,s9",
80004830,feq.s,s10:00000000,,a044ad53,3,"feq.s	x26,f9,f4","s10,fs1,ft4",
80004834,and,s5:00000000,,01207ab3,3,"and	x21,x0,x18","s5,zero,s2",
80004838,slti,s3:00000000,,05c8a993,3,"slti	x19,x17,92","s3,a7,92",
8000483c,auipc,gp:0d10483c,,8d100197,3,"auipc	x3,0x8d100","gp,0x8d100",
80004840,fcvt.wu.s,gp:6963c000,,c01e41d3,3,"fcvt.wu.s	x3,f28","gp,ft8",
80004844,auipc,s0:4eee9844,,ceee5417,3,"auipc	x8,0xceee5","s0,0xceee5",
80004848,srai,gp:fffffffe,,41bed193,3,"srai	x3,x29,0x1b","gp,t4,0x1b",
8000484c,div,gp:ffffffff,,027241b3,3,"div	x3,x4,x7","gp,tp,t2",
80004850,mulhu,s7:00000000,,03f7bbb3,3,"mulhu	x23,x15,x31","s7,a5,t6",
80004854,feq.s,s7:00000001,,a096abd3,3,"feq.s	x23,f13,f9","s7,fa3,fs1",
80004858,slt,sp:00000001,,0197a133,3,"slt	x2,x15,x25","sp,a5,s9",
8000485c,srl,s10:188d3000,,00da5d33,3,"srl	x26,x20,x13","s10,s4,a3",
80004860,or,sp:0000025c,,01176133,3,"or	x2,x14,x17","sp,a4,a7",
80004864,fsub.s,fs1:80000000,,0893f4d3,3,"fsub.s	f9,f7,f9","fs1,ft7,fs1",
80004868,srli,s10:00004002,,0112dd13,3,"srli	x26,x5,0x11","s10,t0,0x11",
8000486c,fmv.w.x,ft3:00000000,,f00681d3,3,"fmv.w.x	f3,x13","ft3,a3",
80004870,divu,a7:ffffffff,,02d358b3,3,"divu	x17,x6,x13","a7,t1,a3",
80004874,sub,s7:7ffbec93,,40920bb3,3,"sub	x23,x4,x9","s7,tp,s1",
80004878,flt.s,s6:00000000,,a00f1b53,3,"flt.s	x22,f30,f0","s6,ft10,ft0",
8000487c,fcvt.wu.s,a0:00000002,,c01b7553,3,"fcvt.wu.s	x10,f22","a0,fs6",
80004880,andi,a6:00000000,,5517f813,3,"andi	x16,x15,1361","a6,a5,1361",
80004884,mulhsu,s7:00000000,,020f2bb3,3,"mulhsu	x23,x30,x0","s7,t5,zero",
80004888,remu,s2:0a7c1fff,,0348f933,3,"remu	x18,x17,x20","s2,a7,s4",
8000488c,fmv.x.w,t3:00000000,,e0018e53,3,"fmv.x.w	x28,f3","t3,ft3",
80004890,fsgnjn.s,fs10:80000000,,20149d53,3,"fsgnjn.s	f26,f9,f1","fs10,fs1,ft1",
80004894,lui,s2:f04d1000,,f04d1937,3,"lui	x18,0xf04d1","s2,0xf04d1",
80004898,fsub.s,ft3:7fc00000,,08dcc1d3,3,"fsub.s	f3,f25,f13","ft3,fs9,fa3",
8000489c,slti,a0:00000000,,edcda513,3,"slti	x10,x27,-292","a0,s11,-292",
800048a0,sltiu,a6:00000001,,b3aeb813,3,"sltiu	x16,x29,-1222","a6,t4,-1222",
800048a4,mul,a6:00000000,,026f8833,3,"mul	x16,x31,x6","a6,t6,t1",
800048a8,remu,tp:24a34b90,,037cf233,3,"remu	x4,x25,x23","tp,s9,s7",
800048ac,fsub.s,ft1:7fc00000,,085bf0d3,3,"fsub.s	f1,f23,f5","ft1,fs7,ft5",
800048b0,fsgnjn.s,ft10:80000000,,21f89f53,3,"fsgnjn.s	f30,f17,f31","ft10,fa7,ft11",
800048b4,fmv.w.x,ft11:00000000,,f00e0fd3,3,"fmv.w.x	f31,x28","ft11,t3",
800048b8,feq.s,a2:00000001,,a0e02653,3,"feq.s	x12,f0,f14","a2,ft0,fa4",
800048bc,fcvt.s.w,ft11:4e128d2e,,d0027fd3,3,"fcvt.s.w	f31,x4","ft11,tp",
800048c0,fsgnjx.s,fa6:7fc00000,,20f0a853,3,"fsgnjx.s	f16,f1,f15","fa6,ft1,fa5",
800048c4,fmv.x.w,t2:80000000,,e00f03d3,3,"fmv.x.w	x7,f30","t2,ft10",
800048c8,remu,a3:00000000,,038bf6b3,3,"remu	x13,x23,x24","a3,s7,s8",
800048cc,remu,a0:00000000,,02b07533,3,"remu	x10,x0,x11","a0,zero,a1",
800048d4,sub,tp:f7506411,,411e8233,3,"sub	x4,x29,x17","tp,t4,a7",
800048d8,sub,t6:f7506411,,41520fb3,3,"sub	x31,x4,x21","t6,tp,s5",
800048dc,divu,a4:ffffffff,,03795733,3,"divu	x14,x18,x23","a4,s2,s7",
800048e0,srai,s3:ffffffff,,40d8d993,3,"srai	x19,x17,0xd","s3,a7,0xd",
800048e4,div,a7:00000000,,029048b3,3,"div	x17,x0,x9","a7,zero,s1",
800048e8,slt,s6:00000000,,01f7ab33,3,"slt	x22,x15,x31","s6,a5,t6",
800048ec,fmv.x.w,t1:80000000,,e0068353,3,"fmv.x.w	x6,f13","t1,fa3",
800048f0,feq.s,s8:00000001,,a026ac53,3,"feq.s	x24,f13,f2","s8,fa3,ft2",
800048f4,remu,s4:00004002,,021d7a33,3,"remu	x20,x26,x1","s4,s10,ra",
800048f8,flt.s,ra:00000001,,a04590d3,3,"flt.s	x1,f11,f4","ra,fa1,ft4",
800048fc,fcvt.s.w,fa4:cd0af9bf,,d00eb753,3,"fcvt.s.w	f14,x29","fa4,t4",
80004900,fadd.s,fa2:7fc00000,,0196b653,3,"fadd.s	f12,f13,f25","fa2,fa3,fs9",
80004904,fmax.s,fs5:4e128d2e,,292f9ad3,3,"fmax.s	f21,f31,f18","fs5,ft11,fs2",
80004908,fmv.x.w,t5:44170000,,e0078f53,3,"fmv.x.w	x30,f15","t5,fa5",
8000490c,fmul.s,ft4:5a96e46c,,10e77253,3,"fmul.s	f4,f14,f14","ft4,fa4,fa4",
80004910,and,s3:00000000,,00d5f9b3,3,"and	x19,x11,x13","s3,a1,a3",
80004914,fmv.w.x,fs2:00000000,,f0078953,3,"fmv.w.x	f18,x15","fs2,a5",
80004918,divu,s10:ffffffff,,03175d33,3,"divu	x26,x14,x17","s10,a4,a7",
8000491c,sll,ra:00000000,,002390b3,3,"sll	x1,x7,x2","ra,t2,sp",
80004920,slti,t6:00000001,,483eaf93,3,"slti	x31,x29,1155","t6,t4,1155",
80004924,mul,t3:80000000,,03838e33,3,"mul	x28,x7,x24","t3,t2,s8",
80004928,srai,t4:00000000,,410c5e93,3,"srai	x29,x24,0x10","t4,s8,0x10",
8000492c,srl,tp:00000000,,00e65233,3,"srl	x4,x12,x14","tp,a2,a4",
80004930,slt,tp:00000000,,00a22233,3,"slt	x4,x4,x10","tp,tp,a0",
80004934,fmin.s,ft7:ff800000,,29dc03d3,3,"fmin.s	f7,f24,f29","ft7,fs8,ft9",
80004938,sll,s0:fffffff0,,00971433,3,"sll	x8,x14,x9","s0,a4,s1",
8000493c,sll,tp:00000001,,013c1233,3,"sll	x4,x24,x19","tp,s8,s3",
80004940,addi,t1:fffffc34,,c3570313,3,"addi	x6,x14,-971","t1,a4,-971",
80004944,divu,gp:00000000,,03e6d1b3,3,"divu	x3,x13,x30","gp,a3,t5",
80004948,rem,s11:00000000,,02c46db3,3,"rem	x27,x8,x12","s11,s0,a2",
8000494c,fadd.s,fs6:7fc00000,,01e1fb53,3,"fadd.s	f22,f3,f30","fs6,ft3,ft10",
80004950,mulh,s3:00000000,,024b19b3,3,"mulh	x19,x22,x4","s3,s6,tp",
80004954,fsgnj.s,fa3:80000000,,20d406d3,3,"fsgnj.s	f13,f8,f13","fa3,fs0,fa3",
80004958,flt.s,t6:00000000,,a0289fd3,3,"flt.s	x31,f17,f2","t6,fa7,ft2",
8000495c,slt,a5:00000000,,007d27b3,3,"slt	x15,x26,x7","a5,s10,t2",
80004960,fmv.x.w,t1:7fc00000,,e0060353,3,"fmv.x.w	x6,f12","t1,fa2",
80004964,slti,tp:00000000,,f83f2213,3,"slti	x4,x30,-125","tp,t5,-125",
80004968,sll,s8:00000000,,00501c33,3,"sll	x24,x0,x5","s8,zero,t0",
8000496c,fsub.s,fs11:da96e46c,,084f3dd3,3,"fsub.s	f27,f30,f4","fs11,ft10,ft4",
80004970,fsqrt.s,ft3:80000000,,5802a1d3,3,"fsqrt.s	f3,f5","ft3,ft5",
80004974,sltu,s3:00000001,,00e339b3,3,"sltu	x19,x6,x14","s3,t1,a4",
80004978,sra,a5:00000000,,4040d7b3,3,"sra	x15,x1,x4","a5,ra,tp",
8000497c,xori,t1:000007cf,,7ce9c313,3,"xori	x6,x19,1998","t1,s3,1998",
80004980,fsub.s,fs4:00000000,,08d93a53,3,"fsub.s	f20,f18,f13","fs4,fs2,fa3",
80004984,add,s10:f04d1000,,01190d33,3,"add	x26,x18,x17","s10,s2,a7",
80004988,rem,t3:44170000,,037f6e33,3,"rem	x28,x30,x23","t3,t5,s7",
8000498c,feq.s,gp:00000000,,a1cfa1d3,3,"feq.s	x3,f31,f28","gp,ft11,ft8",
80004990,slti,s2:00000001,,c162a913,3,"slti	x18,x5,-1002","s2,t0,-1002",
80004994,mulh,ra:fbd30f2c,,03ed10b3,3,"mulh	x1,x26,x30","ra,s10,t5",
80004998,feq.s,s4:00000000,,a0b2aa53,3,"feq.s	x20,f5,f11","s4,ft5,fa1",
8000499c,fmv.w.x,ft5:00000000,,f00182d3,3,"fmv.w.x	f5,x3","ft5,gp",
800049a0,flt.s,tp:00000000,,a0a21253,3,"flt.s	x4,f4,f10","tp,ft4,fa0",
800049a4,add,s9:00000000,,016a0cb3,3,"add	x25,x20,x22","s9,s4,s6",
800049a8,addi,s11:fffffe37,,bdb10d93,3,"addi	x27,x2,-1061","s11,sp,-1061",
800049ac,mulhu,t4:00000000,,02abbeb3,3,"mulhu	x29,x23,x10","t4,s7,a0",
800049b0,fsqrt.s,ft3:7fc00000,,5805f1d3,3,"fsqrt.s	f3,f11","ft3,fa1",
800049b8,fmul.s,fs1:80000000,,114774d3,3,"fmul.s	f9,f14,f20","fs1,fa4,fs4",
800049bc,fcvt.s.wu,fa5:3f800000,,d01977d3,3,"fcvt.s.wu	f15,x18","fa5,s2",
800049c0,add,a4:44170000,,011f0733,3,"add	x14,x30,x17","a4,t5,a7",
800049c8,mulhu,t1:00000000,,0388b333,3,"mulhu	x6,x17,x24","t1,a7,s8",
800049cc,divu,s4:ffffffff,,02ae5a33,3,"divu	x20,x28,x10","s4,t3,a0",
800049d0,sra,s8:00000000,,40385c33,3,"sra	x24,x16,x3","s8,a6,gp",
800049d4,and,tp:00000000,,0029f233,3,"and	x4,x19,x2","tp,s3,sp",
800049d8,sltu,s10:00000000,,00093d33,3,"sltu	x26,x18,x0","s10,s2,zero",
800049dc,div,tp:00000000,,03404233,3,"div	x4,x0,x20","tp,zero,s4",
800049e0,fsqrt.s,fs4:464f40ac,,580afa53,3,"fsqrt.s	f20,f21","fs4,fs5",
800049e4,lui,t5:42784000,,42784f37,3,"lui	x30,0x42784","t5,0x42784",
800049e8,feq.s,a2:00000000,,a0aaa653,3,"feq.s	x12,f21,f10","a2,fs5,fa0",
800049ec,remu,a4:fbd30f2c,,0240f733,3,"remu	x14,x1,x4","a4,ra,tp",
800049f0,sltiu,s9:00000001,,16553c93,3,"sltiu	x25,x10,357","s9,a0,357",
800049fc,remu,t3:00000000,,020b7e33,3,"remu	x28,x22,x0","t3,s6,zero",
80004a00,fadd.s,fs11:7fc00000,,01901dd3,3,"fadd.s	f27,f0,f25","fs11,ft0,fs9",
80004a04,mul,s11:00000000,,020e8db3,3,"mul	x27,x29,x0","s11,t4,zero",
80004a08,or,a2:0000025c,,002c6633,3,"or	x12,x24,x2","a2,s8,sp",
80004a0c,fcvt.w.s,t4:80000000,,c005ced3,3,"fcvt.w.s	x29,f11","t4,fa1",
80004a10,fcvt.wu.s,tp:00000000,,c019f253,3,"fcvt.wu.s	x4,f19","tp,fs3",
80004a14,fmv.w.x,fs4:80041024,,f0028a53,3,"fmv.w.x	f20,x5","fs4,t0",
80004a18,andi,a4:00000000,,4b907713,3,"andi	x14,x0,1209","a4,zero,1209",
80004a1c,sll,t1:fffffff0,,01041333,3,"sll	x6,x8,x16","t1,s0,a6",
80004a20,fclass.s,s0:00000010,,e0029453,3,"fclass.s	x8,f5","s0,ft5",
80004a24,add,s6:00000000,,01700b33,3,"add	x22,x0,x23","s6,zero,s7",
80004a28,mulhsu,s0:00000000,,02aca433,3,"mulhsu	x8,x25,x10","s0,s9,a0",
80004a2c,feq.s,gp:00000000,,a0a621d3,3,"feq.s	x3,f12,f10","gp,fa2,fa0",
80004a30,feq.s,t3:00000000,,a0e7ae53,3,"feq.s	x28,f15,f14","t3,fa5,fa4",
80004a34,mul,ra:00000000,,033000b3,3,"mul	x1,x0,x19","ra,zero,s3",
80004a38,rem,s9:00000000,,03d86cb3,3,"rem	x25,x16,x29","s9,a6,t4",
80004a40,ori,a3:fffffff5,,0a536693,3,"ori	x13,x6,165","a3,t1,165",
80004a44,lui,s2:24f84000,,24f84937,3,"lui	x18,0x24f84","s2,0x24f84",
80004a48,fsgnjx.s,ft4:80041024,,206a2253,3,"fsgnjx.s	f4,f20,f6","ft4,fs4,ft6",
80004a4c,sltu,a7:00000000,,0184b8b3,3,"sltu	x17,x9,x24","a7,s1,s8",
80004a50,fsub.s,fs4:3f800000,,08d7ba53,3,"fsub.s	f20,f15,f13","fs4,fa5,fa3",
80004a54,fsub.s,ft8:7f800000,,08be7e53,3,"fsub.s	f28,f28,f11","ft8,ft8,fa1",
80004a58,and,t3:00000000,,0030fe33,3,"and	x28,x1,x3","t3,ra,gp",
80004a5c,fadd.s,ft1:7fc00000,,018620d3,3,"fadd.s	f1,f12,f24","ft1,fa2,fs8",
80004a60,and,t1:00000000,,019ff333,3,"and	x6,x31,x25","t1,t6,s9",
80004a64,fmv.x.w,sp:00000000,,e0010153,3,"fmv.x.w	x2,f2","sp,ft2",
80004a68,srl,s3:00000000,,01ae59b3,3,"srl	x19,x28,x26","s3,t3,s10",
80004a70,srl,a0:00000000,,0189d533,3,"srl	x10,x19,x24","a0,s3,s8",
80004a74,fsqrt.s,ft1:7fc00000,,5805f0d3,3,"fsqrt.s	f1,f11","ft1,fa1",
80004a78,remu,s11:00000000,,022afdb3,3,"remu	x27,x21,x2","s11,s5,sp",
80004a7c,sltu,a6:00000000,,00e23833,3,"sltu	x16,x4,x14","a6,tp,a4",
80004a80,add,t6:00000000,,01970fb3,3,"add	x31,x14,x25","t6,a4,s9",
80004a88,fadd.s,fa0:7fc00000,,00c8b553,3,"fadd.s	f10,f17,f12","fa0,fa7,fa2",
80004a8c,slti,a0:00000001,,03ac2513,3,"slti	x10,x24,58","a0,s8,58",
80004a90,xori,t6:00000639,,639b4f93,3,"xori	x31,x22,1593","t6,s6,1593",
80004a94,divu,t3:00000003,,032ede33,3,"divu	x28,x29,x18","t3,t4,s2",
80004a9c,fle.s,t2:00000000,,a1cb03d3,3,"fle.s	x7,f22,f28","t2,fs6,ft8",
80004aa0,andi,tp:00000000,,cfa47213,3,"andi	x4,x8,-774","tp,s0,-774",
80004aa4,slti,s8:00000000,,cf742c13,3,"slti	x24,x8,-777","s8,s0,-777",
80004aa8,xor,s5:80040fe4,,0104cab3,3,"xor	x21,x9,x16","s5,s1,a6",
80004aac,fle.s,s4:00000000,,a03c8a53,3,"fle.s	x20,f25,f3","s4,fs9,ft3",
80004ab0,flt.s,s0:00000000,,a1e61453,3,"flt.s	x8,f12,f30","s0,fa2,ft10",
80004ab4,fadd.s,fs9:7fc00000,,0071fcd3,3,"fadd.s	f25,f3,f7","fs9,ft3,ft7",
80004ab8,fmul.s,fa5:7fc00000,,1198f7d3,3,"fmul.s	f15,f17,f25","fa5,fa7,fs9",
80004abc,auipc,s7:7e8d1abc,,fe8cdb97,3,"auipc	x23,0xfe8cd","s7,0xfe8cd",
80004ac0,fmin.s,fs5:00000000,,285b0ad3,3,"fmin.s	f21,f22,f5","fs5,fs6,ft5",
80004ac4,feq.s,t3:00000000,,a0162e53,3,"feq.s	x28,f12,f1","t3,fa2,ft1",
80004ac8,sub,s4:00000000,,408d8a33,3,"sub	x20,x27,x8","s4,s11,s0",
80004acc,mulh,a5:c0bb74d1,,025b97b3,3,"mulh	x15,x23,x5","a5,s7,t0",
80004ad0,fclass.s,t6:00000200,,e00b9fd3,3,"fclass.s	x31,f23","t6,fs7",
80004ad4,xori,s2:7ffbeb64,,b402c913,3,"xori	x18,x5,-1216","s2,t0,-1216",
80004ad8,fsgnjn.s,fs4:ffc00000,,20fc9a53,3,"fsgnjn.s	f20,f25,f15","fs4,fs9,fa5",
80004adc,srl,s7:80040fe4,,007adbb3,3,"srl	x23,x21,x7","s7,s5,t2",
80004ae0,fsub.s,fs3:ce9ba763,,086ef9d3,3,"fsub.s	f19,f29,f6","fs3,ft9,ft6",
80004ae4,xori,s0:8004107b,,b1f94413,3,"xori	x8,x18,-1249","s0,s2,-1249",
80004ae8,fmul.s,ft3:7fc00000,,113821d3,3,"fmul.s	f3,f16,f19","ft3,fa6,fs3",
80004aec,srai,s10:00000000,,401d5d13,3,"srai	x26,x26,0x1","s10,s10,0x1",
80004af0,fsub.s,fs0:ce9ba763,,0899b453,3,"fsub.s	f8,f19,f9","fs0,fs3,fs1",
80004af4,fsub.s,fs6:00000000,,08bc7b53,3,"fsub.s	f22,f24,f11","fs6,fs8,fa1",
80004af8,slli,ra:01040900,,00629093,3,"slli	x1,x5,0x6","ra,t0,0x6",
80004afc,fmin.s,fs10:ff800000,,28f58d53,3,"fmin.s	f26,f11,f15","fs10,fa1,fa5",
80004b00,and,s8:c0bb74d1,,00d7fc33,3,"and	x24,x15,x13","s8,a5,a3",
80004b04,fdiv.s,fs7:7fc00000,,181b1bd3,3,"fdiv.s	f23,f22,f1","fs7,fs6,ft1",
80004b08,mulh,a3:00000000,,03ed16b3,3,"mulh	x13,x26,x30","a3,s10,t5",
80004b0c,fsqrt.s,fs0:7fc00000,,5807f453,3,"fsqrt.s	f8,f15","fs0,fa5",
80004b10,fsgnjx.s,ft5:7fc00000,,2057a2d3,3,"fsgnjx.s	f5,f15,f5","ft5,fa5,ft5",
80004b14,and,a5:00000001,,00ac77b3,3,"and	x15,x24,x10","a5,s8,a0",
80004b18,sltu,a6:00000000,,00053833,3,"sltu	x16,x10,x0","a6,a0,zero",
80004b1c,fmv.w.x,fa7:00000000,,f00308d3,3,"fmv.w.x	f17,x6","fa7,t1",
80004b20,xor,s0:00000000,,01634433,3,"xor	x8,x6,x22","s0,t1,s6",
80004b24,slt,s11:00000000,,003b2db3,3,"slt	x27,x22,x3","s11,s6,gp",
80004b28,addi,a4:c0bb769d,,1ccc0713,3,"addi	x14,x24,460","a4,s8,460",
80004b2c,divu,s2:ffffffff,,0235d933,3,"divu	x18,x11,x3","s2,a1,gp",
80004b30,fmv.w.x,fs7:00000000,,f0068bd3,3,"fmv.w.x	f23,x13","fs7,a3",
80004b34,and,a6:00000000,,0036f833,3,"and	x16,x13,x3","a6,a3,gp",
80004b38,fsgnjx.s,ft3:ff800000,,216c21d3,3,"fsgnjx.s	f3,f24,f22","ft3,fs8,fs6",
80004b3c,addi,a7:0000012c,,12c80893,3,"addi	x17,x16,300","a7,a6,300",
80004b40,slli,t2:08204800,,00309393,3,"slli	x7,x1,0x3","t2,ra,0x3",
80004b44,fsqrt.s,fs6:7fc00000,,5807fb53,3,"fsqrt.s	f22,f15","fs6,fa5",
80004b48,fsgnj.s,fs5:ffc00000,,21e28ad3,3,"fsgnj.s	f21,f5,f30","fs5,ft5,ft10",
80004b4c,remu,s3:00000000,,028379b3,3,"remu	x19,x6,x8","s3,t1,s0",
80004b50,fcvt.wu.s,s2:ffffffff,,c01e7953,3,"fcvt.wu.s	x18,f28","s2,ft8",
80004b54,andi,t6:80041000,,a882ff93,3,"andi	x31,x5,-1400","t6,t0,-1400",
80004b58,fmax.s,fa2:00000000,,28009653,3,"fmax.s	f12,f1,f0","fa2,ft1,ft0",
80004b5c,add,s7:7fffffff,,012e8bb3,3,"add	x23,x29,x18","s7,t4,s2",
80004b60,mul,t1:00000000,,02818333,3,"mul	x6,x3,x8","t1,gp,s0",
80004b64,remu,t2:08204800,,0373f3b3,3,"remu	x7,x7,x23","t2,t2,s7",
80004b68,or,s10:08204800,,01c3ed33,3,"or	x26,x7,x28","s10,t2,t3",
80004b6c,fsgnj.s,fs4:ffc00000,,213b0a53,3,"fsgnj.s	f20,f22,f19","fs4,fs6,fs3",
80004b70,feq.s,t1:00000000,,a1f1a353,3,"feq.s	x6,f3,f31","t1,ft3,ft11",
80004b74,sra,t3:00000000,,418b5e33,3,"sra	x28,x22,x24","t3,s6,s8",
80004b78,slt,ra:00000000,,01d9a0b3,3,"slt	x1,x19,x29","ra,s3,t4",
80004b7c,fle.s,a0:00000001,,a1358553,3,"fle.s	x10,f11,f19","a0,fa1,fs3",
80004b80,addi,s8:fffffd6a,,d6950c13,3,"addi	x24,x10,-663","s8,a0,-663",
80004b84,fdiv.s,fs8:80000000,,19a97c53,3,"fdiv.s	f24,f18,f26","fs8,fs2,fs10",
80004b88,sll,s4:00000000,,01269a33,3,"sll	x20,x13,x18","s4,a3,s2",
80004b8c,mul,ra:00000000,,03e400b3,3,"mul	x1,x8,x30","ra,s0,t5",
80004b90,sub,a4:00000000,,40240733,3,"sub	x14,x8,x2","a4,s0,sp",
80004b94,xori,s11:00000390,,390ccd93,3,"xori	x27,x25,912","s11,s9,912",
80004b98,srli,gp:000000f7,,0185d193,3,"srli	x3,x11,0x18","gp,a1,0x18",
80004b9c,srl,ra:80000000,,007ed0b3,3,"srl	x1,x29,x7","ra,t4,t2",
80004ba0,slli,a0:00000000,,01669513,3,"slli	x10,x13,0x16","a0,a3,0x16",
80004ba4,fcvt.s.wu,fa4:00000000,,d0102753,3,"fcvt.s.wu	f14,x0","fa4,zero",
80004ba8,fcvt.s.wu,ft4:4f800000,,d0194253,3,"fcvt.s.wu	f4,x18","ft4,s2",
80004bac,remu,a2:00000130,,02c0f633,3,"remu	x12,x1,x12","a2,ra,a2",
80004bb0,sltu,s11:00000001,,00b73db3,3,"sltu	x27,x14,x11","s11,a4,a1",
80004bb4,divu,s2:ffffffff,,030c5933,3,"divu	x18,x24,x16","s2,s8,a6",
80004bb8,fadd.s,ft5:7fc00000,,00da32d3,3,"fadd.s	f5,f20,f13","ft5,fs4,fa3",
80004bbc,mulhu,a2:00000000,,02da3633,3,"mulhu	x12,x20,x13","a2,s4,a3",
80004bc0,fmax.s,ft2:4e128d2e,,29f51153,3,"fmax.s	f2,f10,f31","ft2,fa0,ft11",
80004bc8,ori,a3:000000d4,,0d436693,3,"ori	x13,x6,212","a3,t1,212",
80004bcc,addi,t3:fffffdfd,,dfd98e13,3,"addi	x28,x19,-515","t3,s3,-515",
80004bd0,fmax.s,ft8:4f800000,,284f1e53,3,"fmax.s	f28,f30,f4","ft8,ft10,ft4",
80004bd4,mulhu,t2:00000000,,02efb3b3,3,"mulhu	x7,x31,x14","t2,t6,a4",
80004bd8,and,s2:f7506400,,00bc7933,3,"and	x18,x24,x11","s2,s8,a1",
80004bdc,slt,s4:00000000,,00742a33,3,"slt	x20,x8,x7","s4,s0,t2",
80004be0,srai,tp:ffff0008,,40ffd213,3,"srai	x4,x31,0xf","tp,t6,0xf",
80004be4,add,a4:77506410,,00be8733,3,"add	x14,x29,x11","a4,t4,a1",
80004be8,sltu,a7:00000001,,00db38b3,3,"sltu	x17,x22,x13","a7,s6,a3",
80004bec,xori,a0:0000005c,,05c04513,3,"xori	x10,x0,92","a0,zero,92",
80004bf0,fmv.x.w,t1:00000000,,e00b8353,3,"fmv.x.w	x6,f23","t1,fs7",
80004bf4,andi,a7:ffff0000,,b1427893,3,"andi	x17,x4,-1260","a7,tp,-1260",
80004bf8,sub,tp:7fffffff,,40cb8233,3,"sub	x4,x23,x12","tp,s7,a2",
80004bfc,sra,a4:00000000,,402a5733,3,"sra	x14,x20,x2","a4,s4,sp",
80004c00,slli,gp:00000000,,015b1193,3,"slli	x3,x22,0x15","gp,s6,0x15",
80004c04,add,a6:0820485c,,00ad0833,3,"add	x16,x26,x10","a6,s10,a0",
80004c08,slli,s9:00000000,,00ec9c93,3,"slli	x25,x25,0xe","s9,s9,0xe",
80004c0c,fmin.s,ft8:80000000,,29ec8e53,3,"fmin.s	f28,f25,f30","ft8,fs9,ft10",
80004c10,or,a2:7fffffff,,017de633,3,"or	x12,x27,x23","a2,s11,s7",
80004c14,fclass.s,s8:00000010,,e0091c53,3,"fclass.s	x24,f18","s8,fs2",
80004c18,fdiv.s,fa4:7f800000,,198e9753,3,"fdiv.s	f14,f29,f24","fa4,ft9,fs8",
80004c1c,fclass.s,s8:00000010,,e0061c53,3,"fclass.s	x24,f12","s8,fa2",
80004c20,xori,t1:fffffdbd,,dbdcc313,3,"xori	x6,x25,-579","t1,s9,-579",
80004c24,fsgnj.s,ft1:4e9ba763,,208980d3,3,"fsgnj.s	f1,f19,f8","ft1,fs3,fs0",
80004c28,andi,a4:7ffffc7a,,c7a67713,3,"andi	x14,x12,-902","a4,a2,-902",
80004c2c,div,s0:00000000,,02a1c433,3,"div	x8,x3,x10","s0,gp,a0",
80004c30,add,s4:f7506400,,012c8a33,3,"add	x20,x25,x18","s4,s9,s2",
80004c34,addi,s3:0820478f,,f3380993,3,"addi	x19,x16,-205","s3,a6,-205",
80004c38,srl,tp:0000ffff,,01365233,3,"srl	x4,x12,x19","tp,a2,s3",
80004c3c,fsgnj.s,fa6:00000000,,216c0853,3,"fsgnj.s	f16,f24,f22","fa6,fs8,fs6",
80004c40,div,t4:00000000,,0299ceb3,3,"div	x29,x19,x9","t4,s3,s1",
80004c44,sra,a2:00000001,,41a7d633,3,"sra	x12,x15,x26","a2,a5,s10",
80004c48,fcvt.s.w,fs10:41800000,,d00c0d53,3,"fcvt.s.w	f26,x24","fs10,s8",
80004c4c,andi,t3:00000001,,d2167e13,3,"andi	x28,x12,-735","t3,a2,-735",
80004c50,fsub.s,ft11:c1800000,,09abffd3,3,"fsub.s	f31,f23,f26","ft11,fs7,fs10",
80004c54,fmv.w.x,fa4:00000000,,f0010753,3,"fmv.w.x	f14,x2","fa4,sp",
80004c5c,slti,a0:00000001,,5a402513,3,"slti	x10,x0,1444","a0,zero,1444",
80004c60,mul,t2:9e248000,,03a583b3,3,"mul	x7,x11,x26","t2,a1,s10",
80004c64,fmin.s,ft9:ff800000,,28018ed3,3,"fmin.s	f29,f3,f0","ft9,ft3,ft0",
80004c68,add,s10:80041001,,01bf8d33,3,"add	x26,x31,x27","s10,t6,s11",
80004c6c,fsgnj.s,ft8:80000000,,20980e53,3,"fsgnj.s	f28,f16,f9","ft8,fa6,fs1",
80004c74,fadd.s,fa2:7fc00000,,01b3f653,3,"fadd.s	f12,f7,f27","fa2,ft7,fs11",
80004c78,fcvt.s.w,ft5:c7800000,,d008b2d3,3,"fcvt.s.w	f5,x17","ft5,a7",
80004c7c,fle.s,s8:00000001,,a1780c53,3,"fle.s	x24,f16,f23","s8,fa6,fs7",
80004c84,mulhsu,tp:00000000,,03daa233,3,"mulhsu	x4,x21,x29","tp,s5,t4",
80004c88,addi,sp:000002e6,,2e5d8113,3,"addi	x2,x27,741","sp,s11,741",
80004c8c,fsqrt.s,ft1:80000000,,580f70d3,3,"fsqrt.s	f1,f30","ft1,ft10",
80004c90,mulhu,a3:00000000,,0282b6b3,3,"mulhu	x13,x5,x8","a3,t0,s0",
80004c98,sltu,s3:00000000,,004639b3,3,"sltu	x19,x12,x4","s3,a2,tp",
80004c9c,srl,a5:80041024,,0032d7b3,3,"srl	x15,x5,x3","a5,t0,gp",
80004ca0,rem,t1:00000000,,0301e333,3,"rem	x6,x3,x16","t1,gp,a6",
80004ca4,feq.s,gp:00000000,,a07ca1d3,3,"feq.s	x3,f25,f7","gp,fs9,ft7",
80004ca8,flt.s,s8:00000000,,a0e01c53,3,"flt.s	x24,f0,f14","s8,ft0,fa4",
80004cac,sra,a5:00000000,,41ecd7b3,3,"sra	x15,x25,x30","a5,s9,t5",
80004cb0,sra,s4:00000000,,412c5a33,3,"sra	x20,x24,x18","s4,s8,s2",
80004cb4,sub,gp:fffffd1a,,402401b3,3,"sub	x3,x8,x2","gp,s0,sp",
80004cb8,or,s0:7ffffc7a,,00e6e433,3,"or	x8,x13,x14","s0,a3,a4",
80004cbc,auipc,s2:bd1bbcbc,,3d1b7917,3,"auipc	x18,0x3d1b7","s2,0x3d1b7",
80004cc0,slt,gp:00000000,,01de21b3,3,"slt	x3,x28,x29","gp,t3,t4",
80004cc4,fsgnj.s,fa7:4e9ba763,,20a988d3,3,"fsgnj.s	f17,f19,f10","fa7,fs3,fa0",
80004cc8,fclass.s,t4:00000010,,e0071ed3,3,"fclass.s	x29,f14","t4,fa4",
80004ccc,fadd.s,fa1:43f80000,,01f375d3,3,"fadd.s	f11,f6,f31","fa1,ft6,ft11",
80004cd0,flt.s,t5:00000000,,a11a1f53,3,"flt.s	x30,f20,f17","t5,fs4,fa7",
80004cd4,slt,sp:00000000,,01b42133,3,"slt	x2,x8,x27","sp,s0,s11",
80004cd8,slt,s10:00000000,,00662d33,3,"slt	x26,x12,x6","s10,a2,t1",
80004cdc,sltiu,a6:00000001,,bb86b813,3,"sltiu	x16,x13,-1096","a6,a3,-1096",
80004ce0,rem,s11:80040fe4,,039aedb3,3,"rem	x27,x21,x25","s11,s5,s9",
80004ce4,remu,gp:00000000,,03c0f1b3,3,"remu	x3,x1,x28","gp,ra,t3",
80004ce8,divu,s6:ffffffff,,038e5b33,3,"divu	x22,x28,x24","s6,t3,s8",
80004cec,fmul.s,ft6:7fc00000,,1037b353,3,"fmul.s	f6,f15,f3","ft6,fa5,ft3",
80004cf0,ori,gp:fffff963,,963c6193,3,"ori	x3,x24,-1693","gp,s8,-1693",
80004cf4,divu,a2:00000000,,0230d633,3,"divu	x12,x1,x3","a2,ra,gp",
80004cf8,sltu,ra:00000000,,01e130b3,3,"sltu	x1,x2,x30","ra,sp,t5",
80004cfc,srl,s6:0000001f,,00e75b33,3,"srl	x22,x14,x14","s6,a4,a4",
80004d00,fmv.w.x,fa2:00000000,,f0068653,3,"fmv.w.x	f12,x13","fa2,a3",
80004d04,auipc,s6:0ba0bd04,,8ba07b17,3,"auipc	x22,0x8ba07","s6,0x8ba07",
80004d08,fcvt.wu.s,t3:00000000,,c01eae53,3,"fcvt.wu.s	x28,f29","t3,ft9",
80004d0c,fsgnjx.s,fs1:7f800000,,2183a4d3,3,"fsgnjx.s	f9,f7,f24","fs1,ft7,fs8",
80004d10,fmin.s,fs3:80000000,,284689d3,3,"fmin.s	f19,f13,f4","fs3,fa3,ft4",
80004d14,and,t5:00000000,,00257f33,3,"and	x30,x10,x2","t5,a0,sp",
80004d18,sra,s8:0000001f,,40e75c33,3,"sra	x24,x14,x14","s8,a4,a4",
80004d1c,sltiu,a5:00000001,,e3d53793,3,"sltiu	x15,x10,-451","a5,a0,-451",
80004d20,fmul.s,fs7:7fc00000,,110cfbd3,3,"fmul.s	f23,f25,f16","fs7,fs9,fa6",
80004d24,xori,a5:08af998e,,d9e5c793,3,"xori	x15,x11,-610","a5,a1,-610",
80004d28,mulhu,t4:00000000,,0320beb3,3,"mulhu	x29,x1,x18","t4,ra,s2",
80004d2c,fmv.w.x,fs8:00000000,,f0068c53,3,"fmv.w.x	f24,x13","fs8,a3",
80004d34,fsgnjn.s,fa1:ffc00000,,216795d3,3,"fsgnjn.s	f11,f15,f22","fa1,fa5,fs6",
80004d38,slt,t5:00000001,,00e52f33,3,"slt	x30,x10,x14","t5,a0,a4",
80004d3c,srli,sp:00000000,,01fcd113,3,"srli	x2,x25,0x1f","sp,s9,0x1f",
80004d40,flt.s,s7:00000000,,a1b41bd3,3,"flt.s	x23,f8,f27","s7,fs0,fs11",
80004d44,fcvt.s.wu,ft7:4f7fff00,,d018f3d3,3,"fcvt.s.wu	f7,x17","ft7,a7",
80004d48,xori,s3:7ffbf233,,dd74c993,3,"xori	x19,x9,-553","s3,s1,-553",
80004d4c,fmax.s,fa3:80000000,,293a16d3,3,"fmax.s	f13,f20,f19","fa3,fs4,fs3",
80004d50,flt.s,a3:00000000,,a14d16d3,3,"flt.s	x13,f26,f20","a3,fs10,fs4",
80004d54,fsub.s,fs0:cf800000,,08481453,3,"fsub.s	f8,f16,f4","fs0,fa6,ft4",
80004d58,sra,s0:00000000,,40625433,3,"sra	x8,x4,x6","s0,tp,t1",
80004d5c,xor,s11:0000001f,,018ccdb3,3,"xor	x27,x25,x24","s11,s9,s8",
80004d60,fle.s,ra:00000000,,a0e880d3,3,"fle.s	x1,f17,f14","ra,fa7,fa4",
80004d64,fcvt.s.wu,fa7:4efffff9,,d01738d3,3,"fcvt.s.wu	f17,x14","fa7,a4",
80004d68,srli,s11:00000000,,01355d93,3,"srli	x27,x10,0x13","s11,a0,0x13",
80004d6c,fmin.s,ft8:4efffff9,,291b0e53,3,"fmin.s	f28,f22,f17","ft8,fs6,fa7",
80004d70,fcvt.s.w,ft11:cefff7e0,,d004ffd3,3,"fcvt.s.w	f31,x9","ft11,s1",
80004d74,divu,t2:ffffffff,,02d3d3b3,3,"divu	x7,x7,x13","t2,t2,a3",
80004d78,fclass.s,t1:00000002,,e0029353,3,"fclass.s	x6,f5","t1,ft5",
80004d7c,fsub.s,fa2:7fc00000,,09a33653,3,"fsub.s	f12,f6,f26","fa2,ft6,fs10",
80004d88,flt.s,s11:00000000,,a1831dd3,3,"flt.s	x27,f6,f24","s11,ft6,fs8",
80004d8c,mulh,ra:00000000,,020010b3,3,"mulh	x1,x0,x0","ra,zero,zero",
80004d90,fmv.w.x,fs9:80040fe4,,f0048cd3,3,"fmv.w.x	f25,x9","fs9,s1",
80004d94,srai,a2:ffffe001,,4124d613,3,"srai	x12,x9,0x12","a2,s1,0x12",
80004d98,fclass.s,a4:00000040,,e0021753,3,"fclass.s	x14,f4","a4,ft4",
80004d9c,sra,a6:00000000,,41add833,3,"sra	x16,x27,x26","a6,s11,s10",
80004da0,fsgnjn.s,fs8:7fc00000,,21459c53,3,"fsgnjn.s	f24,f11,f20","fs8,fa1,fs4",
80004da4,sll,s2:0000001f,,00dc1933,3,"sll	x18,x24,x13","s2,s8,a3",
80004da8,slt,s2:00000000,,01d22933,3,"slt	x18,x4,x29","s2,tp,t4",
80004dac,fcvt.s.wu,ft10:4d0af998,,d017ff53,3,"fcvt.s.wu	f30,x15","ft10,a5",
80004db0,fdiv.s,fs2:7fc00000,,19200953,3,"fdiv.s	f18,f0,f18","fs2,ft0,fs2",
80004db4,div,a6:7ffbefdc,,0272c833,3,"div	x16,x5,x7","a6,t0,t2",
80004db8,mulhsu,s8:00000000,,0212ac33,3,"mulhsu	x24,x5,x1","s8,t0,ra",
80004dbc,ori,s8:00000033,,033c6c13,3,"ori	x24,x24,51","s8,s8,51",
80004dc8,remu,tp:f7506410,,0315f233,3,"remu	x4,x11,x17","tp,a1,a7",
80004dcc,fmv.w.x,fs9:fffff963,,f0018cd3,3,"fmv.w.x	f25,x3","fs9,gp",
80004dd0,sltiu,gp:00000001,,3a303193,3,"sltiu	x3,x0,931","gp,zero,931",
80004dd4,sltu,tp:00000001,,01f43233,3,"sltu	x4,x8,x31","tp,s0,t6",
80004dd8,slti,s5:00000001,,170a2a93,3,"slti	x21,x20,368","s5,s4,368",
80004ddc,fmv.w.x,fa7:08af998e,,f00788d3,3,"fmv.w.x	f17,x15","fa7,a5",
80004de4,fmul.s,fs9:7fc00000,,10692cd3,3,"fmul.s	f25,f18,f6","fs9,fs2,ft6",
80004de8,rem,gp:00000000,,03e461b3,3,"rem	x3,x8,x30","gp,s0,t5",
80004dec,fsgnjn.s,ft11:80000000,,21b71fd3,3,"fsgnjn.s	f31,f14,f27","ft11,fa4,fs11",
80004df0,fmv.x.w,a7:ffc00000,,e00a88d3,3,"fmv.x.w	x17,f21","a7,fs5",
80004df4,srli,s8:00000000,,0030dc13,3,"srli	x24,x1,0x3","s8,ra,0x3",
80004df8,ori,s7:fffffc25,,c25beb93,3,"ori	x23,x23,-987","s7,s7,-987",
80004dfc,rem,tp:00000001,,022ae233,3,"rem	x4,x21,x2","tp,s5,sp",
80004e00,fsgnjx.s,ft6:7fc00000,,20f92353,3,"fsgnjx.s	f6,f18,f15","ft6,fs2,fa5",
80004e04,xor,s2:7ffbf233,,013c4933,3,"xor	x18,x24,x19","s2,s8,s3",
80004e08,fmul.s,ft4:7fc00000,,10687253,3,"fmul.s	f4,f16,f6","ft4,fa6,ft6",
80004e0c,feq.s,a5:00000000,,a043a7d3,3,"feq.s	x15,f7,f4","a5,ft7,ft4",
80004e10,divu,t1:00000000,,029cd333,3,"divu	x6,x25,x9","t1,s9,s1",
80004e18,sra,a2:00000000,,4106d633,3,"sra	x12,x13,x16","a2,a3,a6",
80004e1c,lui,s2:d6af5000,,d6af5937,3,"lui	x18,0xd6af5","s2,0xd6af5",
80004e20,sltu,s4:00000000,,01dc3a33,3,"sltu	x20,x24,x29","s4,s8,t4",
80004e24,srli,a5:00020010,,00e4d793,3,"srli	x15,x9,0xe","a5,s1,0xe",
80004e28,feq.s,t5:00000000,,a05d2f53,3,"feq.s	x30,f26,f5","t5,fs10,ft5",
80004e2c,fsgnj.s,fs7:7f800000,,217e8bd3,3,"fsgnj.s	f23,f29,f23","fs7,ft9,fs7",
80004e30,slt,a0:00000001,,01032533,3,"slt	x10,x6,x16","a0,t1,a6",
80004e34,fmv.x.w,tp:00000000,,e0080253,3,"fmv.x.w	x4,f16","tp,fa6",
80004e38,srai,a3:fffffeb5,,41595693,3,"srai	x13,x18,0x15","a3,s2,0x15",
80004e40,mulhu,s11:00000000,,038dbdb3,3,"mulhu	x27,x27,x24","s11,s11,s8",
80004e44,feq.s,gp:00000000,,a1c4a1d3,3,"feq.s	x3,f9,f28","gp,fs1,ft8",
80004e48,sltu,s3:00000000,,01a5b9b3,3,"sltu	x19,x11,x26","s3,a1,s10",
80004e4c,fcvt.s.wu,ft11:00000000,,d01e7fd3,3,"fcvt.s.wu	f31,x28","ft11,t3",
80004e50,rem,s5:00000000,,02f1eab3,3,"rem	x21,x3,x15","s5,gp,a5",
80004e58,sltiu,s2:00000001,,9b313913,3,"sltiu	x18,x2,-1613","s2,sp,-1613",
80004e5c,fmv.w.x,ft7:ffffffff,,f00383d3,3,"fmv.w.x	f7,x7","ft7,t2",
80004e60,fsgnj.s,ft5:ffc00000,,20bc02d3,3,"fsgnj.s	f5,f24,f11","ft5,fs8,fa1",
80004e64,srl,a7:00000000,,00d0d8b3,3,"srl	x17,x1,x13","a7,ra,a3",
80004e68,fclass.s,s4:00000040,,e0089a53,3,"fclass.s	x20,f17","s4,fa7",
80004e6c,fle.s,t2:00000000,,a15783d3,3,"fle.s	x7,f15,f21","t2,fa5,fs5",
80004e70,fclass.s,t3:00000080,,e00b9e53,3,"fclass.s	x28,f23","t3,fs7",
80004e74,mulhsu,a4:00000000,,03c42733,3,"mulhsu	x14,x8,x28","a4,s0,t3",
80004e78,and,s2:00000000,,003df933,3,"and	x18,x27,x3","s2,s11,gp",
80004e7c,ori,t1:00000608,,60816313,3,"ori	x6,x2,1544","t1,sp,1544",
80004e80,fsub.s,ft2:7fc00000,,099d1153,3,"fsub.s	f2,f26,f25","ft2,fs10,fs9",
80004e84,fclass.s,t5:00000200,,e0051f53,3,"fclass.s	x30,f10","t5,fa0",
80004e88,xori,t2:80040aa1,,5454c393,3,"xori	x7,x9,1349","t2,s1,1349",
80004e8c,fle.s,s11:00000000,,a0fe8dd3,3,"fle.s	x27,f29,f15","s11,ft9,fa5",
80004e90,flt.s,t4:00000000,,a0311ed3,3,"flt.s	x29,f2,f3","t4,ft2,ft3",
80004e94,srai,a7:00000000,,41275893,3,"srai	x17,x14,0x12","a7,a4,0x12",
80004e98,rem,t6:00000000,,02206fb3,3,"rem	x31,x0,x2","t6,zero,sp",
80004e9c,fcvt.s.w,ft6:00000000,,d00d7353,3,"fcvt.s.w	f6,x26","ft6,s10",
80004ea0,fsgnjn.s,fs2:ffc00000,,210c9953,3,"fsgnjn.s	f18,f25,f16","fs2,fs9,fa6",
80004ea4,or,s7:7ffbefdc,,010e6bb3,3,"or	x23,x28,x16","s7,t3,a6",
80004ea8,divu,ra:00000000,,02bcd0b3,3,"divu	x1,x25,x11","ra,s9,a1",
80004eac,sra,t3:00000000,,40075e33,3,"sra	x28,x14,x0","t3,a4,zero",
80004eb0,slti,a5:00000001,,0a692793,3,"slti	x15,x18,166","a5,s2,166",
80004eb4,div,a2:0015385c,,02684633,3,"div	x12,x16,x6","a2,a6,t1",
80004eb8,add,a4:00000200,,01cf0733,3,"add	x14,x30,x28","a4,t5,t3",
80004ebc,rem,a7:7ffbefdc,,03b868b3,3,"rem	x17,x16,x27","a7,a6,s11",
80004ec0,fcvt.s.w,fs10:00000000,,d000ad53,3,"fcvt.s.w	f26,x1","fs10,ra",
80004ec4,sra,t1:00000000,,40725333,3,"sra	x6,x4,x7","t1,tp,t2",
80004ec8,rem,a4:00000000,,02f86733,3,"rem	x14,x16,x15","a4,a6,a5",
80004ecc,divu,s5:ffffffff,,0380dab3,3,"divu	x21,x1,x24","s5,ra,s8",
80004ed0,and,s7:0015385c,,01567bb3,3,"and	x23,x12,x21","s7,a2,s5",
80004ed4,srli,a2:00000000,,0069d613,3,"srli	x12,x19,0x6","a2,s3,0x6",
80004ed8,slti,a5:00000000,,bd9fa793,3,"slti	x15,x31,-1063","a5,t6,-1063",
80004edc,fadd.s,fs3:7fc00000,,017579d3,3,"fadd.s	f19,f10,f23","fs3,fa0,fs7",
80004ee0,slli,a4:00000000,,008d9713,3,"slli	x14,x27,0x8","a4,s11,0x8",
80004ee4,fsgnj.s,fa0:ffffffff,,20838553,3,"fsgnj.s	f10,f7,f8","fa0,ft7,fs0",
80004ee8,fadd.s,fs4:7fc00000,,014cfa53,3,"fadd.s	f20,f25,f20","fs4,fs9,fs4",
80004eec,fclass.s,t2:00000010,,e00013d3,3,"fclass.s	x7,f0","t2,ft0",
80004ef0,fcvt.w.s,ra:08af9980,,c00f70d3,3,"fcvt.w.s	x1,f30","ra,ft10",
80004ef4,fadd.s,fs4:7f800000,,01769a53,3,"fadd.s	f20,f13,f23","fs4,fa3,fs7",
80004ef8,fmv.w.x,fs0:7ffbefdc,,f0088453,3,"fmv.w.x	f8,x17","fs0,a7",
80004efc,sub,t4:f7506680,,40160eb3,3,"sub	x29,x12,x1","t4,a2,ra",
80004f00,remu,s4:00082008,,0304fa33,3,"remu	x20,x9,x16","s4,s1,a6",
80004f04,fmin.s,ft3:00000000,,280881d3,3,"fmin.s	f3,f17,f0","ft3,fa7,ft0",
80004f08,fcvt.s.wu,fs7:4d0af998,,d010fbd3,3,"fcvt.s.wu	f23,x1","fs7,ra",
80004f0c,fdiv.s,fs7:7fc00000,,19999bd3,3,"fdiv.s	f23,f19,f25","fs7,fs3,fs9",
80004f10,xor,t6:00000010,,007fcfb3,3,"xor	x31,x31,x7","t6,t6,t2",
80004f14,sll,s6:00000000,,00961b33,3,"sll	x22,x12,x9","s6,a2,s1",
80004f18,fclass.s,a7:00000040,,e00898d3,3,"fclass.s	x17,f17","a7,fa7",
80004f1c,srl,s0:f7506680,,008ed433,3,"srl	x8,x29,x8","s0,t4,s0",
80004f20,fmv.x.w,a3:7fc00000,,e00c06d3,3,"fmv.x.w	x13,f24","a3,fs8",
80004f24,fmin.s,fs10:7fc00000,,288d8d53,3,"fmin.s	f26,f27,f8","fs10,fs11,fs0",
80004f28,fmin.s,fs10:00000000,,28300d53,3,"fmin.s	f26,f0,f3","fs10,ft0,ft3",
80004f2c,flt.s,t5:00000000,,a1901f53,3,"flt.s	x30,f0,f25","t5,ft0,fs9",
80004f30,mulhu,t6:00000000,,03fdbfb3,3,"mulhu	x31,x27,x31","t6,s11,t6",
80004f34,mulhu,a4:3fe2070d,,0256b733,3,"mulhu	x14,x13,x5","a4,a3,t0",
80004f38,fcvt.s.w,fa1:00000000,,d00375d3,3,"fcvt.s.w	f11,x6","fa1,t1",
80004f3c,flt.s,t3:00000000,,a0a19e53,3,"flt.s	x28,f3,f10","t3,ft3,fa0",
80004f40,mulhsu,a7:0000000f,,02b3a8b3,3,"mulhsu	x17,x7,x11","a7,t2,a1",
80004f44,fclass.s,a7:00000200,,e00518d3,3,"fclass.s	x17,f10","a7,fa0",
80004f48,slti,a2:00000000,,51772613,3,"slti	x12,x14,1303","a2,a4,1303",
80004f4c,fcvt.wu.s,a3:00000000,,c01ff6d3,3,"fcvt.wu.s	x13,f31","a3,ft11",
80004f50,slt,a4:00000000,,0088a733,3,"slt	x14,x17,x8","a4,a7,s0",
80004f54,fcvt.wu.s,a6:ffffffff,,c013f853,3,"fcvt.wu.s	x16,f7","a6,ft7",
80004f58,fmin.s,ft3:7f800000,,289601d3,3,"fmin.s	f3,f12,f9","ft3,fa2,fs1",
80004f5c,fcvt.s.wu,fs1:00000000,,d01cb4d3,3,"fcvt.s.wu	f9,x25","fs1,s9",
80004f60,fsgnjn.s,fs11:7f800000,,212e9dd3,3,"fsgnjn.s	f27,f29,f18","fs11,ft9,fs2",
80004f64,add,a6:00000000,,00f18833,3,"add	x16,x3,x15","a6,gp,a5",
80004f68,mulh,a7:00000000,,03ba18b3,3,"mulh	x17,x20,x27","a7,s4,s11",
80004f6c,fcvt.w.s,t4:00000000,,c00ffed3,3,"fcvt.w.s	x29,f31","t4,ft11",
80004f70,sra,a0:00000000,,407b5533,3,"sra	x10,x22,x7","a0,s6,t2",
80004f74,fsub.s,fs4:7fc00000,,09d27a53,3,"fsub.s	f20,f4,f29","fs4,ft4,ft9",
80004f78,remu,s5:00000000,,02377ab3,3,"remu	x21,x14,x3","s5,a4,gp",
80004f7c,fsub.s,fa1:08af998e,,0908f5d3,3,"fsub.s	f11,f17,f16","fa1,fa7,fa6",
80004f80,divu,a4:00000000,,029d5733,3,"divu	x14,x26,x9","a4,s10,s1",
80004f84,add,tp:0015385c,,017b0233,3,"add	x4,x22,x23","tp,s6,s7",
80004f88,fsgnjn.s,fs0:80000000,,21481453,3,"fsgnjn.s	f8,f16,f20","fs0,fa6,fs4",
80004f8c,ori,t4:00000132,,1326ee93,3,"ori	x29,x13,306","t4,a3,306",
80004f90,srl,t1:00000000,,00295333,3,"srl	x6,x18,x2","t1,s2,sp",
80004f94,auipc,a0:d1bb5f94,,51bb1517,3,"auipc	x10,0x51bb1","a0,0x51bb1",
80004f98,mulhu,a0:00000000,,02cd3533,3,"mulhu	x10,x26,x12","a0,s10,a2",
80004f9c,remu,tp:00000000,,0228f233,3,"remu	x4,x17,x2","tp,a7,sp",
80004fa0,sra,t5:00000000,,4091df33,3,"sra	x30,x3,x9","t5,gp,s1",
80004fa4,sltiu,a2:00000001,,8c9d3613,3,"sltiu	x12,x26,-1847","a2,s10,-1847",
80004fac,and,s3:00000000,,009379b3,3,"and	x19,x6,x9","s3,t1,s1",
80004fb0,fmax.s,ft2:4efffff9,,282e1153,3,"fmax.s	f2,f28,f2","ft2,ft8,ft2",
80004fb8,srli,t6:00000000,,01095f93,3,"srli	x31,x18,0x10","t6,s2,0x10",
80004fbc,fcvt.s.wu,ft3:00000000,,d017a1d3,3,"fcvt.s.wu	f3,x15","ft3,a5",
80004fc0,slli,a4:00000000,,00c51713,3,"slli	x14,x10,0xc","a4,a0,0xc",
80004fc4,fadd.s,fa3:7fc00000,,0161f6d3,3,"fadd.s	f13,f3,f22","fa3,ft3,fs6",
80004fc8,slli,a4:00000000,,016b1713,3,"slli	x14,x22,0x16","a4,s6,0x16",
80004fcc,remu,s7:00000000,,02ae7bb3,3,"remu	x23,x28,x10","s7,t3,a0",
80004fd0,fsqrt.s,fs4:00000000,,58083a53,3,"fsqrt.s	f20,f16","fs4,fa6",
80004fd4,srli,t5:00000000,,01585f13,3,"srli	x30,x16,0x15","t5,a6,0x15",
80004fd8,remu,tp:f7506410,,0385f233,3,"remu	x4,x11,x24","tp,a1,s8",
80004fdc,slt,s2:00000000,,01912933,3,"slt	x18,x2,x25","s2,sp,s9",
80004fe0,add,ra:00000132,,01dc00b3,3,"add	x1,x24,x29","ra,s8,t4",
80004fe4,sltu,s10:00000000,,01c5bd33,3,"sltu	x26,x11,x28","s10,a1,t3",
80004fe8,xori,a7:0000038d,,38c64893,3,"xori	x17,x12,908","a7,a2,908",
80004fec,and,s5:00000000,,01337ab3,3,"and	x21,x6,x19","s5,t1,s3",
80004ff0,fsgnjn.s,ft4:80000000,,21a71253,3,"fsgnjn.s	f4,f14,f26","ft4,fa4,fs10",
80004ff4,fsqrt.s,ft7:7fc00000,,580ba3d3,3,"fsqrt.s	f7,f23","ft7,fs7",
80004ff8,sub,sp:08af9d22,,404e8133,3,"sub	x2,x29,x4","sp,t4,tp",
80004ffc,and,tp:00000000,,004cf233,3,"and	x4,x25,x4","tp,s9,tp",
80005000,sltu,a3:00000000,,0072b6b3,3,"sltu	x13,x5,x7","a3,t0,t2",
80005004,xor,s6:00000000,,0037cb33,3,"xor	x22,x15,x3","s6,a5,gp",
80005008,sltiu,a5:00000001,,ee163793,3,"sltiu	x15,x12,-287","a5,a2,-287",
8000500c,fdiv.s,fa2:7fc00000,,18d4f653,3,"fdiv.s	f12,f9,f13","fa2,fs1,fa3",
80005010,xor,ra:00000000,,015840b3,3,"xor	x1,x16,x21","ra,a6,s5",
80005014,feq.s,t6:00000000,,a02cafd3,3,"feq.s	x31,f25,f2","t6,fs9,ft2",
80005018,srai,s3:00000000,,40b7d993,3,"srai	x19,x15,0xb","s3,a5,0xb",
8000501c,fsgnjx.s,fa2:7f800000,,217da653,3,"fsgnjx.s	f12,f27,f23","fa2,fs11,fs7",
80005020,fle.s,s10:00000001,,a14f8d53,3,"fle.s	x26,f31,f20","s10,ft11,fs4",
80005024,or,s3:80040fed,,0098e9b3,3,"or	x19,x17,x9","s3,a7,s1",
80005028,remu,s8:00000000,,02387c33,3,"remu	x24,x16,x3","s8,a6,gp",
80005030,srli,a6:00000000,,01afd813,3,"srli	x16,x31,0x1a","a6,t6,0x1a",
80005034,ori,s2:fffffc91,,c917e913,3,"ori	x18,x15,-879","s2,a5,-879",
80005038,sll,s9:00000000,,00b31cb3,3,"sll	x25,x6,x11","s9,t1,a1",
8000503c,srl,sp:00082008,,01ba5133,3,"srl	x2,x20,x27","sp,s4,s11",
80005040,sltu,s5:00000001,,00853ab3,3,"sltu	x21,x10,x8","s5,a0,s0",
80005044,slti,tp:00000000,,8208a213,3,"slti	x4,x17,-2016","tp,a7,-2016",
80005048,slt,ra:00000000,,001220b3,3,"slt	x1,x4,x1","ra,tp,ra",
8000504c,addi,ra:000825e3,,5dba0093,3,"addi	x1,x20,1499","ra,s4,1499",
80005050,fle.s,s3:00000001,,a0c489d3,3,"fle.s	x19,f9,f12","s3,fs1,fa2",
80005054,fclass.s,a0:00000080,,e0061553,3,"fclass.s	x10,f12","a0,fa2",
80005058,slli,s7:00000000,,016b1b93,3,"slli	x23,x22,0x16","s7,s6,0x16",
8000505c,fmax.s,ft7:00000000,,285013d3,3,"fmax.s	f7,f0,f5","ft7,ft0,ft5",
80005060,fadd.s,fa4:7fc00000,,001af753,3,"fadd.s	f14,f21,f1","fa4,fs5,ft1",
80005064,sra,a4:00000000,,40efd733,3,"sra	x14,x31,x14","a4,t6,a4",
80005068,fmv.x.w,s4:7fc00000,,e00c0a53,3,"fmv.x.w	x20,f24","s4,fs8",
8000506c,fsgnj.s,fs3:88af998e,,201589d3,3,"fsgnj.s	f19,f11,f1","fs3,fa1,ft1",
80005070,mulh,tp:00000000,,039f9233,3,"mulh	x4,x31,x25","tp,t6,s9",
80005074,slti,t6:00000001,,22e92f93,3,"slti	x31,x18,558","t6,s2,558",
8000507c,divu,a4:00000000,,0221d733,3,"divu	x14,x3,x2","a4,gp,sp",
80005080,or,t3:80041024,,0056ee33,3,"or	x28,x13,x5","t3,a3,t0",
80005084,fcvt.s.wu,ft4:43990000,,d01ef253,3,"fcvt.s.wu	f4,x29","ft4,t4",
80005088,slt,s10:00000000,,00db2d33,3,"slt	x26,x22,x13","s10,s6,a3",
8000508c,fmin.s,ft7:80000000,,296403d3,3,"fmin.s	f7,f8,f22","ft7,fs0,fs6",
80005090,sub,t1:0000038d,,41888333,3,"sub	x6,x17,x24","t1,a7,s8",
80005094,slti,t5:00000001,,613baf13,3,"slti	x30,x23,1555","t5,s7,1555",
8000509c,auipc,s3:5c7dc09c,,dc7d7997,3,"auipc	x19,0xdc7d7","s3,0xdc7d7",
800050a0,fsqrt.s,fs9:473504a8,,580e7cd3,3,"fsqrt.s	f25,f28","fs9,ft8",
800050a4,fdiv.s,fs1:7f800000,,186f74d3,3,"fdiv.s	f9,f30,f6","fs1,ft10,ft6",
800050a8,fmin.s,fs5:00000000,,29f28ad3,3,"fmin.s	f21,f5,f31","fs5,ft5,ft11",
800050ac,fcvt.s.wu,ft1:4f775064,,d015f0d3,3,"fcvt.s.wu	f1,x11","ft1,a1",
800050b0,fsgnj.s,fa6:00000000,,21ff8853,3,"fsgnj.s	f16,f31,f31","fa6,ft11,ft11",
800050b4,ori,s6:fffffa44,,a44c6b13,3,"ori	x22,x24,-1468","s6,s8,-1468",
800050bc,addi,s11:5c7dc638,,59c98d93,3,"addi	x27,x19,1436","s11,s3,1436",
800050c0,fdiv.s,fs1:ff800000,,180ec4d3,3,"fdiv.s	f9,f29,f0","fs1,ft9,ft0",
800050c4,sra,gp:00000000,,4017d1b3,3,"sra	x3,x15,x1","gp,a5,ra",
800050c8,slli,s9:02000000,,019f1c93,3,"slli	x25,x30,0x19","s9,t5,0x19",
800050cc,mul,a6:1cd9bc68,,02288833,3,"mul	x16,x17,x2","a6,a7,sp",
800050d0,lui,s11:1ae35000,,1ae35db7,3,"lui	x27,0x1ae35","s11,0x1ae35",
800050d4,ori,a0:fffffdf7,,df726513,3,"ori	x10,x4,-521","a0,tp,-521",
800050d8,slt,t2:00000000,,0166a3b3,3,"slt	x7,x13,x22","t2,a3,s6",
800050dc,add,s2:f7506680,,01a40933,3,"add	x18,x8,x26","s2,s0,s10",
800050e0,addi,s4:00000529,,73250a13,3,"addi	x20,x10,1842","s4,a0,1842",
800050e4,xori,t1:fffffcbc,,f318c313,3,"xori	x6,x17,-207","t1,a7,-207",
800050e8,divu,a5:ffffffff,,02ead7b3,3,"divu	x15,x21,x14","a5,s5,a4",
800050ec,fcvt.wu.s,t6:00000000,,c0140fd3,3,"fcvt.wu.s	x31,f8","t6,fs0",
800050f0,srli,a0:0000007f,,01935513,3,"srli	x10,x6,0x19","a0,t1,0x19",
800050f4,andi,a7:00082100,,b100f893,3,"andi	x17,x1,-1264","a7,ra,-1264",
800050f8,sra,s10:ffffffff,,41d7dd33,3,"sra	x26,x15,x29","s10,a5,t4",
800050fc,fsqrt.s,fs7:418bf12a,,58022bd3,3,"fsqrt.s	f23,f4","fs7,ft4",
80005100,divu,gp:00000000,,026051b3,3,"divu	x3,x0,x6","gp,zero,t1",
80005104,fadd.s,ft1:4d0af998,,003f70d3,3,"fadd.s	f1,f30,f3","ft1,ft10,ft3",
80005108,fcvt.wu.s,s8:ffffffff,,c012fc53,3,"fcvt.wu.s	x24,f5","s8,ft5",
8000510c,andi,gp:f7506480,,c9947193,3,"andi	x3,x8,-871","gp,s0,-871",
80005110,fmul.s,ft1:80000000,,107fc0d3,3,"fmul.s	f1,f31,f7","ft1,ft11,ft7",
80005114,div,s6:00000000,,02594b33,3,"div	x22,x18,x5","s6,s2,t0",
80005118,mulhsu,t1:00000000,,03472333,3,"mulhsu	x6,x14,x20","t1,a4,s4",
8000511c,fcvt.s.w,fs1:4de6cde4,,d00824d3,3,"fcvt.s.w	f9,x16","fs1,a6",
80005120,flt.s,s5:00000001,,a02c9ad3,3,"flt.s	x21,f25,f2","s5,fs9,ft2",
80005124,fmv.w.x,fs6:ffffffff,,f00d0b53,3,"fmv.w.x	f22,x26","fs6,s10",
80005128,fsgnjx.s,fa0:ff800000,,201da553,3,"fsgnjx.s	f10,f27,f1","fa0,fs11,ft1",
8000512c,mulhsu,t3:00000000,,02d52e33,3,"mulhsu	x28,x10,x13","t3,a0,a3",
80005130,fsqrt.s,fa1:7fc00000,,580535d3,3,"fsqrt.s	f11,f10","fa1,fa0",
80005134,fmv.x.w,s4:4efffff9,,e00e0a53,3,"fmv.x.w	x20,f28","s4,ft8",
80005138,fcvt.s.wu,ft6:00000000,,d0177353,3,"fcvt.s.wu	f6,x14","ft6,a4",
8000513c,addi,t4:f7506476,,df690e93,3,"addi	x29,x18,-522","t4,s2,-522",
80005140,fmin.s,ft9:88af998e,,293d0ed3,3,"fmin.s	f29,f26,f19","ft9,fs10,fs3",
80005144,mul,t6:00000000,,03370fb3,3,"mul	x31,x14,x19","t6,a4,s3",
80005148,fsgnj.s,fa3:00000000,,206406d3,3,"fsgnj.s	f13,f8,f6","fa3,fs0,ft6",
8000514c,andi,s4:000006db,,6db7fa13,3,"andi	x20,x15,1755","s4,a5,1755",
80005150,rem,s4:ffffffd4,,02a5ea33,3,"rem	x20,x11,x10","s4,a1,a0",
80005154,divu,t3:80040fe4,,03e4de33,3,"divu	x28,x9,x30","t3,s1,t5",
80005158,fcvt.s.w,fs3:cd0af998,,d00479d3,3,"fcvt.s.w	f19,x8","fs3,s0",
8000515c,slt,s3:00000000,,012d29b3,3,"slt	x19,x26,x18","s3,s10,s2",
80005160,remu,a4:000825e3,,0230f733,3,"remu	x14,x1,x3","a4,ra,gp",
80005164,flt.s,a3:00000000,,a02596d3,3,"flt.s	x13,f11,f2","a3,fa1,ft2",
80005168,fsqrt.s,ft6:7fc00000,,58073353,3,"fsqrt.s	f6,f14","ft6,fa4",
8000516c,mulhu,a7:00000000,,026838b3,3,"mulhu	x17,x16,x6","a7,a6,t1",
80005170,fsqrt.s,ft4:80000000,,58038253,3,"fsqrt.s	f4,f7","ft4,ft7",
80005174,sll,s8:80040fe4,,01349c33,3,"sll	x24,x9,x19","s8,s1,s3",
80005178,fcvt.w.s,s0:7fffffff,,c00b7453,3,"fcvt.w.s	x8,f22","s0,fs6",
8000517c,fclass.s,a4:00000001,,e0051753,3,"fclass.s	x14,f10","a4,fa0",
80005180,ori,ra:8004127d,,25d2e093,3,"ori	x1,x5,605","ra,t0,605",
80005184,feq.s,a4:00000000,,a12c2753,3,"feq.s	x14,f24,f18","a4,fs8,fs2",
80005188,div,t1:00000000,,02884333,3,"div	x6,x16,x8","t1,a6,s0",
8000518c,addi,sp:80040a91,,aade0113,3,"addi	x2,x28,-1363","sp,t3,-1363",
80005190,or,s8:00000000,,00726c33,3,"or	x24,x4,x7","s8,tp,t2",
80005194,divu,t1:ffffffff,,020e5333,3,"divu	x6,x28,x0","t1,t3,zero",
80005198,fmin.s,fa7:80000000,,294088d3,3,"fmin.s	f17,f1,f20","fa7,ft1,fs4",
8000519c,fsgnj.s,fs5:80000000,,21668ad3,3,"fsgnj.s	f21,f13,f22","fs5,fa3,fs6",
800051a0,fsub.s,ft3:7f800000,,091d91d3,3,"fsub.s	f3,f27,f17","ft3,fs11,fa7",
800051a4,srai,t6:ffffffff,,41a7df93,3,"srai	x31,x15,0x1a","t6,a5,0x1a",
800051a8,mulh,a3:0457aa60,,021196b3,3,"mulh	x13,x3,x1","a3,gp,ra",
800051ac,xori,t4:7ffbebe7,,bc32ce93,3,"xori	x29,x5,-1085","t4,t0,-1085",
800051b0,mulhu,tp:fffffffe,,0267b233,3,"mulhu	x4,x15,x6","tp,a5,t1",
800051b4,fmv.x.w,a7:4efffff9,,e00e08d3,3,"fmv.x.w	x17,f28","a7,ft8",
800051b8,remu,a3:02000000,,022cf6b3,3,"remu	x13,x25,x2","a3,s9,sp",
800051bc,flt.s,s7:00000000,,a1f09bd3,3,"flt.s	x23,f1,f31","s7,ft1,ft11",
800051c0,flt.s,s4:00000000,,a0e39a53,3,"flt.s	x20,f7,f14","s4,ft7,fa4",
800051c4,xor,a4:7dffffff,,00d44733,3,"xor	x14,x8,x13","a4,s0,a3",
800051c8,fdiv.s,fs8:ff800000,,1911fc53,3,"fdiv.s	f24,f3,f17","fs8,ft3,fa7",
800051cc,mulh,s0:00000000,,02079433,3,"mulh	x8,x15,x0","s0,a5,zero",
800051d0,srl,a7:00000000,,00b9d8b3,3,"srl	x17,x19,x11","a7,s3,a1",
800051d4,srli,sp:001cd9bc,,00885113,3,"srli	x2,x16,0x8","sp,a6,0x8",
800051e0,mulh,t5:ffffffff,,026a9f33,3,"mulh	x30,x21,x6","t5,s5,t1",
800051e4,addi,s4:f75063c1,,fb158a13,3,"addi	x20,x11,-79","s4,a1,-79",
800051e8,fsgnjx.s,fs8:4d0af998,,20a9ac53,3,"fsgnjx.s	f24,f19,f10","fs8,fs3,fa0",
800051ec,sltiu,a7:00000001,,b61e3893,3,"sltiu	x17,x28,-1183","a7,t3,-1183",
800051f0,fclass.s,a6:00000040,,e00f1853,3,"fclass.s	x16,f30","a6,ft10",
800051f4,feq.s,s11:00000000,,a029add3,3,"feq.s	x27,f19,f2","s11,fs3,ft2",
800051f8,fadd.s,fs8:4d0af998,,01df1c53,3,"fadd.s	f24,f30,f29","fs8,ft10,ft9",
800051fc,feq.s,a7:00000001,,a1faa8d3,3,"feq.s	x17,f21,f31","a7,fs5,ft11",
80005200,remu,s0:f7506480,,03a1f433,3,"remu	x8,x3,x26","s0,gp,s10",
80005204,fclass.s,a7:00000008,,e00a98d3,3,"fclass.s	x17,f21","a7,fs5",
80005208,fsgnjx.s,ft11:cd0af998,,213c2fd3,3,"fsgnjx.s	f31,f24,f19","ft11,fs8,fs3",
8000520c,sltu,s11:00000000,,00e93db3,3,"sltu	x27,x18,x14","s11,s2,a4",
80005210,fmax.s,fs1:00000000,,290d14d3,3,"fmax.s	f9,f26,f16","fs1,fs10,fa6",
80005214,fsub.s,ft2:c18bf12a,,0974c153,3,"fsub.s	f2,f9,f23","ft2,fs1,fs7",
80005218,addi,s0:fffff8f3,,8f4d0413,3,"addi	x8,x26,-1804","s0,s10,-1804",
8000521c,mul,s9:80040fe4,,02960cb3,3,"mul	x25,x12,x9","s9,a2,s1",
80005220,srl,s7:00000000,,0123dbb3,3,"srl	x23,x7,x18","s7,t2,s2",
80005224,remu,a3:80041024,,0382f6b3,3,"remu	x13,x5,x24","a3,t0,s8",
80005228,remu,s4:f7506480,,03f1fa33,3,"remu	x20,x3,x31","s4,gp,t6",
8000522c,auipc,t2:205c622c,,a05c1397,3,"auipc	x7,0xa05c1","t2,0xa05c1",
80005230,mulhsu,s5:1f434c4b,,0343aab3,3,"mulhsu	x21,x7,x20","s5,t2,s4",
80005234,xori,t1:8004086b,,78fcc313,3,"xori	x6,x25,1935","t1,s9,1935",
80005238,fadd.s,fa4:7fc00000,,01c93753,3,"fadd.s	f14,f18,f28","fa4,fs2,ft8",
8000523c,divu,s10:00000002,,03d25d33,3,"divu	x26,x4,x29","s10,tp,t4",
80005240,sltiu,s5:00000000,,64a0ba93,3,"sltiu	x21,x1,1610","s5,ra,1610",
80005244,divu,s5:00000000,,0240dab3,3,"divu	x21,x1,x4","s5,ra,tp",
80005248,rem,s10:00000000,,02f2ed33,3,"rem	x26,x5,x15","s10,t0,a5",
8000524c,remu,gp:00000040,,03c871b3,3,"remu	x3,x16,x28","gp,a6,t3",
80005250,div,t4:ffffffff,,03d4ceb3,3,"div	x29,x9,x29","t4,s1,t4",
80005254,fmax.s,fs3:7f800000,,283019d3,3,"fmax.s	f19,f0,f3","fs3,ft0,ft3",
80005258,feq.s,gp:00000000,,a0f821d3,3,"feq.s	x3,f16,f15","gp,fa6,fa5",
8000525c,sltu,a5:00000000,,018337b3,3,"sltu	x15,x6,x24","a5,t1,s8",
80005260,mulhsu,s0:00000000,,03be2433,3,"mulhsu	x8,x28,x27","s0,t3,s11",
80005264,slti,t3:00000001,,5926ae13,3,"slti	x28,x13,1426","t3,a3,1426",
80005268,addi,a2:0000014c,,14488613,3,"addi	x12,x17,324","a2,a7,324",
80005270,or,s9:f7506680,,0127ecb3,3,"or	x25,x15,x18","s9,a5,s2",
80005274,fsgnjx.s,fs0:7fc00000,,2147a453,3,"fsgnjx.s	f8,f15,f20","fs0,fa5,fs4",
80005278,sltu,a2:00000000,,01323633,3,"sltu	x12,x4,x19","a2,tp,s3",
8000527c,and,a6:f7506680,,004cf833,3,"and	x16,x25,x4","a6,s9,tp",
80005280,divu,s4:01f285d8,,02a95a33,3,"divu	x20,x18,x10","s4,s2,a0",
80005284,fsgnjn.s,ft3:ff800000,,21a611d3,3,"fsgnjn.s	f3,f12,f26","ft3,fa2,fs10",
80005288,or,a4:00000008,,0118e733,3,"or	x14,x17,x17","a4,a7,a7",
8000528c,xor,ra:8004086b,,0069c0b3,3,"xor	x1,x19,x6","ra,s3,t1",
80005294,fcvt.w.s,a0:7fffffff,,c0097553,3,"fcvt.w.s	x10,f18","a0,fs2",
80005298,fsub.s,fs1:ff800000,,0841f4d3,3,"fsub.s	f9,f3,f4","fs1,ft3,ft4",
8000529c,srai,tp:00000000,,41d1d213,3,"srai	x4,x3,0x1d","tp,gp,0x1d",
800052a0,auipc,s10:9338e2a0,,13389d17,3,"auipc	x26,0x13389","s10,0x13389",
800052a4,fclass.s,s3:00000008,,e00399d3,3,"fclass.s	x19,f7","s3,ft7",
800052a8,fsqrt.s,ft3:80000000,,5808f1d3,3,"fsqrt.s	f3,f17","ft3,fa7",
800052ac,xori,s7:ffe326e1,,f5d14b93,3,"xori	x23,x2,-163","s7,sp,-163",
800052b0,mulhsu,ra:00000000,,03dc20b3,3,"mulhsu	x1,x24,x29","ra,s8,t4",
800052b4,xori,a7:01f28667,,3bfa4893,3,"xori	x17,x20,959","a7,s4,959",
800052b8,fcvt.s.w,ft4:41000000,,d0098253,3,"fcvt.s.w	f4,x19","ft4,s3",
800052bc,srai,s10:fffff750,,41095d13,3,"srai	x26,x18,0x10","s10,s2,0x10",
800052c0,slti,a2:00000000,,abc52613,3,"slti	x12,x10,-1348","a2,a0,-1348",
800052c4,sltu,s11:00000000,,002d3db3,3,"sltu	x27,x26,x2","s11,s10,sp",
800052c8,fmax.s,fs9:00000000,,29a59cd3,3,"fmax.s	f25,f11,f26","fs9,fa1,fs10",
800052cc,divu,s3:00000001,,02a559b3,3,"divu	x19,x10,x10","s3,a0,a0",
800052d0,srl,s6:0f750668,,00d95b33,3,"srl	x22,x18,x13","s6,s2,a3",
800052d4,sra,s9:00000000,,40ab5cb3,3,"sra	x25,x22,x10","s9,s6,a0",
800052d8,addi,t3:00000597,,598f0e13,3,"addi	x28,x30,1432","t3,t5,1432",
800052dc,srli,s5:00000000,,01915a93,3,"srli	x21,x2,0x19","s5,sp,0x19",
800052e0,fcvt.w.s,s9:00000000,,c008fcd3,3,"fcvt.w.s	x25,f17","s9,fa7",
800052e4,fdiv.s,fa7:7fc00000,,18fd28d3,3,"fdiv.s	f17,f26,f15","fa7,fs10,fa5",
800052e8,flt.s,s0:00000000,,a1249453,3,"flt.s	x8,f9,f18","s0,fs1,fs2",
800052ec,auipc,t3:98b022ec,,18afde17,3,"auipc	x28,0x18afd","t3,0x18afd",
800052f0,sub,t6:fffff750,,403d0fb3,3,"sub	x31,x26,x3","t6,s10,gp",
800052f4,or,a4:ffe72eeb,,01736733,3,"or	x14,x6,x23","a4,t1,s7",
800052f8,slli,a6:00000000,,00741813,3,"slli	x16,x8,0x7","a6,s0,0x7",
800052fc,slli,s11:07ca1760,,002a1d93,3,"slli	x27,x20,0x2","s11,s4,0x2",
80005300,fclass.s,a7:00000200,,e00418d3,3,"fclass.s	x17,f8","a7,fs0",
80005304,fsub.s,fs8:7fc00000,,091b0c53,3,"fsub.s	f24,f22,f17","fs8,fs6,fa7",
80005308,fadd.s,ft3:80000000,,00a4b1d3,3,"fadd.s	f3,f9,f10","ft3,fs1,fa0",
8000530c,fsqrt.s,fs0:00000000,,58082453,3,"fsqrt.s	f8,f16","fs0,fa6",
80005310,div,sp:ffffffff,,02f94133,3,"div	x2,x18,x15","sp,s2,a5",
80005314,mulh,a4:f845bb22,,026b1733,3,"mulh	x14,x22,x6","a4,s6,t1",
80005318,andi,t2:00000000,,0c31f393,3,"andi	x7,x3,195","t2,gp,195",
8000531c,fadd.s,fa2:7fc00000,,00b07653,3,"fadd.s	f12,f0,f11","fa2,ft0,fa1",
80005320,sub,t2:07ba44dd,,40ef03b3,3,"sub	x7,x30,x14","t2,t5,a4",
80005324,fdiv.s,ft11:7fc00000,,18cd7fd3,3,"fdiv.s	f31,f26,f12","ft11,fs10,fa2",
80005328,mul,gp:00000000,,038201b3,3,"mul	x3,x4,x24","gp,tp,s8",
8000532c,or,a2:80041fe4,,0096e633,3,"or	x12,x13,x9","a2,a3,s1",
80005330,mulh,s3:00000000,,022f19b3,3,"mulh	x19,x30,x2","s3,t5,sp",
80005334,fsgnjn.s,fa4:ffc00000,,20059753,3,"fsgnjn.s	f14,f11,f0","fa4,fa1,ft0",
80005338,fsub.s,ft9:418bf12a,,08247ed3,3,"fsub.s	f29,f8,f2","ft9,fs0,ft2",
8000533c,slt,tp:00000000,,01eb2233,3,"slt	x4,x22,x30","tp,s6,t5",
80005340,sll,a7:00000000,,006418b3,3,"sll	x17,x8,x6","a7,s0,t1",
80005344,fclass.s,s6:00000002,,e0011b53,3,"fclass.s	x22,f2","s6,ft2",
8000534c,auipc,a6:7781234c,,f780d817,3,"auipc	x16,0xf780d","a6,0xf780d",
80005350,div,s8:ffffffff,,031acc33,3,"div	x24,x21,x17","s8,s5,a7",
80005354,fsgnjn.s,fa6:ff800000,,21dd9853,3,"fsgnjn.s	f16,f27,f29","fa6,fs11,ft9",
8000535c,srl,s0:00000000,,01c45433,3,"srl	x8,x8,x28","s0,s0,t3",
80005360,fadd.s,fa3:4efffff9,,01c476d3,3,"fadd.s	f13,f8,f28","fa3,fs0,ft8",
80005364,sltiu,s10:00000001,,8af53d13,3,"sltiu	x26,x10,-1873","s10,a0,-1873",
80005368,divu,t1:40020812,,0362d333,3,"divu	x6,x5,x22","t1,t0,s6",
8000536c,divu,s11:00000001,,02a6ddb3,3,"divu	x27,x13,x10","s11,a3,a0",
80005370,fcvt.wu.s,a5:ffffffff,,c01907d3,3,"fcvt.wu.s	x15,f18","a5,fs2",
80005374,mulhu,t4:00000000,,02093eb3,3,"mulhu	x29,x18,x0","t4,s2,zero",
80005378,fmin.s,fa2:c18bf12a,,282c8653,3,"fmin.s	f12,f25,f2","fa2,fs9,ft2",
8000537c,mulhsu,s11:ffffffff,,03cc2db3,3,"mulhsu	x27,x24,x28","s11,s8,t3",
80005380,remu,s4:00000000,,0351fa33,3,"remu	x20,x3,x21","s4,gp,s5",
80005384,sltu,gp:00000001,,0098b1b3,3,"sltu	x3,x17,x9","gp,a7,s1",
80005388,div,s4:00000000,,02e14a33,3,"div	x20,x2,x14","s4,sp,a4",
80005390,add,s11:00000001,,01aa0db3,3,"add	x27,x20,x26","s11,s4,s10",
80005394,fmax.s,fs7:ff800000,,29151bd3,3,"fmax.s	f23,f10,f17","fs7,fa0,fa7",
80005398,fcvt.w.s,s7:00000011,,c00ecbd3,3,"fcvt.w.s	x23,f29","s7,ft9",
8000539c,fmv.w.x,ft8:80041024,,f0028e53,3,"fmv.w.x	f28,x5","ft8,t0",
800053a0,fcvt.w.s,t3:ffffffef,,c0011e53,3,"fcvt.w.s	x28,f2","t3,ft2",
800053a4,auipc,a7:bc66b3a4,,3c666897,3,"auipc	x17,0x3c666","a7,0x3c666",
800053a8,mulhsu,a7:00000000,,02c228b3,3,"mulhsu	x17,x4,x12","a7,tp,a2",
800053ac,andi,s7:40020800,,b0937b93,3,"andi	x23,x6,-1271","s7,t1,-1271",
800053b0,fmul.s,ft2:7fc00000,,107bf153,3,"fmul.s	f2,f23,f7","ft2,fs7,ft7",
800053b4,fmv.x.w,s7:ffc00000,,e0028bd3,3,"fmv.x.w	x23,f5","s7,ft5",
800053b8,fsgnj.s,fa1:00000000,,213a85d3,3,"fsgnj.s	f11,f21,f19","fa1,fs5,fs3",
800053bc,fsub.s,fa7:7fc00000,,092c88d3,3,"fsub.s	f17,f25,f18","fa7,fs9,fs2",
800053c4,mul,tp:08af9980,,03250233,3,"mul	x4,x10,x18","tp,a0,s2",
800053c8,andi,t3:ffc00000,,e1abfe13,3,"andi	x28,x23,-486","t3,s7,-486",
800053cc,xori,ra:80041629,,60d6c093,3,"xori	x1,x13,1549","ra,a3,1549",
800053d0,ori,a0:fffffd12,,d12ce513,3,"ori	x10,x25,-750","a0,s9,-750",
800053d4,feq.s,s11:00000000,,a0442dd3,3,"feq.s	x27,f8,f4","s11,fs0,ft4",
800053d8,xori,ra:80040df5,,2114c093,3,"xori	x1,x9,529","ra,s1,529",
800053dc,andi,t3:00000000,,49647e13,3,"andi	x28,x8,1174","t3,s0,1174",
800053e0,fdiv.s,fa0:7fc00000,,1987f553,3,"fdiv.s	f10,f15,f24","fa0,fa5,fs8",
800053e4,div,s4:ffffffff,,03d74a33,3,"div	x20,x14,x29","s4,a4,t4",
800053e8,sub,tp:80040fe2,,41648233,3,"sub	x4,x9,x22","tp,s1,s6",
800053ec,fsgnjn.s,fs7:ffffffff,,219b1bd3,3,"fsgnjn.s	f23,f22,f25","fs7,fs6,fs9",
800053f0,divu,a3:ffffffff,,033f56b3,3,"divu	x13,x30,x19","a3,t5,s3",
800053f4,sub,s9:7849cb07,,40748cb3,3,"sub	x25,x9,x7","s9,s1,t2",
800053f8,mul,s3:7ffbf01c,,02d489b3,3,"mul	x19,x9,x13","s3,s1,a3",
800053fc,fadd.s,fs3:418bf12a,,014e99d3,3,"fadd.s	f19,f29,f20","fs3,ft9,fs4",
80005400,add,tp:7ffbf01b,,01310233,3,"add	x4,x2,x19","tp,sp,s3",
80005404,sltiu,t5:00000001,,a99bbf13,3,"sltiu	x30,x23,-1383","t5,s7,-1383",
80005408,fsgnj.s,ft6:c18bf12a,,212e8353,3,"fsgnj.s	f6,f29,f18","ft6,ft9,fs2",
8000540c,fsgnj.s,fs10:7fc00000,,20f28d53,3,"fsgnj.s	f26,f5,f15","fs10,ft5,fa5",
80005410,lui,a2:f8aa7000,,f8aa7637,3,"lui	x12,0xf8aa7","a2,0xf8aa7",
80005414,addi,s4:7ffbefb3,,f9820a13,3,"addi	x20,x4,-104","s4,tp,-104",
80005418,rem,s10:f845bb22,,02576d33,3,"rem	x26,x14,x5","s10,a4,t0",
8000541c,slt,s7:00000001,,0038abb3,3,"slt	x23,x17,x3","s7,a7,gp",
80005420,mul,ra:3f75de90,,030800b3,3,"mul	x1,x16,x16","ra,a6,a6",
80005424,slt,s9:00000001,,0071acb3,3,"slt	x25,x3,x7","s9,gp,t2",
80005428,fcvt.s.wu,fs5:4efff7df,,d01a7ad3,3,"fcvt.s.wu	f21,x20","fs5,s4",
8000542c,fmax.s,ft10:418bf12a,,28b99f53,3,"fmax.s	f30,f19,f11","ft10,fs3,fa1",
80005430,lui,s3:dccb3000,,dccb39b7,3,"lui	x19,0xdccb3","s3,0xdccb3",
80005434,lui,t2:69b50000,,69b503b7,3,"lui	x7,0x69b50","t2,0x69b50",
80005438,fcvt.w.s,s5:7fffffff,,c00c0ad3,3,"fcvt.w.s	x21,f24","s5,fs8",
8000543c,sub,s11:00000002,,418b8db3,3,"sub	x27,x23,x24","s11,s7,s8",
80005440,divu,s5:00000000,,02e0dab3,3,"divu	x21,x1,x14","s5,ra,a4",
80005444,fadd.s,ft4:7fc00000,,01ab1253,3,"fadd.s	f4,f22,f26","ft4,fs6,fs10",
80005448,fcvt.w.s,s0:7fffffff,,c00f9453,3,"fcvt.w.s	x8,f31","s0,ft11",
8000544c,slli,s4:00000000,,01489a13,3,"slli	x20,x17,0x14","s4,a7,0x14",
80005450,or,t3:00000001,,011cee33,3,"or	x28,x25,x17","t3,s9,a7",
80005454,rem,a5:00000001,,0291e7b3,3,"rem	x15,x3,x9","a5,gp,s1",
80005458,fcvt.w.s,s2:00000000,,c0059953,3,"fcvt.w.s	x18,f11","s2,fa1",
8000545c,mulh,s11:01100f87,,03371db3,3,"mulh	x27,x14,x19","s11,a4,s3",
80005460,mulhsu,a5:00000000,,029ea7b3,3,"mulhsu	x15,x29,x9","a5,t4,s1",
80005464,fcvt.w.s,sp:7fffffff,,c0092153,3,"fcvt.w.s	x2,f18","sp,fs2",
80005468,flt.s,gp:00000000,,a19211d3,3,"flt.s	x3,f4,f25","gp,ft4,fs9",
8000546c,fcvt.wu.s,s11:00000000,,c010fdd3,3,"fcvt.wu.s	x27,f1","s11,ft1",
80005470,fadd.s,ft5:4efff7df,,00bac2d3,3,"fadd.s	f5,f21,f11","ft5,fs5,fa1",
80005474,divu,tp:00000000,,02cd5233,3,"divu	x4,x26,x12","tp,s10,a2",
80005478,remu,a7:40020812,,02f378b3,3,"remu	x17,x6,x15","a7,t1,a5",
8000547c,srl,sp:00000002,,00cb5133,3,"srl	x2,x22,x12","sp,s6,a2",
80005480,mulhsu,a4:00000000,,03202733,3,"mulhsu	x14,x0,x18","a4,zero,s2",
80005484,fsgnjx.s,ft7:00000000,,2010a3d3,3,"fsgnjx.s	f7,f1,f1","ft7,ft1,ft1",
80005488,fsgnjn.s,fs10:7f800000,,20949d53,3,"fsgnjn.s	f26,f9,f9","fs10,fs1,fs1",
8000548c,remu,a4:00000002,,02fb7733,3,"remu	x14,x22,x15","a4,s6,a5",
80005490,sra,ra:00000000,,401bd0b3,3,"sra	x1,x23,x1","ra,s7,ra",
80005494,divu,s3:ffffffff,,034059b3,3,"divu	x19,x0,x20","s3,zero,s4",
80005498,fadd.s,ft1:7fc00000,,011120d3,3,"fadd.s	f1,f2,f17","ft1,ft2,fa7",
8000549c,slli,s5:ff750000,,00cf9a93,3,"slli	x21,x31,0xc","s5,t6,0xc",
800054a0,fclass.s,a6:00000200,,e0021853,3,"fclass.s	x16,f4","a6,ft4",
800054a4,ori,t6:ffffff5f,,34d56f93,3,"ori	x31,x10,845","t6,a0,845",
800054a8,fmv.w.x,ft4:00000001,,f00e0253,3,"fmv.w.x	f4,x28","ft4,t3",
800054ac,flt.s,tp:00000001,,a0539253,3,"flt.s	x4,f7,f5","tp,ft7,ft5",
800054b0,feq.s,a0:00000000,,a148a553,3,"feq.s	x10,f17,f20","a0,fa7,fs4",
800054b4,remu,s10:69b50000,,0213fd33,3,"remu	x26,x7,x1","s10,t2,ra",
800054b8,fclass.s,s4:00000040,,e00a9a53,3,"fclass.s	x20,f21","s4,fs5",
800054bc,sll,s5:80040fe4,,00049ab3,3,"sll	x21,x9,x0","s5,s1,zero",
800054c0,fcvt.s.wu,fa0:3f800000,,d01e0553,3,"fcvt.s.wu	f10,x28","fa0,t3",
800054c4,andi,a4:00000020,,6312f713,3,"andi	x14,x5,1585","a4,t0,1585",
800054c8,fmv.w.x,fs7:ffffffff,,f00c0bd3,3,"fmv.w.x	f23,x24","fs7,s8",
800054cc,fcvt.s.wu,ft6:00000000,,d017a353,3,"fcvt.s.wu	f6,x15","ft6,a5",
800054d0,andi,ra:fffffd3e,,d3e9f093,3,"andi	x1,x19,-706","ra,s3,-706",
800054d4,xori,ra:fffffcc8,,cc9bc093,3,"xori	x1,x23,-823","ra,s7,-823",
800054d8,fle.s,tp:00000000,,a1c30253,3,"fle.s	x4,f6,f28","tp,ft6,ft8",
800054dc,fcvt.s.w,ft4:4e800410,,d0089253,3,"fcvt.s.w	f4,x17","ft4,a7",
800054e0,fle.s,t6:00000001,,a1d98fd3,3,"fle.s	x31,f19,f29","t6,fs3,ft9",
800054e4,fdiv.s,fa3:7fc00000,,19f276d3,3,"fdiv.s	f13,f4,f31","fa3,ft4,ft11",
800054e8,sub,s10:964b0040,,407a0d33,3,"sub	x26,x20,x7","s10,s4,t2",
800054ec,fmv.w.x,ft10:00000001,,f00c8f53,3,"fmv.w.x	f30,x25","ft10,s9",
800054f0,or,a6:00000001,,01ece833,3,"or	x16,x25,x30","a6,s9,t5",
800054f4,div,t3:fffffe64,,0360ce33,3,"div	x28,x1,x22","t3,ra,s6",
800054f8,and,s10:40020812,,0138fd33,3,"and	x26,x17,x19","s10,a7,s3",
800054fc,fadd.s,ft11:80000000,,00304fd3,3,"fadd.s	f31,f0,f3","ft11,ft0,ft3",
80005500,remu,a2:0000001f,,02ec7633,3,"remu	x12,x24,x14","a2,s8,a4",
80005504,mulh,a6:00000000,,03f11833,3,"mulh	x16,x2,x31","a6,sp,t6",
80005508,fmv.x.w,a7:4efff7df,,e00288d3,3,"fmv.x.w	x17,f5","a7,ft5",
8000550c,or,s9:ffffffff,,00d5ecb3,3,"or	x25,x11,x13","s9,a1,a3",
80005510,div,s5:00000000,,03134ab3,3,"div	x21,x6,x17","s5,t1,a7",
80005514,fle.s,s9:00000000,,a00c0cd3,3,"fle.s	x25,f24,f0","s9,fs8,ft0",
80005518,fsub.s,ft10:7f800000,,095d8f53,3,"fsub.s	f30,f27,f21","ft10,fs11,fs5",
8000551c,fle.s,s9:00000000,,a08f0cd3,3,"fle.s	x25,f30,f8","s9,ft10,fs0",
80005520,andi,s2:80041020,,a312f913,3,"andi	x18,x5,-1487","s2,t0,-1487",
80005524,fclass.s,s11:00000200,,e0089dd3,3,"fclass.s	x27,f17","s11,fa7",
80005528,flt.s,t1:00000001,,a0361353,3,"flt.s	x6,f12,f3","t1,fa2,ft3",
8000552c,fsgnjx.s,fa1:7fc00000,,212725d3,3,"fsgnjx.s	f11,f14,f18","fa1,fa4,fs2",
80005530,slt,a4:00000000,,00fba733,3,"slt	x14,x23,x15","a4,s7,a5",
80005534,sll,a6:80040fe4,,01449833,3,"sll	x16,x9,x20","a6,s1,s4",
80005538,fsgnj.s,fs9:7fc00000,,20f08cd3,3,"fsgnj.s	f25,f1,f15","fs9,ft1,fa5",
8000553c,fmv.w.x,fs5:00000000,,f00c8ad3,3,"fmv.w.x	f21,x25","fs5,s9",
80005540,andi,a3:00000000,,fd237693,3,"andi	x13,x6,-46","a3,t1,-46",
80005544,srl,a7:00000000,,017358b3,3,"srl	x17,x6,x23","a7,t1,s7",
80005548,fmv.w.x,ft0:00000000,,f0000053,3,"fmv.w.x	f0,x0","ft0,zero",
8000554c,sltu,t6:00000001,,00bfbfb3,3,"sltu	x31,x31,x11","t6,t6,a1",
80005550,fsgnjx.s,ft10:ffffffff,,21eb2f53,3,"fsgnjx.s	f30,f22,f30","ft10,fs6,ft10",
80005554,and,t4:00000000,,00dbfeb3,3,"and	x29,x23,x13","t4,s7,a3",
80005558,fcvt.wu.s,a7:ffffffff,,c01098d3,3,"fcvt.wu.s	x17,f1","a7,ft1",
80005560,fsub.s,fa3:7fc00000,,098d76d3,3,"fsub.s	f13,f26,f24","fa3,fs10,fs8",
80005564,fmv.x.w,t4:80041024,,e00e0ed3,3,"fmv.x.w	x29,f28","t4,ft8",
80005568,rem,sp:80041024,,023ee133,3,"rem	x2,x29,x3","sp,t4,gp",
8000556c,fmin.s,fa1:4efff7df,,28f285d3,3,"fmin.s	f11,f5,f15","fa1,ft5,fa5",
80005570,xor,s11:00000000,,01084db3,3,"xor	x27,x16,x16","s11,a6,a6",
80005574,xor,s2:00000000,,017f4933,3,"xor	x18,x30,x23","s2,t5,s7",
80005578,lui,s5:05d22000,,05d22ab7,3,"lui	x21,0x5d22","s5,0x5d22",
8000557c,fsub.s,ft2:7fc00000,,09e4f153,3,"fsub.s	f2,f9,f30","ft2,fs1,ft10",
80005580,fmin.s,fa5:00000000,,287107d3,3,"fmin.s	f15,f2,f7","fa5,ft2,ft7",
80005584,fmin.s,fs8:80041024,,29ca8c53,3,"fmin.s	f24,f21,f28","fs8,fs5,ft8",
80005588,slli,s3:c8000000,,01809993,3,"slli	x19,x1,0x18","s3,ra,0x18",
8000558c,addi,a4:ffffffd0,,fcff0713,3,"addi	x14,x30,-49","a4,t5,-49",
80005590,fle.s,s5:00000000,,a04c8ad3,3,"fle.s	x21,f25,f4","s5,fs9,ft4",
80005594,fle.s,a3:00000000,,a01c86d3,3,"fle.s	x13,f25,f1","a3,fs9,ft1",
80005598,flt.s,t2:00000000,,a0ee13d3,3,"flt.s	x7,f28,f14","t2,ft8,fa4",
8000559c,fsub.s,ft5:ff800000,,0884c2d3,3,"fsub.s	f5,f9,f8","ft5,fs1,fs0",
800055a0,fadd.s,ft10:7fc00000,,01707f53,3,"fadd.s	f30,f0,f23","ft10,ft0,fs7",
800055a4,flt.s,a2:00000000,,a0541653,3,"flt.s	x12,f8,f5","a2,fs0,ft5",
800055ac,fsgnjn.s,fs4:80000000,,20139a53,3,"fsgnjn.s	f20,f7,f1","fs4,ft7,ft1",
800055b0,fmin.s,ft8:00000000,,295d0e53,3,"fmin.s	f28,f26,f21","ft8,fs10,fs5",
800055b4,mul,s6:80041024,,03ab0b33,3,"mul	x22,x22,x26","s6,s6,s10",
800055b8,fmv.w.x,fa4:00000000,,f0000753,3,"fmv.w.x	f14,x0","fa4,zero",
800055bc,fcvt.w.s,sp:00000011,,c0067153,3,"fcvt.w.s	x2,f12","sp,fa2",
800055c0,fmin.s,fs5:00000000,,29cc8ad3,3,"fmin.s	f21,f25,f28","fs5,fs9,ft8",
800055c4,fsub.s,fs11:7f800000,,08adfdd3,3,"fsub.s	f27,f27,f10","fs11,fs11,fa0",
800055c8,xor,a6:77547434,,0055c833,3,"xor	x16,x11,x5","a6,a1,t0",
800055cc,fcvt.s.w,fs10:00000000,,d0057d53,3,"fcvt.s.w	f26,x10","fs10,a0",
800055d0,slti,t2:00000001,,4a702393,3,"slti	x7,x0,1191","t2,zero,1191",
800055d4,srli,a7:00000000,,008f5893,3,"srli	x17,x30,0x8","a7,t5,0x8",
800055dc,fclass.s,s10:00000010,,e0001d53,3,"fclass.s	x26,f0","s10,ft0",
800055e0,fmax.s,ft9:00000000,,28769ed3,3,"fmax.s	f29,f13,f7","ft9,fa3,ft7",
800055e4,div,t6:00000000,,03c04fb3,3,"div	x31,x0,x28","t6,zero,t3",
800055e8,fclass.s,t2:00000200,,e00693d3,3,"fclass.s	x7,f13","t2,fa3",
800055ec,fsgnjn.s,ft6:00000000,,203d1353,3,"fsgnjn.s	f6,f26,f3","ft6,fs10,ft3",
800055f0,lui,s9:405f2000,,405f2cb7,3,"lui	x25,0x405f2","s9,0x405f2",
800055f4,srl,t5:00000000,,00c95f33,3,"srl	x30,x18,x12","t5,s2,a2",
800055f8,slt,t6:00000000,,018aafb3,3,"slt	x31,x21,x24","t6,s5,s8",
800055fc,or,s9:c85f2000,,013cecb3,3,"or	x25,x25,x19","s9,s9,s3",
80005600,fsgnj.s,fa3:80000000,,217186d3,3,"fsgnj.s	f13,f3,f23","fa3,ft3,fs7",
80005604,fmv.x.w,s7:4efff7df,,e0058bd3,3,"fmv.x.w	x23,f11","s7,fa1",
80005608,or,a6:80040fe4,,00a4e833,3,"or	x16,x9,x10","a6,s1,a0",
8000560c,fcvt.wu.s,s6:00000000,,c01efb53,3,"fcvt.wu.s	x22,f29","s6,ft9",
80005610,sra,a3:00000000,,418b56b3,3,"sra	x13,x22,x24","a3,s6,s8",
80005614,sra,s3:00000000,,412b59b3,3,"sra	x19,x22,x18","s3,s6,s2",
80005618,fmin.s,fs7:00000000,,29cd8bd3,3,"fmin.s	f23,f27,f28","fs7,fs11,ft8",
8000561c,xori,a6:00000604,,604dc813,3,"xori	x16,x27,1540","a6,s11,1540",
80005620,srl,t1:00000000,,003fd333,3,"srl	x6,x31,x3","t1,t6,gp",
80005624,andi,t2:00000000,,fcd97393,3,"andi	x7,x18,-51","t2,s2,-51",
8000562c,sll,gp:00000000,,009311b3,3,"sll	x3,x6,x9","gp,t1,s1",
80005630,xor,s11:00000010,,01ed4db3,3,"xor	x27,x26,x30","s11,s10,t5",
80005634,auipc,a3:91ef2634,,11eed697,3,"auipc	x13,0x11eed","a3,0x11eed",
80005638,xori,ra:00000485,,495d4093,3,"xori	x1,x26,1173","ra,s10,1173",
8000563c,fcvt.wu.s,t6:00000000,,c0177fd3,3,"fcvt.wu.s	x31,f14","t6,fa4",
80005640,fadd.s,fa6:7fc00000,,0124f853,3,"fadd.s	f16,f9,f18","fa6,fs1,fs2",
80005644,slli,s3:00100000,,00ea1993,3,"slli	x19,x20,0xe","s3,s4,0xe",
80005648,add,a4:00000010,,01bb0733,3,"add	x14,x22,x27","a4,s6,s11",
80005650,addi,s5:0000001b,,a1780a93,3,"addi	x21,x16,-1513","s5,a6,-1513",
80005654,fsgnjn.s,ft6:80000000,,21a41353,3,"fsgnjn.s	f6,f8,f26","ft6,fs0,fs10",
8000565c,or,a4:0000001b,,006ae733,3,"or	x14,x21,x6","a4,s5,t1",
80005660,fmv.x.w,s5:00000000,,e0040ad3,3,"fmv.x.w	x21,f8","s5,fs0",
80005664,fclass.s,a5:00000040,,e00597d3,3,"fclass.s	x15,f11","a5,fa1",
80005668,fsgnj.s,fa6:7f800000,,20828853,3,"fsgnj.s	f16,f5,f8","fa6,ft5,fs0",
8000566c,lui,s8:aee54000,,aee54c37,3,"lui	x24,0xaee54","s8,0xaee54",
80005670,fmv.x.w,t4:7fc00000,,e00f0ed3,3,"fmv.x.w	x29,f30","t4,ft10",
80005674,divu,s5:07ffffff,,03a45ab3,3,"divu	x21,x8,x26","s5,s0,s10",
80005678,rem,a3:00000000,,038066b3,3,"rem	x13,x0,x24","a3,zero,s8",
8000567c,divu,t3:00000000,,03d8de33,3,"divu	x28,x17,x29","t3,a7,t4",
80005680,mul,t1:00000000,,03460333,3,"mul	x6,x12,x20","t1,a2,s4",
80005684,slt,s8:00000000,,00952c33,3,"slt	x24,x10,x9","s8,a0,s1",
80005688,fdiv.s,fs10:7fc00000,,19fead53,3,"fdiv.s	f26,f29,f31","fs10,ft9,ft11",
8000568c,fclass.s,s11:00000008,,e0019dd3,3,"fclass.s	x27,f3","s11,ft3",
80005690,flt.s,t1:00000000,,a1d09353,3,"flt.s	x6,f1,f29","t1,ft1,ft9",
80005694,or,s3:00000000,,016e69b3,3,"or	x19,x28,x22","s3,t3,s6",
80005698,sra,a3:4efff7df,,406bd6b3,3,"sra	x13,x23,x6","a3,s7,t1",
8000569c,fsgnjn.s,fa2:80000000,,202f9653,3,"fsgnjn.s	f12,f31,f2","fa2,ft11,ft2",
800056a0,mulhu,s6:0000001f,,02f43b33,3,"mulhu	x22,x8,x15","s6,s0,a5",
800056a4,fmul.s,ft7:80000000,,10b643d3,3,"fmul.s	f7,f12,f11","ft7,fa2,fa1",
800056a8,srl,t2:00000000,,014053b3,3,"srl	x7,x0,x20","t2,zero,s4",
800056ac,fmv.x.w,s10:00000000,,e00e0d53,3,"fmv.x.w	x26,f28","s10,ft8",
800056b0,fsgnjx.s,ft8:80000000,,203bae53,3,"fsgnjx.s	f28,f23,f3","ft8,fs7,ft3",
800056b4,fmin.s,fs3:80000000,,29c009d3,3,"fmin.s	f19,f0,f28","fs3,ft0,ft8",
800056b8,ori,s5:000000eb,,0eb9ea93,3,"ori	x21,x19,235","s5,s3,235",
800056bc,feq.s,ra:00000001,,a156a0d3,3,"feq.s	x1,f13,f21","ra,fa3,fs5",
800056c0,mulhu,s8:00000000,,034fbc33,3,"mulhu	x24,x31,x20","s8,t6,s4",
800056c4,auipc,s3:c7f2d6c4,,47f28997,3,"auipc	x19,0x47f28","s3,0x47f28",
800056c8,lui,a4:3f16b000,,3f16b737,3,"lui	x14,0x3f16b","a4,0x3f16b",
800056d0,fsgnjn.s,ft0:ce800410,,20b21053,3,"fsgnjn.s	f0,f4,f11","ft0,ft4,fa1",
800056d4,lui,t1:e2a79000,,e2a79337,3,"lui	x6,0xe2a79","t1,0xe2a79",
800056d8,rem,a2:7fc00000,,020ee633,3,"rem	x12,x29,x0","a2,t4,zero",
800056dc,srli,t4:00000000,,01705e93,3,"srli	x29,x0,0x17","t4,zero,0x17",
800056e0,fsgnj.s,fs3:ffc00000,,207d09d3,3,"fsgnj.s	f19,f26,f7","fs3,fs10,ft7",
800056e4,andi,sp:000002e0,,2e34f113,3,"andi	x2,x9,739","sp,s1,739",
800056e8,sltiu,s0:00000000,,258cb413,3,"sltiu	x8,x25,600","s0,s9,600",
800056ec,fmin.s,fa3:00000000,,299406d3,3,"fmin.s	f13,f8,f25","fa3,fs0,fs9",
800056f0,mulhsu,gp:00000000,,03a7a1b3,3,"mulhsu	x3,x15,x26","gp,a5,s10",
800056f4,sra,s10:00000000,,41395d33,3,"sra	x26,x18,x19","s10,s2,s3",
800056f8,fdiv.s,fa6:7fc00000,,1809f853,3,"fdiv.s	f16,f19,f0","fa6,fs3,ft0",
800056fc,fcvt.s.wu,ft9:00000000,,d011fed3,3,"fcvt.s.wu	f29,x3","ft9,gp",
80005700,andi,a0:00000014,,0f4b7513,3,"andi	x10,x22,244","a0,s6,244",
80005704,rem,t1:00000008,,030de333,3,"rem	x6,x27,x16","t1,s11,a6",
80005708,sltiu,s9:00000001,,d7c4bc93,3,"sltiu	x25,x9,-644","s9,s1,-644",
8000570c,fdiv.s,fs0:7fc00000,,185df453,3,"fdiv.s	f8,f27,f5","fs0,fs11,ft5",
80005710,mulhu,s3:00000007,,036739b3,3,"mulhu	x19,x14,x22","s3,a4,s6",
80005714,or,s0:00000040,,00f7e433,3,"or	x8,x15,x15","s0,a5,a5",
80005718,divu,gp:00000003,,034ad1b3,3,"divu	x3,x21,x20","gp,s5,s4",
8000571c,andi,sp:00000000,,d1607113,3,"andi	x2,x0,-746","sp,zero,-746",
80005720,fcvt.s.wu,fa4:3f800000,,d010c753,3,"fcvt.s.wu	f14,x1","fa4,ra",
80005724,divu,a0:ffffffff,,024f5533,3,"divu	x10,x30,x4","a0,t5,tp",
8000572c,addi,s4:000003e9,,3e9f0a13,3,"addi	x20,x30,1001","s4,t5,1001",
80005730,mulh,t1:00000000,,03cb1333,3,"mulh	x6,x22,x28","t1,s6,t3",
80005734,divu,ra:0000014d,,023a50b3,3,"divu	x1,x20,x3","ra,s4,gp",
80005738,sub,a7:08af9bf7,,40b988b3,3,"sub	x17,x19,x11","a7,s3,a1",
8000573c,fle.s,s2:00000000,,a1330953,3,"fle.s	x18,f6,f19","s2,ft6,fs3",
80005740,andi,a4:0000000e,,00e6f713,3,"andi	x14,x13,14","a4,a3,14",
80005744,fmax.s,ft11:3f800000,,28ef1fd3,3,"fmax.s	f31,f30,f14","ft11,ft10,fa4",
80005748,fclass.s,t3:00000200,,e0089e53,3,"fclass.s	x28,f17","t3,fa7",
8000574c,fsgnjn.s,fs1:80000000,,20fa94d3,3,"fsgnjn.s	f9,f21,f15","fs1,fs5,fa5",
80005750,sll,s11:00000000,,00739db3,3,"sll	x27,x7,x7","s11,t2,t2",
80005754,sltiu,a0:00000001,,a878b513,3,"sltiu	x10,x17,-1401","a0,a7,-1401",
80005758,fle.s,a0:00000001,,a04e8553,3,"fle.s	x10,f29,f4","a0,ft9,ft4",
8000575c,addi,gp:000001f2,,1f238193,3,"addi	x3,x7,498","gp,t2,498",
80005760,mulhsu,s2:00000000,,034fa933,3,"mulhsu	x18,x31,x20","s2,t6,s4",
80005764,fsgnj.s,ft6:80000000,,20678353,3,"fsgnj.s	f6,f15,f6","ft6,fa5,ft6",
80005768,fcvt.wu.s,s9:ffffffff,,c01b1cd3,3,"fcvt.wu.s	x25,f22","s9,fs6",
8000576c,fsgnjx.s,ft7:3f800000,,215fa3d3,3,"fsgnjx.s	f7,f31,f21","ft7,ft11,fs5",
80005774,sltiu,s7:00000001,,a1753b93,3,"sltiu	x23,x10,-1513","s7,a0,-1513",
80005778,auipc,s5:3a1fb778,,ba1f6a97,3,"auipc	x21,0xba1f6","s5,0xba1f6",
8000577c,ori,s9:fffffe00,,e00d6c93,3,"ori	x25,x26,-512","s9,s10,-512",
80005780,fle.s,t2:00000000,,a02683d3,3,"fle.s	x7,f13,f2","t2,fa3,ft2",
80005784,slt,a4:00000001,,00dca733,3,"slt	x14,x25,x13","a4,s9,a3",
80005788,and,s10:00000000,,0044fd33,3,"and	x26,x9,x4","s10,s1,tp",
8000578c,xori,t4:000007af,,7af14e93,3,"xori	x29,x2,1967","t4,sp,1967",
80005790,fsgnjx.s,fa2:ffc00000,,20512653,3,"fsgnjx.s	f12,f2,f5","fa2,ft2,ft5",
80005794,sll,a5:f6ef0000,,001a97b3,3,"sll	x15,x21,x1","a5,s5,ra",
80005798,fdiv.s,fs8:4e8003ac,,18e22c53,3,"fdiv.s	f24,f4,f14","fs8,ft4,fa4",
8000579c,remu,a0:00000001,,02477533,3,"remu	x10,x14,x4","a0,a4,tp",
800057a0,fadd.s,ft6:ce800410,,01403353,3,"fadd.s	f6,f0,f20","ft6,ft0,fs4",
800057a4,div,t6:00000001,,023e4fb3,3,"div	x31,x28,x3","t6,t3,gp",
800057ac,or,s8:000007bf,,016eec33,3,"or	x24,x29,x22","s8,t4,s6",
800057b0,or,tp:000007bf,,01806233,3,"or	x4,x0,x24","tp,zero,s8",
800057b4,fsgnjn.s,ft6:ce800410,,21721353,3,"fsgnjn.s	f6,f4,f23","ft6,ft4,fs7",
800057b8,flt.s,t5:00000000,,a1941f53,3,"flt.s	x30,f8,f25","t5,fs0,fs9",
800057bc,xor,t2:00000000,,007dc3b3,3,"xor	x7,x27,x7","t2,s11,t2",
800057c0,xori,t6:fffffdff,,dff34f93,3,"xori	x31,x6,-513","t6,t1,-513",
800057c4,slli,sp:00000000,,01ce1113,3,"slli	x2,x28,0x1c","sp,t3,0x1c",
800057c8,ori,t3:fffffc9c,,c9c96e13,3,"ori	x28,x18,-868","t3,s2,-868",
800057cc,div,s10:ffffffff,,03234d33,3,"div	x26,x6,x18","s10,t1,s2",
800057d0,srl,s4:80041024,,00f2da33,3,"srl	x20,x5,x15","s4,t0,a5",
800057d8,andi,s9:00000000,,3fc97c93,3,"andi	x25,x18,1020","s9,s2,1020",
800057dc,mul,ra:1a62a720,,02b180b3,3,"mul	x1,x3,x11","ra,gp,a1",
800057e0,fmv.w.x,fs9:00000007,,f0098cd3,3,"fmv.w.x	f25,x19","fs9,s3",
800057e4,fmv.w.x,ft4:00000000,,f0030253,3,"fmv.w.x	f4,x6","ft4,t1",
800057e8,divu,gp:00000000,,0350d1b3,3,"divu	x3,x1,x21","gp,ra,s5",
800057ec,rem,gp:00000000,,027061b3,3,"rem	x3,x0,x7","gp,zero,t2",
800057f0,auipc,a0:dfe867f0,,5fe81517,3,"auipc	x10,0x5fe81","a0,0x5fe81",
800057f4,andi,a4:00000008,,c68b7713,3,"andi	x14,x22,-920","a4,s6,-920",
800057f8,fclass.s,a7:00000040,,e00398d3,3,"fclass.s	x17,f7","a7,ft7",
800057fc,srl,s9:00009dff,,01d6dcb3,3,"srl	x25,x13,x29","s9,a3,t4",
80005800,fsgnjx.s,fs2:ffc00000,,20d92953,3,"fsgnjx.s	f18,f18,f13","fs2,fs2,fa3",
80005804,slt,t4:00000001,,0169aeb3,3,"slt	x29,x19,x22","t4,s3,s6",
80005808,fsqrt.s,fs6:00000000,,58027b53,3,"fsqrt.s	f22,f4","fs6,ft4",
8000580c,sll,tp:07bf0000,,00bc1233,3,"sll	x4,x24,x11","tp,s8,a1",
80005810,div,tp:ffffffff,,026f4233,3,"div	x4,x30,x6","tp,t5,t1",
80005814,feq.s,s9:00000000,,a1c0acd3,3,"feq.s	x25,f1,f28","s9,ft1,ft8",
80005818,fmin.s,fs10:7fc00000,,28c88d53,3,"fmin.s	f26,f17,f12","fs10,fa7,fa2",
8000581c,fmax.s,ft5:00000000,,282792d3,3,"fmax.s	f5,f15,f2","ft5,fa5,ft2",
80005820,fsqrt.s,fs11:80000000,,5804cdd3,3,"fsqrt.s	f27,f9","fs11,fs1",
80005824,fsgnj.s,fs8:80000000,,20928c53,3,"fsgnj.s	f24,f5,f9","fs8,ft5,fs1",
80005828,lui,tp:9851d000,,9851d237,3,"lui	x4,0x9851d","tp,0x9851d",
8000582c,feq.s,t3:00000000,,a1672e53,3,"feq.s	x28,f14,f22","t3,fa4,fs6",
80005830,fsqrt.s,ft6:80000000,,5804f353,3,"fsqrt.s	f6,f9","ft6,fs1",
80005834,mulhu,t2:00000000,,03da33b3,3,"mulhu	x7,x20,x29","t2,s4,t4",
80005838,sub,t2:00000604,,412803b3,3,"sub	x7,x16,x18","t2,a6,s2",
8000583c,sltu,a6:00000001,,00533833,3,"sltu	x16,x6,x5","a6,t1,t0",
80005840,sub,tp:00000001,,41280233,3,"sub	x4,x16,x18","tp,a6,s2",
80005844,slli,s7:00000000,,01fe1b93,3,"slli	x23,x28,0x1f","s7,t3,0x1f",
80005848,div,sp:00000000,,02dec133,3,"div	x2,x29,x13","sp,t4,a3",
8000584c,fadd.s,fs1:7fc00000,,011a74d3,3,"fadd.s	f9,f20,f17","fs1,fs4,fa7",
80005850,fcvt.s.w,fs5:00000000,,d0017ad3,3,"fcvt.s.w	f21,x2","fs5,sp",
80005854,divu,a2:ffffffff,,03e1d633,3,"divu	x12,x3,x30","a2,gp,t5",
80005858,fmv.w.x,ft4:00000007,,f0098253,3,"fmv.w.x	f4,x19","ft4,s3",
8000585c,slt,a2:00000000,,0145a633,3,"slt	x12,x11,x20","a2,a1,s4",
80005860,fmv.x.w,a3:00000007,,e00c86d3,3,"fmv.x.w	x13,f25","a3,fs9",
80005864,srai,t6:0000003d,,405c5f93,3,"srai	x31,x24,0x5","t6,s8,0x5",
80005868,fsgnjx.s,fa2:00000000,,20db2653,3,"fsgnjx.s	f12,f22,f13","fa2,fs6,fa3",
8000586c,fadd.s,fa7:ce800410,,000a08d3,3,"fadd.s	f17,f20,f0","fa7,fs4,ft0",
80005870,srl,t2:00000001,,01ced3b3,3,"srl	x7,x29,x28","t2,t4,t3",
80005874,fsgnjx.s,ft1:00000007,,217ca0d3,3,"fsgnjx.s	f1,f25,f23","ft1,fs9,fs7",
80005878,fsgnj.s,fs3:ce800410,,203009d3,3,"fsgnj.s	f19,f0,f3","fs3,ft0,ft3",
8000587c,fsgnj.s,ft6:00000000,,210e8353,3,"fsgnj.s	f6,f29,f16","ft6,ft9,fa6",
80005880,fmax.s,fa1:4efff7df,,293595d3,3,"fmax.s	f11,f11,f19","fa1,fa1,fs3",
80005884,fsgnj.s,fs4:00000000,,204a8a53,3,"fsgnj.s	f20,f21,f4","fs4,fs5,ft4",
80005888,and,t4:00000000,,01e8feb3,3,"and	x29,x17,x30","t4,a7,t5",
8000588c,remu,s0:00000040,,02047433,3,"remu	x8,x8,x0","s0,s0,zero",
80005890,mulhsu,s2:00000000,,035ba933,3,"mulhsu	x18,x23,x21","s2,s7,s5",
80005894,fsgnjn.s,fa4:ffc00000,,20ed1753,3,"fsgnjn.s	f14,f26,f14","fa4,fs10,fa4",
80005898,fclass.s,s4:00000200,,e0091a53,3,"fclass.s	x20,f18","s4,fs2",
8000589c,fmv.x.w,t6:ce800410,,e0000fd3,3,"fmv.x.w	x31,f0","t6,ft0",
800058a0,fmin.s,fs1:00000000,,28fa84d3,3,"fmin.s	f9,f21,f15","fs1,fs5,fa5",
800058a4,rem,t3:00000000,,035e6e33,3,"rem	x28,x28,x21","t3,t3,s5",
800058a8,sub,t1:ce80040f,,407f8333,3,"sub	x6,x31,x7","t1,t6,t2",
800058ac,srl,ra:00000000,,00b3d0b3,3,"srl	x1,x7,x11","ra,t2,a1",
800058b0,fadd.s,ft0:00000000,,017e4053,3,"fadd.s	f0,f28,f23","ft0,ft8,fs7",
800058b4,fcvt.s.w,ft5:00000000,,d00bf2d3,3,"fcvt.s.w	f5,x23","ft5,s7",
800058b8,lui,a4:e314e000,,e314e737,3,"lui	x14,0xe314e","a4,0xe314e",
800058bc,remu,s5:00000000,,038cfab3,3,"remu	x21,x25,x24","s5,s9,s8",
800058c0,addi,s8:00000032,,032c8c13,3,"addi	x24,x25,50","s8,s9,50",
800058c4,slti,t1:00000000,,9e182313,3,"slti	x6,x16,-1567","t1,a6,-1567",
800058c8,fadd.s,ft9:80000000,,00349ed3,3,"fadd.s	f29,f9,f3","ft9,fs1,ft3",
800058cc,andi,sp:00000000,,5e227113,3,"andi	x2,x4,1506","sp,tp,1506",
800058d0,sltiu,ra:00000001,,4af0b093,3,"sltiu	x1,x1,1199","ra,ra,1199",
800058d4,remu,t4:00000000,,021dfeb3,3,"remu	x29,x27,x1","t4,s11,ra",
800058d8,mulhsu,s5:f867247d,,02a5aab3,3,"mulhsu	x21,x11,x10","s5,a1,a0",
800058dc,fmv.x.w,s4:00000000,,e0060a53,3,"fmv.x.w	x20,f12","s4,fa2",
800058e0,xori,s2:0910f951,,9517c913,3,"xori	x18,x15,-1711","s2,a5,-1711",
800058e4,andi,a7:0910f850,,efc97893,3,"andi	x17,x18,-260","a7,s2,-260",
800058e8,or,s2:00000000,,01d16933,3,"or	x18,x2,x29","s2,sp,t4",
800058ec,fcvt.s.wu,fa1:00000000,,d01375d3,3,"fcvt.s.wu	f11,x6","fa1,t1",
800058f0,fadd.s,fs10:7fc00000,,00517d53,3,"fadd.s	f26,f2,f5","fs10,ft2,ft5",
800058f8,fsub.s,fs9:7fc00000,,09ab9cd3,3,"fsub.s	f25,f23,f26","fs9,fs7,fs10",
800058fc,fcvt.w.s,s0:00000001,,c003f453,3,"fcvt.w.s	x8,f7","s0,ft7",
80005904,fcvt.w.s,s0:00000000,,c00c1453,3,"fcvt.w.s	x8,f24","s0,fs8",
80005908,fsqrt.s,ft3:80000000,,580da1d3,3,"fsqrt.s	f3,f27","ft3,fs11",
8000590c,sltiu,a3:00000001,,f381b693,3,"sltiu	x13,x3,-200","a3,gp,-200",
80005910,fcvt.s.wu,ft3:00000000,,d01c91d3,3,"fcvt.s.wu	f3,x25","ft3,s9",
80005914,fsgnj.s,ft2:3f800000,,204f8153,3,"fsgnj.s	f2,f31,f4","ft2,ft11,ft4",
80005918,xor,sp:00000000,,01d04133,3,"xor	x2,x0,x29","sp,zero,t4",
8000591c,srai,s9:00000000,,418e5c93,3,"srai	x25,x28,0x18","s9,t3,0x18",
80005920,sltu,s8:00000001,,01f33c33,3,"sltu	x24,x6,x31","s8,t1,t6",
80005924,fcvt.wu.s,a4:00000000,,c01ef753,3,"fcvt.wu.s	x14,f29","a4,ft9",
8000592c,fadd.s,fs8:ce800410,,0038fc53,3,"fadd.s	f24,f17,f3","fs8,fa7,ft3",
80005930,mulhu,s3:00000000,,033db9b3,3,"mulhu	x19,x27,x19","s3,s11,s3",
80005934,fsub.s,fs2:3f800000,,0963f953,3,"fsub.s	f18,f7,f22","fs2,ft7,fs6",
8000593c,fadd.s,fs9:7fc00000,,01b41cd3,3,"fadd.s	f25,f8,f27","fs9,fs0,fs11",
80005940,sltu,tp:00000000,,0175b233,3,"sltu	x4,x11,x23","tp,a1,s7",
80005944,sltiu,s11:00000001,,bf28bd93,3,"sltiu	x27,x17,-1038","s11,a7,-1038",
80005948,mulhsu,a6:ffffffff,,03baa833,3,"mulhsu	x16,x21,x27","a6,s5,s11",
8000594c,fcvt.w.s,s8:00000000,,c005ac53,3,"fcvt.w.s	x24,f11","s8,fa1",
80005950,fcvt.wu.s,s8:ffffffff,,c01f7c53,3,"fcvt.wu.s	x24,f30","s8,ft10",
80005954,fcvt.wu.s,s7:ffffffff,,c0144bd3,3,"fcvt.wu.s	x23,f8","s7,fs0",
80005958,fcvt.s.w,fs5:cd111000,,d007fad3,3,"fcvt.s.w	f21,x15","fs5,a5",
8000595c,fmv.x.w,s9:00000000,,e0060cd3,3,"fmv.x.w	x25,f12","s9,fa2",
80005960,mulh,t5:00000000,,03379f33,3,"mulh	x30,x15,x19","t5,a5,s3",
80005964,srl,a0:0000ffff,,00bbd533,3,"srl	x10,x23,x11","a0,s7,a1",
80005968,sltiu,s7:00000001,,ff513b93,3,"sltiu	x23,x2,-11","s7,sp,-11",
8000596c,fmul.s,fs4:00000000,,10cffa53,3,"fmul.s	f20,f31,f12","fs4,ft11,fa2",
80005970,addi,ra:0000043d,,43dc8093,3,"addi	x1,x25,1085","ra,s9,1085",
80005974,mulhu,t4:00000000,,0353beb3,3,"mulhu	x29,x7,x21","t4,t2,s5",
80005978,sltiu,t3:00000000,,95dc3e13,3,"sltiu	x28,x24,-1699","t3,s8,-1699",
8000597c,fsgnjx.s,ft9:00000000,,205b2ed3,3,"fsgnjx.s	f29,f22,f5","ft9,fs6,ft5",
80005980,srli,ra:00000000,,00c35093,3,"srli	x1,x6,0xc","ra,t1,0xc",
80005984,fdiv.s,fs0:3f000410,,19389453,3,"fdiv.s	f8,f17,f19","fs0,fa7,fs3",
80005988,ori,s7:fffffc18,,c1836b93,3,"ori	x23,x6,-1000","s7,t1,-1000",
8000598c,sltu,s7:00000001,,01a4bbb3,3,"sltu	x23,x9,x26","s7,s1,s10",
80005990,xor,t4:f7506410,,0085ceb3,3,"xor	x29,x11,x8","t4,a1,s0",
80005994,or,t3:f7506411,,00deee33,3,"or	x28,x29,x13","t3,t4,a3",
80005998,fmax.s,ft3:3f800000,,28ae91d3,3,"fmax.s	f3,f29,f10","ft3,ft9,fa0",
8000599c,fle.s,t6:00000000,,a02f0fd3,3,"fle.s	x31,f30,f2","t6,ft10,ft2",
800059a0,srai,a4:00000000,,4151d713,3,"srai	x14,x3,0x15","a4,gp,0x15",
800059a4,sub,a5:ffffffff,,41b707b3,3,"sub	x15,x14,x27","a5,a4,s11",
800059a8,add,s11:0000001f,,016f0db3,3,"add	x27,x30,x22","s11,t5,s6",
800059ac,slt,s5:00000001,,00a1aab3,3,"slt	x21,x3,x10","s5,gp,a0",
800059b0,slt,ra:00000000,,013a20b3,3,"slt	x1,x20,x19","ra,s4,s3",
800059b4,fcvt.wu.s,s8:00000000,,c010bc53,3,"fcvt.wu.s	x24,f1","s8,ft1",
800059b8,mulh,s0:00000000,,02219433,3,"mulh	x8,x3,x2","s0,gp,sp",
800059bc,mulhu,tp:00000000,,03e13233,3,"mulhu	x4,x2,x30","tp,sp,t5",
800059c0,fcvt.s.wu,fs11:4f000411,,d012add3,3,"fcvt.s.wu	f27,x5","fs11,t0",
800059c4,fsub.s,fs7:bf800000,,09fb9bd3,3,"fsub.s	f23,f23,f31","fs7,fs7,ft11",
800059c8,div,t4:ffffffff,,022dceb3,3,"div	x29,x27,x2","t4,s11,sp",
800059cc,xori,s10:f6ef035b,,b0b8cd13,3,"xori	x26,x17,-1269","s10,a7,-1269",
800059d0,srai,t6:00000000,,41eadf93,3,"srai	x31,x21,0x1e","t6,s5,0x1e",
800059d4,fcvt.w.s,a3:00000001,,c001b6d3,3,"fcvt.w.s	x13,f3","a3,ft3",
800059d8,fcvt.w.s,sp:00000001,,c0017153,3,"fcvt.w.s	x2,f2","sp,ft2",
800059dc,xori,tp:0000074f,,74f94213,3,"xori	x4,x18,1871","tp,s2,1871",
800059e0,sltiu,s6:00000001,,4b5bbb13,3,"sltiu	x22,x23,1205","s6,s7,1205",
800059e4,fmul.s,ft8:00000000,,1045fe53,3,"fmul.s	f28,f11,f4","ft8,fa1,ft4",
800059e8,fmul.s,fa6:7fc00000,,105f7853,3,"fmul.s	f16,f30,f5","fa6,ft10,ft5",
800059ec,sltu,s6:00000000,,009e3b33,3,"sltu	x22,x28,x9","s6,t3,s1",
800059f0,fcvt.wu.s,s2:ffffffff,,c01f2953,3,"fcvt.wu.s	x18,f30","s2,ft10",
800059f4,slt,s10:00000000,,005b2d33,3,"slt	x26,x22,x5","s10,s6,t0",
800059f8,xor,s4:00000001,,0170ca33,3,"xor	x20,x1,x23","s4,ra,s7",
800059fc,fsgnj.s,fs2:00000000,,214b0953,3,"fsgnj.s	f18,f22,f20","fs2,fs6,fs4",
80005a00,mulhu,s9:00000000,,02613cb3,3,"mulhu	x25,x2,x6","s9,sp,t1",
80005a04,or,s3:0000074f,,016269b3,3,"or	x19,x4,x22","s3,tp,s6",
80005a08,xor,s0:f7506411,,01ee4433,3,"xor	x8,x28,x30","s0,t3,t5",
80005a0c,mulhsu,t3:00000000,,026eae33,3,"mulhsu	x28,x29,x6","t3,t4,t1",
80005a10,slli,s9:f8000000,,01b79c93,3,"slli	x25,x15,0x1b","s9,a5,0x1b",
80005a18,fcvt.wu.s,t3:00000000,,c01efe53,3,"fcvt.wu.s	x28,f29","t3,ft9",
80005a1c,srl,s4:40020812,,0172da33,3,"srl	x20,x5,x23","s4,t0,s7",
80005a20,sra,sp:00000000,,41705133,3,"sra	x2,x0,x23","sp,zero,s7",
80005a24,srai,s2:00000000,,415d5913,3,"srai	x18,x26,0x15","s2,s10,0x15",
80005a28,fmin.s,ft6:00000000,,28378353,3,"fmin.s	f6,f15,f3","ft6,fa5,ft3",
80005a2c,sub,t3:00000000,,416e0e33,3,"sub	x28,x28,x22","t3,t3,s6",
80005a30,fsgnj.s,fs2:bf800000,,20ef8953,3,"fsgnj.s	f18,f31,f14","fs2,ft11,fa4",
80005a34,fcvt.s.w,fa0:cd0af9bf,,d005a553,3,"fcvt.s.w	f10,x11","fa0,a1",
80005a38,fcvt.s.w,ft5:00000000,,d000f2d3,3,"fcvt.s.w	f5,x1","ft5,ra",
80005a3c,fmul.s,fs7:00000000,,10c3fbd3,3,"fmul.s	f23,f7,f12","fs7,ft7,fa2",
80005a40,flt.s,a3:00000000,,a0a496d3,3,"flt.s	x13,f9,f10","a3,fs1,fa0",
80005a44,fcvt.w.s,ra:00000000,,c00600d3,3,"fcvt.w.s	x1,f12","ra,fa2",
80005a48,fle.s,s10:00000000,,a11a8d53,3,"fle.s	x26,f21,f17","s10,fs5,fa7",
80005a4c,flt.s,t1:00000000,,a07c9353,3,"flt.s	x6,f25,f7","t1,fs9,ft7",
80005a50,slt,t1:00000000,,00172333,3,"slt	x6,x14,x1","t1,a4,ra",
80005a54,slt,s0:00000000,,012b2433,3,"slt	x8,x22,x18","s0,s6,s2",
80005a5c,slli,t4:0007c000,,00ed9e93,3,"slli	x29,x27,0xe","t4,s11,0xe",
80005a60,sra,s7:00000000,,41d75bb3,3,"sra	x23,x14,x29","s7,a4,t4",
80005a64,or,t6:00000000,,017b6fb3,3,"or	x31,x22,x23","t6,s6,s7",
80005a68,and,s10:00000840,,0098fd33,3,"and	x26,x17,x9","s10,a7,s1",
80005a6c,fmin.s,fs9:00000000,,29db8cd3,3,"fmin.s	f25,f23,f29","fs9,fs7,ft9",
80005a70,fsgnj.s,fs8:00000000,,20fc8c53,3,"fsgnj.s	f24,f25,f15","fs8,fs9,fa5",
80005a74,srl,ra:00000001,,0013d0b3,3,"srl	x1,x7,x1","ra,t2,ra",
80005a78,sltu,sp:00000001,,00733133,3,"sltu	x2,x6,x7","sp,t1,t2",
80005a7c,sub,s11:00000000,,40018db3,3,"sub	x27,x3,x0","s11,gp,zero",
80005a80,add,s5:f751640f,,00a58ab3,3,"add	x21,x11,x10","s5,a1,a0",
80005a84,mulh,a6:00000000,,03bb9833,3,"mulh	x16,x23,x27","a6,s7,s11",
80005a88,xor,a0:0007c001,,01d3c533,3,"xor	x10,x7,x29","a0,t2,t4",
80005a8c,or,s7:40020812,,014b6bb3,3,"or	x23,x22,x20","s7,s6,s4",
80005a90,slti,a4:00000001,,3db82713,3,"slti	x14,x16,987","a4,a6,987",
80005a94,fsgnjx.s,fa2:7fc00000,,202d2653,3,"fsgnjx.s	f12,f26,f2","fa2,fs10,ft2",
80005a98,fcvt.s.w,fa3:00000000,,d00c76d3,3,"fcvt.s.w	f13,x24","fa3,s8",
80005a9c,fsub.s,fs11:80000000,,094efdd3,3,"fsub.s	f27,f29,f20","fs11,ft9,fs4",
80005aa0,and,t6:00000000,,01c6ffb3,3,"and	x31,x13,x28","t6,a3,t3",
80005aa4,sltu,s0:00000000,,00273433,3,"sltu	x8,x14,x2","s0,a4,sp",
80005aa8,fmv.w.x,ft2:00000000,,f0068153,3,"fmv.w.x	f2,x13","ft2,a3",
80005aac,fsqrt.s,fs9:00000000,,580a2cd3,3,"fsqrt.s	f25,f20","fs9,fs4",
80005ab0,fle.s,a7:00000000,,a04d08d3,3,"fle.s	x17,f26,f4","a7,fs10,ft4",
80005ab4,fsgnj.s,fa2:00000000,,21810653,3,"fsgnj.s	f12,f2,f24","fa2,ft2,fs8",
80005ab8,fcvt.s.wu,ft8:00000000,,d0167e53,3,"fcvt.s.wu	f28,x12","ft8,a2",
80005abc,ori,sp:800411fc,,1f82e113,3,"ori	x2,x5,504","sp,t0,504",
80005ac0,remu,t4:00000000,,038c7eb3,3,"remu	x29,x24,x24","t4,s8,s8",
80005ac4,rem,t2:00000000,,034be3b3,3,"rem	x7,x23,x20","t2,s7,s4",
80005acc,divu,a0:0021eec2,,033cd533,3,"divu	x10,x25,x19","a0,s9,s3",
80005ad0,fmul.s,fa7:80000000,,116df8d3,3,"fmul.s	f17,f27,f22","fa7,fs11,fs6",
80005ad4,or,s7:00000000,,018b6bb3,3,"or	x23,x22,x24","s7,s6,s8",
80005ad8,slt,t6:00000000,,00cb2fb3,3,"slt	x31,x22,x12","t6,s6,a2",
80005adc,fcvt.wu.s,s8:00000000,,c016cc53,3,"fcvt.wu.s	x24,f13","s8,fa3",
80005ae0,srl,tp:00000000,,01935233,3,"srl	x4,x6,x25","tp,t1,s9",
80005ae4,srai,a0:00000000,,41d0d513,3,"srai	x10,x1,0x1d","a0,ra,0x1d",
80005ae8,lui,s3:0fcdd000,,0fcdd9b7,3,"lui	x19,0xfcdd","s3,0xfcdd",
80005aec,slli,t2:00000000,,00e39393,3,"slli	x7,x7,0xe","t2,t2,0xe",
80005af0,sltiu,s3:00000001,,17143993,3,"sltiu	x19,x8,369","s3,s0,369",
80005af4,fsqrt.s,fs4:00000000,,5802fa53,3,"fsqrt.s	f20,f5","fs4,ft5",
80005af8,sub,s11:f7506410,,40a58db3,3,"sub	x27,x11,x10","s11,a1,a0",
80005afc,fmul.s,ft2:3f800000,,11fff153,3,"fmul.s	f2,f31,f31","ft2,ft11,ft11",
80005b00,fsqrt.s,fs7:00000000,,58078bd3,3,"fsqrt.s	f23,f15","fs7,fa5",
80005b04,fcvt.s.w,fa0:00000000,,d00b7553,3,"fcvt.s.w	f10,x22","fa0,s6",
80005b08,fcvt.w.s,s3:00000000,,c005b9d3,3,"fcvt.w.s	x19,f11","s3,fa1",
80005b0c,fclass.s,t5:00000010,,e00e9f53,3,"fclass.s	x30,f29","t5,ft9",
80005b10,slli,t6:82000000,,01559f93,3,"slli	x31,x11,0x15","t6,a1,0x15",
80005b14,div,gp:00000000,,0298c1b3,3,"div	x3,x17,x9","gp,a7,s1",
80005b18,divu,t3:ffffffff,,030d5e33,3,"divu	x28,x26,x16","t3,s10,a6",
80005b1c,addi,s3:0000066d,,66e78993,3,"addi	x19,x15,1646","s3,a5,1646",
80005b20,ori,s2:00000411,,41146913,3,"ori	x18,x8,1041","s2,s0,1041",
80005b24,addi,a0:0000060d,,5fdf0513,3,"addi	x10,x30,1533","a0,t5,1533",
80005b28,xori,s3:00000688,,0e59c993,3,"xori	x19,x19,229","s3,s3,229",
80005b2c,addi,a4:fffff8b6,,8b6c0713,3,"addi	x14,x24,-1866","a4,s8,-1866",
80005b30,lui,a0:642d0000,,642d0537,3,"lui	x10,0x642d0","a0,0x642d0",
80005b34,slt,gp:00000000,,01cb21b3,3,"slt	x3,x22,x28","gp,s6,t3",
80005b38,fcvt.s.wu,ft5:4f775064,,d01d82d3,3,"fcvt.s.wu	f5,x27","ft5,s11",
80005b3c,ori,tp:000006e9,,6e946213,3,"ori	x4,x8,1769","tp,s0,1769",
80005b40,mulh,t4:00000000,,03839eb3,3,"mulh	x29,x7,x24","t4,t2,s8",
80005b44,add,sp:82000000,,01f68133,3,"add	x2,x13,x31","sp,a3,t6",
80005b4c,lui,t1:c1620000,,c1620337,3,"lui	x6,0xc1620","t1,0xc1620",
80005b50,flt.s,t3:00000000,,a1039e53,3,"flt.s	x28,f7,f16","t3,ft7,fa6",
80005b54,auipc,s2:f5b92b54,,75b8d917,3,"auipc	x18,0x75b8d","s2,0x75b8d",
80005b58,ori,t6:fffffd1b,,d1b86f93,3,"ori	x31,x16,-741","t6,a6,-741",
80005b5c,sll,t5:20000000,,00511f33,3,"sll	x30,x2,x5","t5,sp,t0",
80005b60,fsqrt.s,ft4:00000000,,580e2253,3,"fsqrt.s	f4,f28","ft4,ft8",
80005b64,lui,t5:8aa63000,,8aa63f37,3,"lui	x30,0x8aa63","t5,0x8aa63",
80005b68,or,a6:642d0000,,00aee833,3,"or	x16,x29,x10","a6,t4,a0",
80005b6c,xori,s3:fffffe39,,e391c993,3,"xori	x19,x3,-455","s3,gp,-455",
80005b70,rem,a3:00000000,,030be6b3,3,"rem	x13,x23,x16","a3,s7,a6",
80005b74,add,s7:f751640f,,01518bb3,3,"add	x23,x3,x21","s7,gp,s5",
80005b78,fdiv.s,ft10:7fc00000,,19c84f53,3,"fdiv.s	f30,f16,f28","ft10,fa6,ft8",
80005b7c,remu,t1:37f9e7ca,,034cf333,3,"remu	x6,x25,x20","t1,s9,s4",
80005b80,srli,a3:1fffffc7,,0039d693,3,"srli	x13,x19,0x3","a3,s3,0x3",
80005b84,or,a5:642d0000,,010b67b3,3,"or	x15,x22,x16","a5,s6,a6",
80005b88,remu,t4:00000001,,0330feb3,3,"remu	x29,x1,x19","t4,ra,s3",
80005b8c,fmul.s,ft8:80000000,,10694e53,3,"fmul.s	f28,f18,f6","ft8,fs2,ft6",
80005b90,add,a2:f7506410,,01658633,3,"add	x12,x11,x22","a2,a1,s6",
80005b94,and,a3:00000840,,01a4f6b3,3,"and	x13,x9,x26","a3,s1,s10",
80005b98,fsqrt.s,ft1:00000000,,580070d3,3,"fsqrt.s	f1,f0","ft1,ft0",
80005b9c,and,ra:00000000,,005070b3,3,"and	x1,x0,x5","ra,zero,t0",
80005ba0,fcvt.s.w,fs8:00000000,,d00c7c53,3,"fcvt.s.w	f24,x24","fs8,s8",
80005ba4,fcvt.wu.s,ra:00000000,,c01ca0d3,3,"fcvt.wu.s	x1,f25","ra,fs9",
80005ba8,srai,s10:00000000,,4110dd13,3,"srai	x26,x1,0x11","s10,ra,0x11",
80005bac,fcvt.wu.s,s3:00000000,,c01249d3,3,"fcvt.wu.s	x19,f4","s3,ft4",
80005bb0,fmv.x.w,s7:3f800000,,e0010bd3,3,"fmv.x.w	x23,f2","s7,ft2",
80005bb4,fsgnjn.s,ft1:80000000,,21d610d3,3,"fsgnjn.s	f1,f12,f29","ft1,fa2,ft9",
80005bb8,srli,t6:1eea0c82,,00365f93,3,"srli	x31,x12,0x3","t6,a2,0x3",
80005bbc,fmv.x.w,t2:ffc00000,,e00703d3,3,"fmv.x.w	x7,f14","t2,fa4",
80005bc0,fdiv.s,fs1:7fc00000,,18abb4d3,3,"fdiv.s	f9,f23,f10","fs1,fs7,fa0",
80005bc4,andi,a4:00000000,,42517713,3,"andi	x14,x2,1061","a4,sp,1061",
80005bc8,fadd.s,ft1:7fc00000,,00c770d3,3,"fadd.s	f1,f14,f12","ft1,fa4,fa2",
80005bd0,fsgnj.s,ft5:bf800000,,21b382d3,3,"fsgnj.s	f5,f7,f27","ft5,ft7,fs11",
80005bd4,andi,sp:00000000,,23a57113,3,"andi	x2,x10,570","sp,a0,570",
80005bd8,andi,t2:642d0000,,9e087393,3,"andi	x7,x16,-1568","t2,a6,-1568",
80005bdc,srai,sp:ff751640,,404ad113,3,"srai	x2,x21,0x4","sp,s5,0x4",
80005be0,fsgnjx.s,fs7:00000000,,20cc2bd3,3,"fsgnjx.s	f23,f24,f12","fs7,fs8,fa2",
80005be4,fmin.s,fa2:bf800000,,28290653,3,"fmin.s	f12,f18,f2","fa2,fs2,ft2",
80005be8,divu,a0:00000000,,03de5533,3,"divu	x10,x28,x29","a0,t3,t4",
80005bec,fmv.w.x,ft7:3f800000,,f00b83d3,3,"fmv.w.x	f7,x23","ft7,s7",
80005bf0,fadd.s,fs8:bf800000,,0192fc53,3,"fadd.s	f24,f5,f25","fs8,ft5,fs9",
80005bf4,ori,s6:ffffff35,,f3576b13,3,"ori	x22,x14,-203","s6,a4,-203",
80005bf8,sll,a3:ff350000,,00cb16b3,3,"sll	x13,x22,x12","a3,s6,a2",
80005bfc,fmv.x.w,s11:ce800410,,e0098dd3,3,"fmv.x.w	x27,f19","s11,fs3",
80005c00,sltiu,s11:00000001,,ed39bd93,3,"sltiu	x27,x19,-301","s11,s3,-301",
80005c04,sltiu,s6:00000000,,44afbb13,3,"sltiu	x22,x31,1098","s6,t6,1098",
80005c08,fmax.s,ft9:00000000,,29531ed3,3,"fmax.s	f29,f6,f21","ft9,ft6,fs5",
80005c10,fsgnj.s,fa1:bf800000,,20e285d3,3,"fsgnj.s	f11,f5,f14","fa1,ft5,fa4",
80005c14,rem,s4:80041024,,0212ea33,3,"rem	x20,x5,x1","s4,t0,ra",
80005c20,slli,s5:00000000,,00f41a93,3,"slli	x21,x8,0xf","s5,s0,0xf",
80005c24,sltu,t4:00000001,,0022beb3,3,"sltu	x29,x5,x2","t4,t0,sp",
80005c28,sll,a5:00000000,,012c97b3,3,"sll	x15,x25,x18","a5,s9,s2",
80005c2c,fcvt.s.wu,fs10:00000000,,d0109d53,3,"fcvt.s.wu	f26,x1","fs10,ra",
80005c30,fmin.s,ft11:00000000,,287a0fd3,3,"fmin.s	f31,f20,f7","ft11,fs4,ft7",
80005c34,fclass.s,s5:00000010,,e00e9ad3,3,"fclass.s	x21,f29","s5,ft9",
80005c38,mulhsu,t5:00000000,,02442f33,3,"mulhsu	x30,x8,x4","t5,s0,tp",
80005c3c,feq.s,t6:00000000,,a065afd3,3,"feq.s	x31,f11,f6","t6,fa1,ft6",
80005c40,fdiv.s,fs2:80000000,,18ca3953,3,"fdiv.s	f18,f20,f12","fs2,fs4,fa2",
80005c44,fdiv.s,ft3:7fc00000,,184741d3,3,"fdiv.s	f3,f14,f4","ft3,fa4,ft4",
80005c48,fcvt.wu.s,s5:00000000,,c0121ad3,3,"fcvt.wu.s	x21,f4","s5,ft4",
80005c4c,sltiu,t4:00000001,,5cbebe93,3,"sltiu	x29,x29,1483","t4,t4,1483",
80005c50,fmv.x.w,s4:bf800000,,e0058a53,3,"fmv.x.w	x20,f11","s4,fa1",
80005c54,fadd.s,fs9:7fc00000,,01af7cd3,3,"fadd.s	f25,f30,f26","fs9,ft10,fs10",
80005c58,fmax.s,fs5:7fc00000,,28949ad3,3,"fmax.s	f21,f9,f9","fs5,fs1,fs1",
80005c5c,fcvt.w.s,gp:00000001,,c00171d3,3,"fcvt.w.s	x3,f2","gp,ft2",
80005c60,andi,sp:00000000,,60487113,3,"andi	x2,x16,1540","sp,a6,1540",
80005c64,or,a5:f7506410,,00c7e7b3,3,"or	x15,x15,x12","a5,a5,a2",
80005c68,remu,tp:00000000,,0200f233,3,"remu	x4,x1,x0","tp,ra,zero",
80005c6c,fcvt.w.s,s2:7fffffff,,c001f953,3,"fcvt.w.s	x18,f3","s2,ft3",
80005c70,fcvt.s.wu,fs8:00000000,,d0147c53,3,"fcvt.s.wu	f24,x8","fs8,s0",
80005c74,feq.s,s10:00000000,,a129ad53,3,"feq.s	x26,f19,f18","s10,fs3,fs2",
80005c78,srl,s0:00000000,,0019d433,3,"srl	x8,x19,x1","s0,s3,ra",
80005c7c,fcvt.w.s,t3:00000000,,c007ae53,3,"fcvt.w.s	x28,f15","t3,fa5",
80005c80,fle.s,s9:00000001,,a1c00cd3,3,"fle.s	x25,f0,f28","s9,ft0,ft8",
80005c84,slli,t4:00000002,,001d9e93,3,"slli	x29,x27,0x1","t4,s11,0x1",
80005c88,xori,s7:00000489,,48974b93,3,"xori	x23,x14,1161","s7,a4,1161",
80005c8c,xori,s11:fffffa3d,,a3d9cd93,3,"xori	x27,x19,-1475","s11,s3,-1475",
80005c90,xori,a3:0000050d,,50d9c693,3,"xori	x13,x19,1293","a3,s3,1293",
80005c94,sltu,t2:00000000,,0092b3b3,3,"sltu	x7,x5,x9","t2,t0,s1",
80005c98,fcvt.wu.s,s8:00000000,,c0147c53,3,"fcvt.wu.s	x24,f8","s8,fs0",
80005c9c,sltiu,s6:00000001,,e604bb13,3,"sltiu	x22,x9,-416","s6,s1,-416",
80005ca0,fcvt.s.wu,fs4:3f800000,,d0119a53,3,"fcvt.s.wu	f20,x3","fs4,gp",
80005ca4,fmax.s,fs11:00000000,,298b1dd3,3,"fmax.s	f27,f22,f24","fs11,fs6,fs8",
80005ca8,fmax.s,fs6:00000000,,285d9b53,3,"fmax.s	f22,f27,f5","fs6,fs11,ft5",
80005cac,fcvt.s.w,fs10:4e5fe79f,,d0037d53,3,"fcvt.s.w	f26,x6","fs10,t1",
80005cb0,fmul.s,ft5:80000000,,112072d3,3,"fmul.s	f5,f0,f18","ft5,ft0,fs2",
80005cb4,srli,a7:00000000,,0058d893,3,"srli	x17,x17,0x5","a7,a7,0x5",
80005cb8,slti,gp:00000000,,a1b52193,3,"slti	x3,x10,-1509","gp,a0,-1509",
80005cbc,fsgnj.s,fs10:7fc00000,,21718d53,3,"fsgnj.s	f26,f3,f23","fs10,ft3,fs7",
80005cc0,xor,gp:80041024,,005f41b3,3,"xor	x3,x30,x5","gp,t5,t0",
80005cc4,fmv.x.w,a6:3f800000,,e00a0853,3,"fmv.x.w	x16,f20","a6,fs4",
80005cc8,rem,t3:00000000,,02df6e33,3,"rem	x28,x30,x13","t3,t5,a3",
80005ccc,auipc,s10:4cffaccc,,ccff5d17,3,"auipc	x26,0xccff5","s10,0xccff5",
80005cd0,slt,s10:00000001,,00df2d33,3,"slt	x26,x30,x13","s10,t5,a3",
80005cd4,remu,a5:00000000,,0248f7b3,3,"remu	x15,x17,x4","a5,a7,tp",
80005cd8,fsgnj.s,fa7:80000000,,212688d3,3,"fsgnj.s	f17,f13,f18","fa7,fa3,fs2",
80005cdc,xori,t1:7ffbea6b,,a4f1c313,3,"xori	x6,x3,-1457","t1,gp,-1457",
80005ce0,and,s4:00000489,,017bfa33,3,"and	x20,x23,x23","s4,s7,s7",
80005ce4,fcvt.s.wu,fs9:00000000,,d01e7cd3,3,"fcvt.s.wu	f25,x28","fs9,t3",
80005ce8,feq.s,s6:00000000,,a01e2b53,3,"feq.s	x22,f28,f1","s6,ft8,ft1",
80005cec,mulh,s2:00000000,,02781933,3,"mulh	x18,x16,x7","s2,a6,t2",
80005cf0,fmul.s,ft7:00000000,,112e03d3,3,"fmul.s	f7,f28,f18","ft7,ft8,fs2",
80005cf4,mulhu,t5:00000000,,02a5bf33,3,"mulhu	x30,x11,x10","t5,a1,a0",
80005cf8,sll,s4:00000000,,00079a33,3,"sll	x20,x15,x0","s4,a5,zero",
80005cfc,sra,t5:00000000,,40825f33,3,"sra	x30,x4,x8","t5,tp,s0",
80005d00,add,a4:fffffa3e,,019d8733,3,"add	x14,x27,x25","a4,s11,s9",
80005d04,fsqrt.s,fs5:00000000,,58057ad3,3,"fsqrt.s	f21,f10","fs5,fa0",
80005d08,fmul.s,fs7:80000000,,1072fbd3,3,"fmul.s	f23,f5,f7","fs7,ft5,ft7",
80005d0c,fsgnjx.s,fs11:80000000,,20ae2dd3,3,"fsgnjx.s	f27,f28,f10","fs11,ft8,fa0",
80005d10,sltu,t5:00000000,,0187bf33,3,"sltu	x30,x15,x24","t5,a5,s8",
80005d18,auipc,s0:725f1d18,,f25ec417,3,"auipc	x8,0xf25ec","s0,0xf25ec",
80005d1c,fsub.s,fa5:80000000,,09d027d3,3,"fsub.s	f15,f0,f29","fa5,ft0,ft9",
80005d20,xori,s5:c07ffe08,,e0884a93,3,"xori	x21,x16,-504","s5,a6,-504",
80005d24,sll,sp:00000000,,01df1133,3,"sll	x2,x30,x29","sp,t5,t4",
80005d28,fmv.x.w,a2:00000000,,e00c0653,3,"fmv.x.w	x12,f24","a2,fs8",
80005d2c,div,t3:00000000,,02554e33,3,"div	x28,x10,x5","t3,a0,t0",
80005d30,slti,a3:00000000,,b3f9a693,3,"slti	x13,x19,-1217","a3,s3,-1217",
80005d34,mulhu,gp:00000000,,036131b3,3,"mulhu	x3,x2,x22","gp,sp,s6",
80005d38,sltiu,t4:00000001,,96abbe93,3,"sltiu	x29,x23,-1686","t4,s7,-1686",
80005d3c,slti,s2:00000000,,9983a913,3,"slti	x18,x7,-1640","s2,t2,-1640",
80005d40,sltu,s0:00000001,,01543433,3,"sltu	x8,x8,x21","s0,s0,s5",
80005d44,fsqrt.s,fs11:00000000,,580efdd3,3,"fsqrt.s	f27,f29","fs11,ft9",
80005d48,auipc,a6:a6825d48,,26820817,3,"auipc	x16,0x26820","a6,0x26820",
80005d4c,sltiu,tp:00000000,,2865b213,3,"sltiu	x4,x11,646","tp,a1,646",
80005d50,slti,t4:00000001,,64672e93,3,"slti	x29,x14,1606","t4,a4,1606",
80005d54,sltiu,t3:00000001,,a921be13,3,"sltiu	x28,x3,-1390","t3,gp,-1390",
80005d58,srai,s0:00000000,,40a55413,3,"srai	x8,x10,0xa","s0,a0,0xa",
80005d5c,lui,s10:a68d8000,,a68d8d37,3,"lui	x26,0xa68d8","s10,0xa68d8",
80005d60,srl,s3:00000000,,0151d9b3,3,"srl	x19,x3,x21","s3,gp,s5",
80005d64,srl,a2:00000000,,00915633,3,"srl	x12,x2,x9","a2,sp,s1",
80005d68,slti,t6:00000001,,159aaf93,3,"slti	x31,x21,345","t6,s5,345",
80005d6c,ori,a5:ffffff39,,f396e793,3,"ori	x15,x13,-199","a5,a3,-199",
80005d70,fle.s,s5:00000000,,a1210ad3,3,"fle.s	x21,f2,f18","s5,ft2,fs2",
80005d74,remu,t3:00000000,,039c7e33,3,"remu	x28,x24,x25","t3,s8,s9",
80005d78,fsgnjx.s,fa7:00000000,,200ea8d3,3,"fsgnjx.s	f17,f29,f0","fa7,ft9,ft0",
80005d7c,mulhu,s6:00000000,,03e43b33,3,"mulhu	x22,x8,x30","s6,s0,t5",
80005d80,auipc,t2:34708d80,,b4703397,3,"auipc	x7,0xb4703","t2,0xb4703",
80005d84,fsgnj.s,fa3:00000000,,209906d3,3,"fsgnj.s	f13,f18,f9","fa3,fs2,fs1",
80005d88,fsub.s,ft6:bf800000,,0828b353,3,"fsub.s	f6,f17,f2","ft6,fa7,ft2",
80005d8c,sra,t5:ffffffa3,,40975f33,3,"sra	x30,x14,x9","t5,a4,s1",
80005d90,div,gp:ffffffff,,020841b3,3,"div	x3,x16,x0","gp,a6,zero",
80005d94,fclass.s,s10:00000010,,e0039d53,3,"fclass.s	x26,f7","s10,ft7",
80005d98,div,s0:ffffffff,,02084433,3,"div	x8,x16,x0","s0,a6,zero",
80005da0,sll,t6:00000000,,01091fb3,3,"sll	x31,x18,x16","t6,s2,a6",
80005da4,fclass.s,a3:00000008,,e00296d3,3,"fclass.s	x13,f5","a3,ft5",
80005da8,sub,t5:80041024,,41428f33,3,"sub	x30,x5,x20","t5,t0,s4",
80005dac,sltu,s8:00000000,,0180bc33,3,"sltu	x24,x1,x24","s8,ra,s8",
80005db0,xor,ra:00000010,,01a8c0b3,3,"xor	x1,x17,x26","ra,a7,s10",
80005db4,and,a6:00000000,,00257833,3,"and	x16,x10,x2","a6,a0,sp",
80005db8,or,gp:00000489,,018be1b3,3,"or	x3,x23,x24","gp,s7,s8",
80005dbc,srl,s10:40020812,,01d2dd33,3,"srl	x26,x5,x29","s10,t0,t4",
80005dc0,fmv.w.x,ft9:00000000,,f0088ed3,3,"fmv.w.x	f29,x17","ft9,a7",
80005dc4,fmv.x.w,gp:bf800000,,e00301d3,3,"fmv.x.w	x3,f6","gp,ft6",
80005dc8,rem,s7:80041024,,034f6bb3,3,"rem	x23,x30,x20","s7,t5,s4",
80005dcc,fcvt.s.w,ft7:c3470000,,d007f3d3,3,"fcvt.s.w	f7,x15","ft7,a5",
80005dd0,ori,t6:800410e6,,0e6bef93,3,"ori	x31,x23,230","t6,s7,230",
80005dd8,and,s0:00000000,,011bf433,3,"and	x8,x23,x17","s0,s7,a7",
80005ddc,sub,ra:00000000,,40a900b3,3,"sub	x1,x18,x10","ra,s2,a0",
80005de0,mulhu,t1:1a391bf8,,027fb333,3,"mulhu	x6,x31,x7","t1,t6,t2",
80005de8,fsgnjn.s,ft6:3f800000,,207a1353,3,"fsgnjn.s	f6,f20,f7","ft6,fs4,ft7",
80005dec,fmv.w.x,fs2:00000000,,f0090953,3,"fmv.w.x	f18,x18","fs2,s2",
80005df0,fcvt.s.wu,fs3:00000000,,d01e79d3,3,"fcvt.s.wu	f19,x28","fs3,t3",
80005df4,mulhsu,t6:00000000,,033fafb3,3,"mulhsu	x31,x31,x19","t6,t6,s3",
80005df8,sltu,t1:00000000,,00263333,3,"sltu	x6,x12,x2","t1,a2,sp",
80005dfc,fsgnjx.s,ft9:00000000,,20652ed3,3,"fsgnjx.s	f29,f10,f6","ft9,fa0,ft6",
80005e00,fcvt.wu.s,t5:00000000,,c0194f53,3,"fcvt.wu.s	x30,f18","t5,fs2",
80005e04,or,s4:c0060ff6,,01a4ea33,3,"or	x20,x9,x26","s4,s1,s10",
80005e08,remu,t1:fffffa3e,,02a77333,3,"remu	x6,x14,x10","t1,a4,a0",
80005e0c,fcvt.s.w,ft6:3f800000,,d00cf353,3,"fcvt.s.w	f6,x25","ft6,s9",
80005e10,srl,s4:00000000,,00005a33,3,"srl	x20,x0,x0","s4,zero,zero",
80005e14,sll,ra:ffffa3e0,,005710b3,3,"sll	x1,x14,x5","ra,a4,t0",
80005e18,fmul.s,fs9:7fc00000,,10048cd3,3,"fmul.s	f25,f9,f0","fs9,fs1,ft0",
80005e1c,fmv.x.w,s4:7fc00000,,e0080a53,3,"fmv.x.w	x20,f16","s4,fa6",
80005e20,srai,t4:0000000d,,41a3de93,3,"srai	x29,x7,0x1a","t4,t2,0x1a",
80005e24,fsgnj.s,ft0:bf800000,,20760053,3,"fsgnj.s	f0,f12,f7","ft0,fa2,ft7",
80005e28,fsgnjn.s,fs1:ffc00000,,21f194d3,3,"fsgnjn.s	f9,f3,f31","fs1,ft3,ft11",
80005e2c,fmv.w.x,fs1:00000000,,f00f04d3,3,"fmv.w.x	f9,x30","fs1,t5",
80005e30,slti,t1:00000000,,f0f62313,3,"slti	x6,x12,-241","t1,a2,-241",
80005e34,srli,s0:00000007,,01d75413,3,"srli	x8,x14,0x1d","s0,a4,0x1d",
80005e38,remu,s9:80040fe4,,02e4fcb3,3,"remu	x25,x9,x14","s9,s1,a4",
80005e3c,slt,s11:00000000,,01bb2db3,3,"slt	x27,x22,x27","s11,s6,s11",
80005e40,mulhsu,s11:00000003,,02942db3,3,"mulhsu	x27,x8,x9","s11,s0,s1",
80005e44,mulhsu,a0:00000003,,02542533,3,"mulhsu	x10,x8,x5","a0,s0,t0",
80005e48,auipc,s2:3916ee48,,b9169917,3,"auipc	x18,0xb9169","s2,0xb9169",
80005e4c,divu,t4:ffffffff,,03875eb3,3,"divu	x29,x14,x24","t4,a4,s8",
80005e50,fsub.s,fs7:80000000,,0916cbd3,3,"fsub.s	f23,f13,f17","fs7,fa3,fa7",
80005e54,mulh,s2:00000000,,02469933,3,"mulh	x18,x13,x4","s2,a3,tp",
80005e58,flt.s,t2:00000000,,a00293d3,3,"flt.s	x7,f5,f0","t2,ft5,ft0",
80005e5c,flt.s,a5:00000000,,a03c97d3,3,"flt.s	x15,f25,f3","a5,fs9,ft3",
80005e60,mulhsu,s7:00000000,,028b2bb3,3,"mulhsu	x23,x22,x8","s7,s6,s0",
80005e64,sub,gp:7ffbf01b,,409e81b3,3,"sub	x3,x29,x9","gp,t4,s1",
80005e68,fsgnjn.s,fs6:80000000,,21fb9b53,3,"fsgnjn.s	f22,f23,f31","fs6,fs7,ft11",
80005e70,add,a5:00000000,,015b87b3,3,"add	x15,x23,x21","a5,s7,s5",
80005e74,lui,sp:e3ef9000,,e3ef9137,3,"lui	x2,0xe3ef9","sp,0xe3ef9",
80005e78,srli,tp:00000020,,01a4d213,3,"srli	x4,x9,0x1a","tp,s1,0x1a",
80005e7c,xor,sp:8004102c,,00d2c133,3,"xor	x2,x5,x13","sp,t0,a3",
80005e80,fmv.x.w,s7:7fc00000,,e00c8bd3,3,"fmv.x.w	x23,f25","s7,fs9",
80005e84,feq.s,sp:00000001,,a179a153,3,"feq.s	x2,f19,f23","sp,fs3,fs7",
80005e88,fle.s,s6:00000001,,a17a8b53,3,"fle.s	x22,f21,f23","s6,fs5,fs7",
80005e8c,fcvt.wu.s,sp:00000001,,c0164153,3,"fcvt.wu.s	x2,f12","sp,fa2",
80005e90,auipc,a2:15bb1e90,,95bac617,3,"auipc	x12,0x95bac","a2,0x95bac",
80005e94,feq.s,a0:00000000,,a0f42553,3,"feq.s	x10,f8,f15","a0,fs0,fa5",
80005e98,xori,s3:ffffff6e,,f6eac993,3,"xori	x19,x21,-146","s3,s5,-146",
80005e9c,fclass.s,t5:00000008,,e0079f53,3,"fclass.s	x30,f15","t5,fa5",
80005ea0,feq.s,a7:00000000,,a02828d3,3,"feq.s	x17,f16,f2","a7,fa6,ft2",
80005ea4,slli,s4:1f000000,,01771a13,3,"slli	x20,x14,0x17","s4,a4,0x17",
80005ea8,andi,s3:00000000,,f4caf993,3,"andi	x19,x21,-180","s3,s5,-180",
80005eac,lui,a6:346c9000,,346c9837,3,"lui	x16,0x346c9","a6,0x346c9",
80005eb0,fadd.s,ft0:7fc00000,,0192f053,3,"fadd.s	f0,f5,f25","ft0,ft5,fs9",
80005eb4,fclass.s,s0:00000010,,e0051453,3,"fclass.s	x8,f10","s0,fa0",
80005eb8,ori,tp:fffffafb,,ae01e213,3,"ori	x4,x3,-1312","tp,gp,-1312",
80005ebc,slt,ra:00000001,,010da0b3,3,"slt	x1,x27,x16","ra,s11,a6",
80005ec0,fsgnjn.s,fa2:00000000,,20749653,3,"fsgnjn.s	f12,f9,f7","fa2,fs1,ft7",
80005ec4,remu,t6:00000001,,0260ffb3,3,"remu	x31,x1,x6","t6,ra,t1",
80005ec8,fsgnj.s,ft9:7fc00000,,211c8ed3,3,"fsgnj.s	f29,f25,f17","ft9,fs9,fa7",
80005ecc,fmax.s,fa2:bf800000,,28b01653,3,"fmax.s	f12,f0,f11","fa2,ft0,fa1",
80005ed0,fsgnjx.s,ft6:bf800000,,20262353,3,"fsgnjx.s	f6,f12,f2","ft6,fa2,ft2",
80005ed4,slti,t6:00000001,,69792f93,3,"slti	x31,x18,1687","t6,s2,1687",
80005ed8,slt,s4:00000001,,0029aa33,3,"slt	x20,x19,x2","s4,s3,sp",
80005edc,fcvt.s.wu,ft0:00000000,,d018c053,3,"fcvt.s.wu	f0,x17","ft0,a7",
80005ee0,fclass.s,t4:00000010,,e00f9ed3,3,"fclass.s	x29,f31","t4,ft11",
80005ee4,xor,s8:fffffa2e,,00e44c33,3,"xor	x24,x8,x14","s8,s0,a4",
80005ee8,divu,t3:00000000,,03795e33,3,"divu	x28,x18,x23","t3,s2,s7",
80005eec,fmul.s,ft9:7fc00000,,10109ed3,3,"fmul.s	f29,f1,f1","ft9,ft1,ft1",
80005ef0,fclass.s,a0:00000010,,e00f9553,3,"fclass.s	x10,f31","a0,ft11",
80005ef4,sltu,t1:00000000,,01f43333,3,"sltu	x6,x8,x31","t1,s0,t6",
80005ef8,fmax.s,ft6:80000000,,29d29353,3,"fmax.s	f6,f5,f29","ft6,ft5,ft9",
80005efc,mulhu,t5:00000000,,026bbf33,3,"mulhu	x30,x23,x6","t5,s7,t1",
80005f00,sltiu,s3:00000001,,0d433993,3,"sltiu	x19,x6,212","s3,t1,212",
80005f04,fmv.x.w,s5:7fc00000,,e00f0ad3,3,"fmv.x.w	x21,f30","s5,ft10",
80005f08,slli,s10:00000000,,01fc9d13,3,"slli	x26,x25,0x1f","s10,s9,0x1f",
80005f0c,srl,sp:00000000,,00af5133,3,"srl	x2,x30,x10","sp,t5,a0",
80005f10,fdiv.s,ft9:7fc00000,,19787ed3,3,"fdiv.s	f29,f16,f23","ft9,fa6,fs7",
80005f14,fsqrt.s,fs5:80000000,,580bfad3,3,"fsqrt.s	f21,f23","fs5,fs7",
80005f18,mulhu,a2:1a35730c,,02383633,3,"mulhu	x12,x16,x3","a2,a6,gp",
80005f1c,slt,s0:00000000,,00f92433,3,"slt	x8,x18,x15","s0,s2,a5",
80005f20,div,a3:00000000,,024046b3,3,"div	x13,x0,x4","a3,zero,tp",
80005f24,rem,a7:00000000,,03d068b3,3,"rem	x17,x0,x29","a7,zero,t4",
80005f28,fsub.s,fa5:7fc00000,,099777d3,3,"fsub.s	f15,f14,f25","fa5,fa4,fs9",
80005f2c,srai,s5:00000000,,41345a93,3,"srai	x21,x8,0x13","s5,s0,0x13",
80005f30,divu,s7:00000001,,03fb5bb3,3,"divu	x23,x22,x31","s7,s6,t6",
80005f34,fcvt.wu.s,a5:00000000,,c01907d3,3,"fcvt.wu.s	x15,f18","a5,fs2",
80005f38,fmax.s,fs9:7fc00000,,28f19cd3,3,"fmax.s	f25,f3,f15","fs9,ft3,fa5",
80005f3c,srli,t2:0007ffbf,,00c1d393,3,"srli	x7,x3,0xc","t2,gp,0xc",
80005f40,fsgnj.s,fa0:7fc00000,,200d0553,3,"fsgnj.s	f10,f26,f0","fa0,fs10,ft0",
80005f48,sub,ra:80040fe4,,406c80b3,3,"sub	x1,x25,x6","ra,s9,t1",
80005f4c,rem,s7:00000000,,02846bb3,3,"rem	x23,x8,x8","s7,s0,s0",
80005f50,fcvt.s.wu,fa6:4dd1ab99,,d0163853,3,"fcvt.s.wu	f16,x12","fa6,a2",
80005f58,fadd.s,ft4:7fc00000,,003f9253,3,"fadd.s	f4,f31,f3","ft4,ft11,ft3",
80005f5c,xori,s9:fffffe5e,,e5e7cc93,3,"xori	x25,x15,-418","s9,a5,-418",
80005f60,fsgnjx.s,fs8:80000000,,201e2c53,3,"fsgnjx.s	f24,f28,f1","fs8,ft8,ft1",
80005f64,mul,s10:00000001,,033b0d33,3,"mul	x26,x22,x19","s10,s6,s3",
80005f68,srai,gp:00000000,,417e5193,3,"srai	x3,x28,0x17","gp,t3,0x17",
80005f6c,or,a0:0007ffbf,,007a6533,3,"or	x10,x20,x7","a0,s4,t2",
80005f70,fsqrt.s,fs5:80000000,,580c7ad3,3,"fsqrt.s	f21,f24","fs5,fs8",
80005f74,feq.s,t1:00000000,,a06f2353,3,"feq.s	x6,f30,f6","t1,ft10,ft6",
80005f78,fsqrt.s,ft6:80000000,,580c1353,3,"fsqrt.s	f6,f24","ft6,fs8",
80005f7c,fclass.s,a2:00000008,,e00b9653,3,"fclass.s	x12,f23","a2,fs7",
80005f80,divu,ra:00000001,,02bc50b3,3,"divu	x1,x24,x11","ra,s8,a1",
80005f84,slt,s11:00000001,,00ab2db3,3,"slt	x27,x22,x10","s11,s6,a0",
80005f88,xori,a7:fffff87c,,87c14893,3,"xori	x17,x2,-1924","a7,sp,-1924",
80005f8c,srai,s3:fffff87c,,4008d993,3,"srai	x19,x17,0x0","s3,a7,0x0",
80005f94,fdiv.s,fa7:7fc00000,,19a8b8d3,3,"fdiv.s	f17,f17,f26","fa7,fa7,fs10",
80005f98,fsgnjn.s,fa6:80000000,,21091853,3,"fsgnjn.s	f16,f18,f16","fa6,fs2,fa6",
80005f9c,fcvt.s.w,fs0:00000000,,d00bf453,3,"fcvt.s.w	f8,x23","fs0,s7",
80005fa0,fmv.w.x,ft0:80040fe4,,f0048053,3,"fmv.w.x	f0,x9","ft0,s1",
80005fa4,fsgnjx.s,ft3:80000000,,21c9a1d3,3,"fsgnjx.s	f3,f19,f28","ft3,fs3,ft8",
80005fa8,fsub.s,ft0:3f800000,,08917053,3,"fsub.s	f0,f2,f9","ft0,ft2,fs1",
80005fac,rem,gp:00000008,,03c661b3,3,"rem	x3,x12,x28","gp,a2,t3",
80005fb0,fsgnjn.s,ft9:7fc00000,,216c9ed3,3,"fsgnjn.s	f29,f25,f22","ft9,fs9,fs6",
80005fb4,fmul.s,fs1:7fc00000,,1090f4d3,3,"fmul.s	f9,f1,f9","fs1,ft1,fs1",
80005fb8,fsgnj.s,ft6:00000000,,213e0353,3,"fsgnj.s	f6,f28,f19","ft6,ft8,fs3",
80005fbc,fmin.s,fs7:80000000,,28a28bd3,3,"fmin.s	f23,f5,f10","fs7,ft5,fa0",
80005fc0,fsgnjx.s,ft2:ffc00000,,21552153,3,"fsgnjx.s	f2,f10,f21","ft2,fa0,fs5",
80005fc4,fle.s,s5:00000000,,a01a8ad3,3,"fle.s	x21,f21,f1","s5,fs5,ft1",
80005fc8,srai,a6:00000000,,41fed813,3,"srai	x16,x29,0x1f","a6,t4,0x1f",
80005fcc,lui,a3:57ad9000,,57ad96b7,3,"lui	x13,0x57ad9","a3,0x57ad9",
80005fd0,mulhu,s6:0007ffbe,,02453b33,3,"mulhu	x22,x10,x4","s6,a0,tp",
80005fd4,fcvt.w.s,s3:7fffffff,,c00089d3,3,"fcvt.w.s	x19,f1","s3,ft1",
80005fd8,sra,s2:00000000,,419f5933,3,"sra	x18,x30,x25","s2,t5,s9",
80005fdc,fsub.s,fs7:7fc00000,,08af8bd3,3,"fsub.s	f23,f31,f10","fs7,ft11,fa0",
80005fe0,slt,t3:00000001,,01662e33,3,"slt	x28,x12,x22","t3,a2,s6",
80005fe4,srai,ra:0000001f,,41a9d093,3,"srai	x1,x19,0x1a","ra,s3,0x1a",
80005fe8,fsgnj.s,fs11:7fc00000,,213e8dd3,3,"fsgnj.s	f27,f29,f19","fs11,ft9,fs3",
80005fec,fsqrt.s,ft7:7fc00000,,5808f3d3,3,"fsqrt.s	f7,f17","ft7,fa7",
80005ff0,fdiv.s,fa7:7fc00000,,19ac78d3,3,"fdiv.s	f17,f24,f26","fa7,fs8,fs10",
80005ff4,flt.s,tp:00000000,,a04a1253,3,"flt.s	x4,f20,f4","tp,fs4,ft4",
80005ff8,fcvt.s.w,fs9:c3d10000,,d00cccd3,3,"fcvt.s.w	f25,x25","fs9,s9",
80005ffc,ori,a0:000006dc,,6dc36513,3,"ori	x10,x6,1756","a0,t1,1756",
80006000,remu,s8:000006dc,,02757c33,3,"remu	x24,x10,x7","s8,a0,t2",
80006004,fcvt.wu.s,s4:ffffffff,,c01b8a53,3,"fcvt.wu.s	x20,f23","s4,fs7",
80006008,sub,gp:000005c2,,40e781b3,3,"sub	x3,x15,x14","gp,a5,a4",
8000600c,slli,sp:000006dc,,00051113,3,"slli	x2,x10,0x0","sp,a0,0x0",
80006010,feq.s,s8:00000000,,a0ec2c53,3,"feq.s	x24,f24,f14","s8,fs8,fa4",
80006014,xor,s6:f7506410,,00b34b33,3,"xor	x22,x6,x11","s6,t1,a1",
80006018,fdiv.s,fa2:7fc00000,,19ceb653,3,"fdiv.s	f12,f29,f28","fa2,ft9,ft8",
8000601c,fmin.s,fa2:bf800000,,28ba8653,3,"fmin.s	f12,f21,f11","fa2,fs5,fa1",
80006020,sltiu,s10:00000001,,a8573d13,3,"sltiu	x26,x14,-1403","s10,a4,-1403",
80006024,fsgnjx.s,fs7:00000000,,21682bd3,3,"fsgnjx.s	f23,f16,f22","fs7,fa6,fs6",
80006028,fsgnjn.s,fa6:80000000,,213a9853,3,"fsgnjn.s	f16,f21,f19","fa6,fs5,fs3",
8000602c,xor,a6:fffffce2,,00274833,3,"xor	x16,x14,x2","a6,a4,sp",
80006030,fmin.s,ft8:00000000,,28d68e53,3,"fmin.s	f28,f13,f13","ft8,fa3,fa3",
80006034,srl,t4:00000000,,01e45eb3,3,"srl	x29,x8,x30","t4,s0,t5",
80006038,fclass.s,a3:00000200,,e00216d3,3,"fclass.s	x13,f4","a3,ft4",
80006040,fcvt.wu.s,s0:00000000,,c012f453,3,"fcvt.wu.s	x8,f5","s0,ft5",
80006044,fcvt.s.wu,ft10:44db8000,,d0117f53,3,"fcvt.s.wu	f30,x2","ft10,sp",
80006048,auipc,sp:7ace1048,,facdb117,3,"auipc	x2,0xfacdb","sp,0xfacdb",
8000604c,srai,s10:ffba8320,,405b5d13,3,"srai	x26,x22,0x5","s10,s6,0x5",
80006050,divu,tp:00000001,,03675233,3,"divu	x4,x14,x22","tp,a4,s6",
80006054,fsgnj.s,fs10:3f800000,,21ca0d53,3,"fsgnj.s	f26,f20,f28","fs10,fs4,ft8",
80006058,fadd.s,ft6:00000000,,017b4353,3,"fadd.s	f6,f22,f23","ft6,fs6,fs7",
8000605c,remu,a5:00000000,,020377b3,3,"remu	x15,x6,x0","a5,t1,zero",
80006060,or,s2:00000000,,017ee933,3,"or	x18,x29,x23","s2,t4,s7",
80006064,mulhu,a5:00000007,,03a637b3,3,"mulhu	x15,x12,x26","a5,a2,s10",
80006068,xor,a3:ffbd7c9f,,007d46b3,3,"xor	x13,x26,x7","a3,s10,t2",
8000606c,srl,s9:3fffffff,,01c9dcb3,3,"srl	x25,x19,x28","s9,s3,t3",
80006070,divu,t3:00000001,,025d5e33,3,"divu	x28,x26,x5","t3,s10,t0",
80006074,fsgnjn.s,ft6:3f800000,,21061353,3,"fsgnjn.s	f6,f12,f16","ft6,fa2,fa6",
80006078,mulhu,a0:00000000,,0379b533,3,"mulhu	x10,x19,x23","a0,s3,s7",
8000607c,slti,tp:00000001,,75442213,3,"slti	x4,x8,1876","tp,s0,1876",
80006080,fcvt.s.w,ft1:4effffff,,d009f0d3,3,"fcvt.s.w	f1,x19","ft1,s3",
80006084,xori,t1:00000788,,788f4313,3,"xori	x6,x30,1928","t1,t5,1928",
80006088,rem,s9:00000001,,02bdecb3,3,"rem	x25,x27,x11","s9,s11,a1",
8000608c,addi,t2:8004158f,,5ab48393,3,"addi	x7,x9,1451","t2,s1,1451",
80006090,addi,s2:00000f42,,7ba30913,3,"addi	x18,x6,1978","s2,t1,1978",
80006094,sra,a5:e0010409,,4122d7b3,3,"sra	x15,x5,x18","a5,t0,s2",
80006098,fmin.s,fa6:7fc00000,,284e8853,3,"fmin.s	f16,f29,f4","fa6,ft9,ft4",
8000609c,sll,s10:00000000,,01a01d33,3,"sll	x26,x0,x26","s10,zero,s10",
800060a0,fmul.s,fa6:80000000,,11fcb853,3,"fmul.s	f16,f25,f31","fa6,fs9,ft11",
800060a4,fcvt.wu.s,t1:ffffffff,,c01ef353,3,"fcvt.wu.s	x6,f29","t1,ft9",
800060a8,srai,s5:ff800410,,4067da93,3,"srai	x21,x15,0x6","s5,a5,0x6",
800060ac,mulhsu,a3:00000000,,03e3a6b3,3,"mulhsu	x13,x7,x30","a3,t2,t5",
800060b0,fsgnjx.s,ft4:7fc00000,,2064a253,3,"fsgnjx.s	f4,f9,f6","ft4,fs1,ft6",
800060b4,mulh,a5:00000000,,03c517b3,3,"mulh	x15,x10,x28","a5,a0,t3",
800060b8,addi,a2:0000013d,,13d78613,3,"addi	x12,x15,317","a2,a5,317",
800060bc,fmin.s,ft4:80000000,,290b0253,3,"fmin.s	f4,f22,f16","ft4,fs6,fa6",
800060c0,slt,s4:00000001,,00ab2a33,3,"slt	x20,x22,x10","s4,s6,a0",
800060c4,fadd.s,fa4:7fc00000,,009f7753,3,"fadd.s	f14,f30,f9","fa4,ft10,fs1",
800060c8,remu,sp:00000000,,0327f133,3,"remu	x2,x15,x18","sp,a5,s2",
800060cc,xori,t6:0000026b,,26b44f93,3,"xori	x31,x8,619","t6,s0,619",
800060d0,auipc,t6:fc3030d0,,7c2fdf97,3,"auipc	x31,0x7c2fd","t6,0x7c2fd",
800060d4,fadd.s,fs10:7fc00000,,00ad3d53,3,"fadd.s	f26,f26,f10","fs10,fs10,fa0",
800060d8,fle.s,t4:00000000,,a1b98ed3,3,"fle.s	x29,f19,f27","t4,fs3,fs11",
800060dc,and,a7:00000000,,018af8b3,3,"and	x17,x21,x24","a7,s5,s8",
800060e0,srai,a2:ffffffe0,,41a3d613,3,"srai	x12,x7,0x1a","a2,t2,0x1a",
800060e4,slt,s2:00000000,,0086a933,3,"slt	x18,x13,x8","s2,a3,s0",
800060e8,sub,a0:fffffcc3,,40180533,3,"sub	x10,x16,x1","a0,a6,ra",
800060ec,srli,ra:00000000,,016ed093,3,"srli	x1,x29,0x16","ra,t4,0x16",
800060f0,add,a3:00000000,,002d06b3,3,"add	x13,x26,x2","a3,s10,sp",
800060f4,xor,t3:000005c3,,01c1ce33,3,"xor	x28,x3,x28","t3,gp,t3",
800060f8,fmv.x.w,t3:00000000,,e00f8e53,3,"fmv.x.w	x28,f31","t3,ft11",
800060fc,fcvt.wu.s,a3:00000001,,c01336d3,3,"fcvt.wu.s	x13,f6","a3,ft6",
80006100,fsgnjx.s,fs8:7fc00000,,2007ac53,3,"fsgnjx.s	f24,f15,f0","fs8,fa5,ft0",
80006104,flt.s,s2:00000000,,a1a49953,3,"flt.s	x18,f9,f26","s2,fs1,fs10",
80006108,xor,s9:fffffce3,,0106ccb3,3,"xor	x25,x13,x16","s9,a3,a6",
8000610c,slt,a6:00000001,,00852833,3,"slt	x16,x10,x8","a6,a0,s0",
80006110,fcvt.w.s,sp:00000000,,c002f153,3,"fcvt.w.s	x2,f5","sp,ft5",
80006114,divu,s10:ffffffff,,0311dd33,3,"divu	x26,x3,x17","s10,gp,a7",
80006118,slli,s0:00000000,,01509413,3,"slli	x8,x1,0x15","s0,ra,0x15",
8000611c,mulhu,t5:00000000,,03783f33,3,"mulhu	x30,x16,x23","t5,a6,s7",
80006120,fdiv.s,fa6:7fc00000,,1954a853,3,"fdiv.s	f16,f9,f21","fa6,fs1,fs5",
80006124,fle.s,t3:00000000,,a02a0e53,3,"fle.s	x28,f20,f2","t3,fs4,ft2",
80006128,fmul.s,ft7:00000000,,119af3d3,3,"fmul.s	f7,f21,f25","ft7,fs5,fs9",
8000612c,sra,s4:00000000,,403e5a33,3,"sra	x20,x28,x3","s4,t3,gp",
80006130,sra,ra:ffffffff,,406ad0b3,3,"sra	x1,x21,x6","ra,s5,t1",
80006134,or,a6:80040fe4,,0098e833,3,"or	x16,x17,x9","a6,a7,s1",
80006138,fmax.s,fs2:7fc00000,,29049953,3,"fmax.s	f18,f9,f16","fs2,fs1,fa6",
8000613c,andi,a4:00000340,,34d67713,3,"andi	x14,x12,845","a4,a2,845",
80006140,fmv.x.w,s7:7fc00000,,e0090bd3,3,"fmv.x.w	x23,f18","s7,fs2",
80006144,sltu,s11:00000000,,0087bdb3,3,"sltu	x27,x15,x8","s11,a5,s0",
80006148,slli,t3:19040000,,00eb1e13,3,"slli	x28,x22,0xe","t3,s6,0xe",
8000614c,ori,a0:fffff81b,,81bbe513,3,"ori	x10,x23,-2021","a0,s7,-2021",
80006150,fsgnj.s,fs3:80000000,,215189d3,3,"fsgnj.s	f19,f3,f21","fs3,ft3,fs5",
80006154,fsub.s,fs6:7fc00000,,08a41b53,3,"fsub.s	f22,f8,f10","fs6,fs0,fa0",
80006158,rem,t2:ffffffff,,032363b3,3,"rem	x7,x6,x18","t2,t1,s2",
8000615c,fmv.x.w,a5:00000000,,e00e07d3,3,"fmv.x.w	x15,f28","a5,ft8",
80006160,fcvt.wu.s,t6:00000000,,c019ffd3,3,"fcvt.wu.s	x31,f19","t6,fs3",
80006164,feq.s,s3:00000000,,a062a9d3,3,"feq.s	x19,f5,f6","s3,ft5,ft6",
80006168,fmv.w.x,fa0:f7506410,,f00b0553,3,"fmv.w.x	f10,x22","fa0,s6",
80006170,andi,s5:f7506400,,c885fa93,3,"andi	x21,x11,-888","s5,a1,-888",
80006174,sra,a5:ffffffff,,403d57b3,3,"sra	x15,x26,x3","a5,s10,gp",
80006178,srl,s6:00000000,,00fc5b33,3,"srl	x22,x24,x15","s6,s8,a5",
80006180,addi,s4:000007c3,,7e360a13,3,"addi	x20,x12,2019","s4,a2,2019",
80006184,fadd.s,fs7:7fc00000,,012b2bd3,3,"fadd.s	f23,f22,f18","fs7,fs6,fs2",
80006188,fmin.s,fs10:00000000,,29ff0d53,3,"fmin.s	f26,f30,f31","fs10,ft10,ft11",
8000618c,fcvt.w.s,a2:00000001,,c00a0653,3,"fcvt.w.s	x12,f20","a2,fs4",
80006190,fsgnjx.s,ft5:80000000,,211aa2d3,3,"fsgnjx.s	f5,f21,f17","ft5,fs5,fa7",
80006194,fsqrt.s,ft6:42279e5d,,580f1353,3,"fsqrt.s	f6,f30","ft6,ft10",
80006198,mulh,s6:00000000,,029e9b33,3,"mulh	x22,x29,x9","s6,t4,s1",
8000619c,fsqrt.s,fa6:80000000,,5809c853,3,"fsqrt.s	f16,f19","fa6,fs3",
800061a4,fmul.s,fa1:80000000,,105a75d3,3,"fmul.s	f11,f20,f5","fa1,fs4,ft5",
800061a8,addi,sp:00000732,,73298113,3,"addi	x2,x19,1842","sp,s3,1842",
800061b0,divu,t5:00000000,,02abdf33,3,"divu	x30,x23,x10","t5,s7,a0",
800061b4,feq.s,a0:00000000,,a096a553,3,"feq.s	x10,f13,f9","a0,fa3,fs1",
800061b8,slli,s3:7fc00000,,000b9993,3,"slli	x19,x23,0x0","s3,s7,0x0",
800061bc,fmv.x.w,s7:7fc00000,,e0078bd3,3,"fmv.x.w	x23,f15","s7,fa5",
800061c0,sltiu,t2:00000001,,76773393,3,"sltiu	x7,x14,1895","t2,a4,1895",
800061c4,fsqrt.s,fs9:80000000,,5802fcd3,3,"fsqrt.s	f25,f5","fs9,ft5",
800061c8,fsgnj.s,ft0:00000000,,21420053,3,"fsgnj.s	f0,f4,f20","ft0,ft4,fs4",
800061cc,slt,s0:00000000,,0163a433,3,"slt	x8,x7,x22","s0,t2,s6",
800061d0,sra,a7:00000000,,41b958b3,3,"sra	x17,x18,x27","a7,s2,s11",
800061d4,fcvt.s.wu,fa4:3f800000,,d0120753,3,"fcvt.s.wu	f14,x4","fa4,tp",
800061d8,srai,s7:00000000,,41895b93,3,"srai	x23,x18,0x18","s7,s2,0x18",
800061dc,srai,s2:00000000,,40e95913,3,"srai	x18,x18,0xe","s2,s2,0xe",
800061e0,mulh,s6:00000000,,037c9b33,3,"mulh	x22,x25,x23","s6,s9,s7",
800061e4,sra,a0:000005c2,,4001d533,3,"sra	x10,x3,x0","a0,gp,zero",
800061e8,slli,t1:00680000,,00d71313,3,"slli	x6,x14,0xd","t1,a4,0xd",
800061ec,slti,tp:00000001,,33702213,3,"slti	x4,x0,823","tp,zero,823",
800061f0,fmv.x.w,a6:80000000,,e0058853,3,"fmv.x.w	x16,f11","a6,fa1",
800061f4,fcvt.w.s,s4:7fffffff,,c008fa53,3,"fcvt.w.s	x20,f17","s4,fa7",
800061f8,sra,a3:ffffffff,,41b7d6b3,3,"sra	x13,x15,x27","a3,a5,s11",
800061fc,and,s9:80041024,,0056fcb3,3,"and	x25,x13,x5","s9,a3,t0",
80006200,feq.s,a7:00000000,,a0fb28d3,3,"feq.s	x17,f22,f15","a7,fs6,fa5",
80006204,fdiv.s,ft4:7fc00000,,18954253,3,"fdiv.s	f4,f10,f9","ft4,fa0,fs1",
80006208,fmv.x.w,a7:7fc00000,,e00b08d3,3,"fmv.x.w	x17,f22","a7,fs6",
8000620c,mulhsu,s5:ffffffff,,0357aab3,3,"mulhsu	x21,x15,x21","s5,a5,s5",
80006210,sltu,s4:00000000,,005aba33,3,"sltu	x20,x21,x5","s4,s5,t0",
80006214,fdiv.s,fs8:7fc00000,,19543c53,3,"fdiv.s	f24,f8,f21","fs8,fs0,fs5",
80006218,sub,s4:774c53ec,,40558a33,3,"sub	x20,x11,x5","s4,a1,t0",
8000621c,sltiu,t4:00000000,,ebf7be93,3,"sltiu	x29,x15,-321","t4,a5,-321",
80006220,fdiv.s,ft10:ff800000,,19937f53,3,"fdiv.s	f30,f6,f25","ft10,ft6,fs9",
80006224,fcvt.s.w,ft1:00000000,,d00c10d3,3,"fcvt.s.w	f1,x24","ft1,s8",
80006228,auipc,ra:3c1f5228,,bc1ef097,3,"auipc	x1,0xbc1ef","ra,0xbc1ef",
8000622c,auipc,t1:5b6e122c,,db6db317,3,"auipc	x6,0xdb6db","t1,0xdb6db",
80006230,srai,a0:00000000,,40b25513,3,"srai	x10,x4,0xb","a0,tp,0xb",
80006234,feq.s,s4:00000000,,a1bdaa53,3,"feq.s	x20,f27,f27","s4,fs11,fs11",
80006238,xor,a3:08af9bef,,00b6c6b3,3,"xor	x13,x13,x11","a3,a3,a1",
8000623c,auipc,ra:6dad923c,,edad3097,3,"auipc	x1,0xedad3","ra,0xedad3",
80006240,fmv.x.w,a2:80000000,,e0080653,3,"fmv.x.w	x12,f16","a2,fa6",
80006244,mulh,s0:00000000,,03299433,3,"mulh	x8,x19,x18","s0,s3,s2",
80006248,sll,t2:80000000,,008813b3,3,"sll	x7,x16,x8","t2,a6,s0",
8000624c,lui,gp:dcb85000,,dcb851b7,3,"lui	x3,0xdcb85","gp,0xdcb85",
80006250,fcvt.s.w,fs0:00000000,,d00b9453,3,"fcvt.s.w	f8,x23","fs0,s7",
80006254,rem,s7:00000000,,02ceebb3,3,"rem	x23,x29,x12","s7,t4,a2",
80006258,add,s9:ffffffff,,01ab0cb3,3,"add	x25,x22,x26","s9,s6,s10",
8000625c,mulh,t1:ffffffc1,,02b11333,3,"mulh	x6,x2,x11","t1,sp,a1",
80006260,xor,ra:00000340,,018740b3,3,"xor	x1,x14,x24","ra,a4,s8",
80006264,auipc,s4:5a29e264,,da298a17,3,"auipc	x20,0xda298","s4,0xda298",
80006268,fle.s,t2:00000001,,a10603d3,3,"fle.s	x7,f12,f16","t2,fa2,fa6",
8000626c,add,a0:ffffffff,,01950533,3,"add	x10,x10,x25","a0,a0,s9",
80006270,srai,s8:80000000,,40085c13,3,"srai	x24,x16,0x0","s8,a6,0x0",
80006274,or,s6:ffffffff,,01fd6b33,3,"or	x22,x26,x31","s6,s10,t6",
80006278,fmin.s,ft3:ff800000,,29cf01d3,3,"fmin.s	f3,f30,f28","ft3,ft10,ft8",
8000627c,sltiu,sp:00000001,,8bec3113,3,"sltiu	x2,x24,-1858","sp,s8,-1858",
80006280,rem,s2:ffffffc1,,02136933,3,"rem	x18,x6,x1","s2,t1,ra",
80006284,fmv.w.x,fa4:00000001,,f0010753,3,"fmv.w.x	f14,x2","fa4,sp",
8000628c,fsgnjx.s,fa1:7fc00000,,2067a5d3,3,"fsgnjx.s	f11,f15,f6","fa1,fa5,ft6",
80006290,feq.s,s7:00000000,,a1b7abd3,3,"feq.s	x23,f15,f27","s7,fa5,fs11",
80006294,mulhsu,a7:80000000,,02f628b3,3,"mulhsu	x17,x12,x15","a7,a2,a5",
80006298,fcvt.wu.s,s5:ffffffff,,c01dbad3,3,"fcvt.wu.s	x21,f27","s5,fs11",
8000629c,fmax.s,fs2:00000000,,29e41953,3,"fmax.s	f18,f8,f30","fs2,fs0,ft10",
800062a0,fcvt.w.s,t3:00000000,,c00d7e53,3,"fcvt.w.s	x28,f26","t3,fs10",
800062a4,srl,t3:00000000,,0150de33,3,"srl	x28,x1,x21","t3,ra,s5",
800062a8,fmax.s,ft1:00000000,,298d10d3,3,"fmax.s	f1,f26,f24","ft1,fs10,fs8",
800062ac,mulhsu,t1:ffffffff,,03252333,3,"mulhsu	x6,x10,x18","t1,a0,s2",
800062b0,sltiu,s10:00000001,,b9febd13,3,"sltiu	x26,x29,-1121","s10,t4,-1121",
800062b4,or,sp:ffffffff,,016ce133,3,"or	x2,x25,x22","sp,s9,s6",
800062b8,fcvt.s.wu,fs10:4f000000,,d01c0d53,3,"fcvt.s.wu	f26,x24","fs10,s8",
800062bc,sra,gp:00000000,,41be51b3,3,"sra	x3,x28,x27","gp,t3,s11",
800062c0,mul,s0:80000000,,031c8433,3,"mul	x8,x25,x17","s0,s9,a7",
800062c4,fcvt.s.wu,ft1:00000000,,d01040d3,3,"fcvt.s.wu	f1,x0","ft1,zero",
800062c8,div,s7:08af9bf0,,02f5cbb3,3,"div	x23,x11,x15","s7,a1,a5",
800062cc,fmv.w.x,fs4:00000001,,f0038a53,3,"fmv.w.x	f20,x7","fs4,t2",
800062d0,sltu,t1:00000000,,014b3333,3,"sltu	x6,x22,x20","t1,s6,s4",
800062d4,slt,tp:00000001,,015c2233,3,"slt	x4,x24,x21","tp,s8,s5",
800062d8,sltu,t3:00000001,,0168be33,3,"sltu	x28,x17,x22","t3,a7,s6",
800062dc,fsqrt.s,fa2:00000000,,58042653,3,"fsqrt.s	f12,f8","fa2,fs0",
800062e0,fcvt.s.wu,ft9:00000000,,d01f7ed3,3,"fcvt.s.wu	f29,x30","ft9,t5",
800062e4,fmv.w.x,ft2:80000000,,f0060153,3,"fmv.w.x	f2,x12","ft2,a2",
800062e8,mulhsu,s8:ffffffff,,033b2c33,3,"mulhsu	x24,x22,x19","s8,s6,s3",
800062ec,xori,s8:000002bc,,d437cc13,3,"xori	x24,x15,-701","s8,a5,-701",
800062f0,slt,t5:00000001,,0058af33,3,"slt	x30,x17,x5","t5,a7,t0",
800062f4,fsqrt.s,ft4:1f350483,,580a7253,3,"fsqrt.s	f4,f20","ft4,fs4",
800062f8,fmv.x.w,s3:f7506410,,e00509d3,3,"fmv.x.w	x19,f10","s3,fa0",
800062fc,or,a7:80000000,,008068b3,3,"or	x17,x0,x8","a7,zero,s0",
80006300,mulhu,s4:00000000,,03c7ba33,3,"mulhu	x20,x15,x28","s4,a5,t3",
80006304,mulhsu,ra:00000000,,023720b3,3,"mulhsu	x1,x14,x3","ra,a4,gp",
80006308,xori,a6:80040a86,,5624c813,3,"xori	x16,x9,1378","a6,s1,1378",
8000630c,divu,gp:00000000,,036fd1b3,3,"divu	x3,x31,x22","gp,t6,s6",
80006314,xori,t2:00000301,,cfeb4393,3,"xori	x7,x22,-770","t2,s6,-770",
80006318,divu,a7:0002e43d,,0276d8b3,3,"divu	x17,x13,x7","a7,a3,t2",
8000631c,slt,s9:00000000,,01e22cb3,3,"slt	x25,x4,x30","s9,tp,t5",
80006320,fclass.s,s11:00000010,,e0039dd3,3,"fclass.s	x27,f7","s11,ft7",
80006324,mulhsu,s7:ffffffff,,03052bb3,3,"mulhsu	x23,x10,x16","s7,a0,a6",
80006328,fmin.s,fs10:f7506410,,28a08d53,3,"fmin.s	f26,f1,f10","fs10,ft1,fa0",
8000632c,fcvt.s.w,ft11:00000000,,d00effd3,3,"fcvt.s.w	f31,x29","ft11,t4",
80006330,mulhu,a4:00000000,,02eeb733,3,"mulhu	x14,x29,x14","a4,t4,a4",
80006334,fadd.s,fa6:00000000,,008e4853,3,"fadd.s	f16,f28,f8","fa6,ft8,fs0",
80006338,fcvt.wu.s,s11:00000000,,c0107dd3,3,"fcvt.wu.s	x27,f0","s11,ft0",
8000633c,slt,s8:00000001,,0149ac33,3,"slt	x24,x19,x20","s8,s3,s4",
80006340,fmin.s,fa0:80000000,,289a8553,3,"fmin.s	f10,f21,f9","fa0,fs5,fs1",
80006344,auipc,a6:17300344,,972fa817,3,"auipc	x16,0x972fa","a6,0x972fa",
80006348,feq.s,s10:00000000,,a1d5ad53,3,"feq.s	x26,f11,f29","s10,fa1,ft9",
8000634c,mul,s9:00000000,,034b0cb3,3,"mul	x25,x22,x20","s9,s6,s4",
80006350,add,s9:0002e43e,,011f0cb3,3,"add	x25,x30,x17","s9,t5,a7",
80006354,mulh,ra:00000000,,03fd10b3,3,"mulh	x1,x26,x31","ra,s10,t6",
80006358,fadd.s,fs2:00000000,,00d41953,3,"fadd.s	f18,f8,f13","fs2,fs0,fa3",
8000635c,fmul.s,ft8:7fc00000,,11db4e53,3,"fmul.s	f28,f22,f29","ft8,fs6,ft9",
80006360,add,t6:80000000,,008f8fb3,3,"add	x31,x31,x8","t6,t6,s0",
80006364,divu,s4:00000000,,0361da33,3,"divu	x20,x3,x22","s4,gp,s6",
80006368,slt,t2:00000000,,00fc23b3,3,"slt	x7,x24,x15","t2,s8,a5",
8000636c,mulh,t2:00000000,,03ef13b3,3,"mulh	x7,x30,x30","t2,t5,t5",
80006370,divu,s10:ffffffff,,03eadd33,3,"divu	x26,x21,x30","s10,s5,t5",
80006374,fcvt.wu.s,a4:00000000,,c0103753,3,"fcvt.wu.s	x14,f0","a4,ft0",
80006378,xori,a4:f7506634,,2245c713,3,"xori	x14,x11,548","a4,a1,548",
8000637c,remu,s4:80000000,,03747a33,3,"remu	x20,x8,x23","s4,s0,s7",
80006380,slti,s6:00000001,,f619ab13,3,"slti	x22,x19,-159","s6,s3,-159",
80006384,slt,t4:00000000,,0158aeb3,3,"slt	x29,x17,x21","t4,a7,s5",
80006388,slti,s10:00000001,,8b8fad13,3,"slti	x26,x31,-1864","s10,t6,-1864",
8000638c,srai,s0:fffffba8,,41175413,3,"srai	x8,x14,0x11","s0,a4,0x11",
80006390,fcvt.w.s,s3:7fffffff,,c00b79d3,3,"fcvt.w.s	x19,f22","s3,fs6",
80006394,flt.s,t3:00000000,,a0431e53,3,"flt.s	x28,f6,f4","t3,ft6,ft4",
80006398,remu,a2:fffffba8,,03747633,3,"remu	x12,x8,x23","a2,s0,s7",
8000639c,remu,s0:00000000,,0270f433,3,"remu	x8,x1,x7","s0,ra,t2",
800063a0,divu,a7:00000000,,02fe58b3,3,"divu	x17,x28,x15","a7,t3,a5",
800063a4,fsgnj.s,ft8:80000000,,202a8e53,3,"fsgnj.s	f28,f21,f2","ft8,fs5,ft2",
800063a8,fle.s,tp:00000001,,a0240253,3,"fle.s	x4,f8,f2","tp,fs0,ft2",
800063ac,ori,t6:80040fed,,7494ef93,3,"ori	x31,x9,1865","t6,s1,1865",
800063b0,mul,s4:ffffffff,,03eb8a33,3,"mul	x20,x23,x30","s4,s7,t5",
800063b4,fadd.s,fa6:00000001,,00277853,3,"fadd.s	f16,f14,f2","fa6,fa4,ft2",
800063b8,slti,s2:00000001,,7857a913,3,"slti	x18,x15,1925","s2,a5,1925",
800063bc,add,a3:fffffba7,,00f606b3,3,"add	x13,x12,x15","a3,a2,a5",
800063c0,and,a7:00000000,,01c478b3,3,"and	x17,x8,x28","a7,s0,t3",
800063c4,fcvt.s.wu,ft5:3f800000,,d01b32d3,3,"fcvt.s.wu	f5,x22","ft5,s6",
800063c8,andi,a3:80041004,,e442f693,3,"andi	x13,x5,-444","a3,t0,-444",
800063cc,addi,a3:80040af1,,aed68693,3,"addi	x13,x13,-1299","a3,a3,-1299",
800063d0,fmv.w.x,fs10:00000000,,f0018d53,3,"fmv.w.x	f26,x3","fs10,gp",
800063d4,or,a2:ffffffff,,00516633,3,"or	x12,x2,x5","a2,sp,t0",
800063d8,slli,a4:ffe00000,,015b9713,3,"slli	x14,x23,0x15","a4,s7,0x15",
800063dc,div,a2:00000000,,025e4633,3,"div	x12,x28,x5","a2,t3,t0",
800063e0,srl,s7:80040fed,,008fdbb3,3,"srl	x23,x31,x8","s7,t6,s0",
800063e4,xori,t6:800417c2,,7e62cf93,3,"xori	x31,x5,2022","t6,t0,2022",
800063ec,ori,a3:ffffffff,,ce956693,3,"ori	x13,x10,-791","a3,a0,-791",
800063f0,srl,s6:00000003,,0196db33,3,"srl	x22,x13,x25","s6,a3,s9",
800063f4,slt,t2:00000001,,011a23b3,3,"slt	x7,x20,x17","t2,s4,a7",
800063f8,fle.s,t3:00000001,,a03f0e53,3,"fle.s	x28,f30,f3","t3,ft10,ft3",
800063fc,add,s11:ffffffff,,00810db3,3,"add	x27,x2,x8","s11,sp,s0",
80006400,mulhu,t1:00000000,,0300b333,3,"mulhu	x6,x1,x16","t1,ra,a6",
80006404,fmul.s,ft4:00000000,,10a57253,3,"fmul.s	f4,f10,f10","ft4,fa0,fa0",
80006408,flt.s,s11:00000000,,a0141dd3,3,"flt.s	x27,f8,f1","s11,fs0,ft1",
8000640c,fsqrt.s,ft11:7fc00000,,58089fd3,3,"fsqrt.s	f31,f17","ft11,fa7",
80006410,fsub.s,fs5:7fc00000,,08cfcad3,3,"fsub.s	f21,f31,f12","fs5,ft11,fa2",
80006414,fsqrt.s,fs0:80000000,,580e7453,3,"fsqrt.s	f8,f28","fs0,ft8",
80006418,fcvt.w.s,s0:00000000,,c0067453,3,"fcvt.w.s	x8,f12","s0,fa2",
8000641c,rem,sp:ffffffff,,03b6e133,3,"rem	x2,x13,x27","sp,a3,s11",
80006424,sub,s6:ffffffff,,40440b33,3,"sub	x22,x8,x4","s6,s0,tp",
80006428,fmv.w.x,ft6:80040fed,,f00b8353,3,"fmv.w.x	f6,x23","ft6,s7",
8000642c,flt.s,t2:00000000,,a11a13d3,3,"flt.s	x7,f20,f17","t2,fs4,fa7",
80006430,srai,s11:00000fff,,4139dd93,3,"srai	x27,x19,0x13","s11,s3,0x13",
80006434,fsgnjn.s,fs1:00000000,,213094d3,3,"fsgnjn.s	f9,f1,f19","fs1,ft1,fs3",
80006438,srli,a0:00000000,,00a35513,3,"srli	x10,x6,0xa","a0,t1,0xa",
8000643c,div,s5:ffffffff,,03ab4ab3,3,"div	x21,x22,x26","s5,s6,s10",
80006440,fcvt.s.w,fa3:cefff7e1,,d00ba6d3,3,"fcvt.s.w	f13,x23","fa3,s7",
80006444,andi,s10:00000000,,00867d13,3,"andi	x26,x12,8","s10,a2,8",
80006448,lui,s6:99e5c000,,99e5cb37,3,"lui	x22,0x99e5c","s6,0x99e5c",
8000644c,auipc,a3:ba87b44c,,3a875697,3,"auipc	x13,0x3a875","a3,0x3a875",
80006450,auipc,s11:14a4f450,,94a49d97,3,"auipc	x27,0x94a49","s11,0x94a49",
80006454,fmul.s,fs5:7fc00000,,11573ad3,3,"fmul.s	f21,f14,f21","fs5,fa4,fs5",
80006458,sltu,a4:00000001,,0023b733,3,"sltu	x14,x7,x2","a4,t2,sp",
8000645c,mulh,a6:00000000,,02d89833,3,"mulh	x16,x17,x13","a6,a7,a3",
80006460,fmin.s,fs10:80040fed,,28658d53,3,"fmin.s	f26,f11,f6","fs10,fa1,ft6",
80006464,lui,t2:4375a000,,4375a3b7,3,"lui	x7,0x4375a","t2,0x4375a",
80006468,xor,sp:c5784bb3,,00d9c133,3,"xor	x2,x19,x13","sp,s3,a3",
8000646c,fcvt.s.wu,fs9:3f800000,,d01c7cd3,3,"fcvt.s.wu	f25,x24","fs9,s8",
80006474,mulhsu,s7:11c6c7cb,,0273abb3,3,"mulhsu	x23,x7,x7","s7,t2,t2",
80006478,slt,s7:00000000,,016babb3,3,"slt	x23,x23,x22","s7,s7,s6",
8000647c,mulhu,gp:00000000,,03df31b3,3,"mulhu	x3,x30,x29","gp,t5,t4",
80006480,fmv.w.x,ft4:80041024,,f0028253,3,"fmv.w.x	f4,x5","ft4,t0",
80006484,sltu,s6:00000000,,0110bb33,3,"sltu	x22,x1,x17","s6,ra,a7",
80006488,fdiv.s,fs4:7fc00000,,193c7a53,3,"fdiv.s	f20,f24,f19","fs4,fs8,fs3",
8000648c,mulh,s7:00000000,,037e9bb3,3,"mulh	x23,x29,x23","s7,t4,s7",
80006490,andi,a6:00000000,,ba3bf813,3,"andi	x16,x23,-1117","a6,s7,-1117",
80006494,fmin.s,fs8:00000000,,28f60c53,3,"fmin.s	f24,f12,f15","fs8,fa2,fa5",
80006498,srai,a6:00000000,,40375813,3,"srai	x16,x14,0x3","a6,a4,0x3",
8000649c,mulhsu,s3:00000000,,0376a9b3,3,"mulhsu	x19,x13,x23","s3,a3,s7",
800064a0,lui,a2:17574000,,17574637,3,"lui	x12,0x17574","a2,0x17574",
800064a4,fclass.s,s3:00000200,,e00899d3,3,"fclass.s	x19,f17","s3,fa7",
800064a8,fclass.s,a4:00000200,,e0059753,3,"fclass.s	x14,f11","a4,fa1",
800064ac,mulhu,s8:00000000,,03c83c33,3,"mulhu	x24,x16,x28","s8,a6,t3",
800064b0,add,a2:4375a001,,01c38633,3,"add	x12,x7,x28","a2,t2,t3",
800064b4,remu,s0:7ffbf01b,,0297f433,3,"remu	x8,x15,x9","s0,a5,s1",
800064b8,andi,s10:80041342,,b72ffd13,3,"andi	x26,x31,-1166","s10,t6,-1166",
800064bc,div,t4:00000000,,03c04eb3,3,"div	x29,x0,x28","t4,zero,t3",
800064c0,flt.s,t3:00000000,,a1731e53,3,"flt.s	x28,f6,f23","t3,ft6,fs7",
800064c4,fdiv.s,fs10:7fc00000,,19180d53,3,"fdiv.s	f26,f16,f17","fs10,fa6,fa7",
800064c8,mulhu,s6:00000000,,03e5bb33,3,"mulhu	x22,x11,x30","s6,a1,t5",
800064cc,fcvt.s.w,fs8:ce8af097,,d006fc53,3,"fcvt.s.w	f24,x13","fs8,a3",
800064d0,fdiv.s,ft0:00000000,,1839f053,3,"fdiv.s	f0,f19,f3","ft0,fs3,ft3",
800064d4,fsgnj.s,fs1:80041024,,21e204d3,3,"fsgnj.s	f9,f4,f30","fs1,ft4,ft10",
800064d8,fclass.s,s11:00000200,,e00a9dd3,3,"fclass.s	x27,f21","s11,fs5",
800064dc,fsgnj.s,fa1:00000000,,212085d3,3,"fsgnj.s	f11,f1,f18","fa1,ft1,fs2",
800064e0,fdiv.s,fs2:00000000,,19e9f953,3,"fdiv.s	f18,f19,f30","fs2,fs3,ft10",
800064e4,fle.s,ra:00000000,,a1bb00d3,3,"fle.s	x1,f22,f27","ra,fs6,fs11",
800064e8,fsgnjx.s,fs6:00041024,,21322b53,3,"fsgnjx.s	f22,f4,f19","fs6,ft4,fs3",
800064ec,fmv.w.x,ft11:f7506410,,f0058fd3,3,"fmv.w.x	f31,x11","ft11,a1",
800064f0,divu,t2:00000000,,02f1d3b3,3,"divu	x7,x3,x15","t2,gp,a5",
800064f4,sltu,s3:00000000,,01dbb9b3,3,"sltu	x19,x23,x29","s3,s7,t4",
800064f8,ori,s5:fffff907,,90756a93,3,"ori	x21,x10,-1785","s5,a0,-1785",
800064fc,fdiv.s,fa3:7fc00000,,18f146d3,3,"fdiv.s	f13,f2,f15","fa3,ft2,fa5",
80006500,xor,a4:0002e43e,,017cc733,3,"xor	x14,x25,x23","a4,s9,s7",
80006504,fcvt.s.w,fs2:3f800000,,d00f3953,3,"fcvt.s.w	f18,x30","fs2,t5",
80006508,srai,a2:00000002,,41d65613,3,"srai	x12,x12,0x1d","a2,a2,0x1d",
8000650c,fsgnjx.s,fa2:00000000,,20952653,3,"fsgnjx.s	f12,f10,f9","fa2,fa0,fs1",
80006510,fcvt.s.wu,fs7:4f775064,,d015fbd3,3,"fcvt.s.wu	f23,x11","fs7,a1",
80006514,fcvt.s.w,fs3:00000000,,d00379d3,3,"fcvt.s.w	f19,x6","fs3,t1",
8000651c,mulhu,s2:5d46cfd8,,02d4b933,3,"mulhu	x18,x9,x13","s2,s1,a3",
80006520,rem,a5:0002e43e,,02dce7b3,3,"rem	x15,x25,x13","a5,s9,a3",
80006524,fdiv.s,fs5:80000000,,198ebad3,3,"fdiv.s	f21,f29,f24","fs5,ft9,fs8",
80006528,add,s9:8006f780,,00ed0cb3,3,"add	x25,x26,x14","s9,s10,a4",
8000652c,fmul.s,fa6:0d0d213b,,109c2853,3,"fmul.s	f16,f24,f9","fa6,fs8,fs1",
80006530,fcvt.s.w,ft9:48390f80,,d0073ed3,3,"fcvt.s.w	f29,x14","ft9,a4",
80006534,divu,s11:00000000,,03b0ddb3,3,"divu	x27,x1,x27","s11,ra,s11",
80006538,sra,s10:80040fe4,,4104dd33,3,"sra	x26,x9,x16","s10,s1,a6",
8000653c,addi,s4:80041761,,77dd0a13,3,"addi	x20,x26,1917","s4,s10,1917",
80006540,addi,tp:f7506800,,3f058213,3,"addi	x4,x11,1008","tp,a1,1008",
80006544,fsqrt.s,fs5:7fc00000,,580f7ad3,3,"fsqrt.s	f21,f30","fs5,ft10",
80006548,fadd.s,fs1:ff800000,,0181f4d3,3,"fadd.s	f9,f3,f24","fs1,ft3,fs8",
8000654c,fmax.s,fs4:3f800000,,28ec9a53,3,"fmax.s	f20,f25,f14","fs4,fs9,fa4",
80006550,ori,a3:fffffbff,,b4d16693,3,"ori	x13,x2,-1203","a3,sp,-1203",
80006554,feq.s,s7:00000000,,a0322bd3,3,"feq.s	x23,f4,f3","s7,ft4,ft3",
80006558,mulhu,a2:00000000,,02d9b633,3,"mulhu	x12,x19,x13","a2,s3,a3",
8000655c,mulhsu,s6:00000000,,03e82b33,3,"mulhsu	x22,x16,x30","s6,a6,t5",
80006560,fsgnjn.s,fs4:80040fed,,20f31a53,3,"fsgnjn.s	f20,f6,f15","fs4,ft6,fa5",
80006564,feq.s,t1:00000000,,a0bfa353,3,"feq.s	x6,f31,f11","t1,ft11,fa1",
80006568,fsgnj.s,fs2:00000000,,21908953,3,"fsgnj.s	f18,f1,f25","fs2,ft1,fs9",
8000656c,andi,s4:00000000,,1cd3fa13,3,"andi	x20,x7,461","s4,t2,461",
80006570,fsqrt.s,fs4:7fc00000,,580c1a53,3,"fsqrt.s	f20,f24","fs4,fs8",
80006574,mulhu,sp:00000000,,0214b133,3,"mulhu	x2,x9,x1","sp,s1,ra",
80006578,and,a4:00000000,,01207733,3,"and	x14,x0,x18","a4,zero,s2",
8000657c,mul,a2:00000000,,03648633,3,"mul	x12,x9,x22","a2,s1,s6",
80006580,fsgnjx.s,ft6:80040fed,,20032353,3,"fsgnjx.s	f6,f6,f0","ft6,ft6,ft0",
80006584,addi,a7:0000048c,,48cd8893,3,"addi	x17,x27,1164","a7,s11,1164",
80006588,mulhu,s0:00000000,,039c3433,3,"mulhu	x8,x24,x25","s0,s8,s9",
8000658c,fcvt.wu.s,t5:ffffffff,,c018ff53,3,"fcvt.wu.s	x30,f17","t5,fa7",
80006590,fadd.s,fa5:80041024,,0043f7d3,3,"fadd.s	f15,f7,f4","fa5,ft7,ft4",
80006594,mul,s10:a01186c8,,029f8d33,3,"mul	x26,x31,x9","s10,t6,s1",
80006598,srl,s2:f7506800,,01d25933,3,"srl	x18,x4,x29","s2,tp,t4",
8000659c,divu,s9:ffffffff,,026f5cb3,3,"divu	x25,x30,x6","s9,t5,t1",
800065a0,fle.s,a6:00000000,,a08e8853,3,"fle.s	x16,f29,f8","a6,ft9,fs0",
800065a4,sltiu,s3:00000001,,44c53993,3,"sltiu	x19,x10,1100","s3,a0,1100",
800065a8,add,s6:fffffbfe,,01968b33,3,"add	x22,x13,x25","s6,a3,s9",
800065ac,sub,s4:573edd48,,41a58a33,3,"sub	x20,x11,x26","s4,a1,s10",
800065b0,fdiv.s,ft10:80000000,,18302f53,3,"fdiv.s	f30,f0,f3","ft10,ft0,ft3",
800065b4,auipc,s7:d20ba5b4,,520b4b97,3,"auipc	x23,0x520b4","s7,0x520b4",
800065b8,sltiu,s6:00000001,,e095bb13,3,"sltiu	x22,x11,-503","s6,a1,-503",
800065bc,sltu,s6:00000001,,00d53b33,3,"sltu	x22,x10,x13","s6,a0,a3",
800065c0,srl,tp:80041024,,00a2d233,3,"srl	x4,x5,x10","tp,t0,a0",
800065c4,mulhsu,t1:00000000,,027d2333,3,"mulhsu	x6,x26,x7","t1,s10,t2",
800065c8,fcvt.s.w,fs8:00000000,,d001fc53,3,"fcvt.s.w	f24,x3","fs8,gp",
800065cc,sltu,t2:00000001,,00de33b3,3,"sltu	x7,x28,x13","t2,t3,a3",
800065d0,flt.s,s4:00000000,,a1c61a53,3,"flt.s	x20,f12,f28","s4,fa2,ft8",
800065d4,fmv.w.x,fs9:f7506800,,f0090cd3,3,"fmv.w.x	f25,x18","fs9,s2",
800065d8,and,t4:00000000,,00147eb3,3,"and	x29,x8,x1","t4,s0,ra",
800065dc,or,t3:00000000,,01c0ee33,3,"or	x28,x1,x28","t3,ra,t3",
800065e0,lui,s0:2573d000,,2573d437,3,"lui	x8,0x2573d","s0,0x2573d",
800065e4,sra,s6:800417c2,,406fdb33,3,"sra	x22,x31,x6","s6,t6,t1",
800065e8,add,t5:ffffffff,,019c0f33,3,"add	x30,x24,x25","t5,s8,s9",
800065ec,fle.s,tp:00000000,,a1a58253,3,"fle.s	x4,f11,f26","tp,fa1,fs10",
800065f0,auipc,s7:78d925f0,,f8d8cb97,3,"auipc	x23,0xf8d8c","s7,0xf8d8c",
800065f4,fmin.s,fs7:80000000,,288c0bd3,3,"fmin.s	f23,f24,f8","fs7,fs8,fs0",
800065f8,fmax.s,fa6:80000000,,282b9853,3,"fmax.s	f16,f23,f2","fa6,fs7,ft2",
800065fc,slli,a7:00010000,,01039893,3,"slli	x17,x7,0x10","a7,t2,0x10",
80006600,mulhsu,s0:fffff943,,02baa433,3,"mulhsu	x8,x21,x11","s0,s5,a1",
80006604,fmul.s,ft9:86bbf04e,,106efed3,3,"fmul.s	f29,f29,f6","ft9,ft9,ft6",
80006608,auipc,t6:2b486608,,ab480f97,3,"auipc	x31,0xab480","t6,0xab480",
8000660c,ori,t3:ffffffff,,81acee13,3,"ori	x28,x25,-2022","t3,s9,-2022",
80006610,fmv.x.w,t2:7fc00000,,e00d03d3,3,"fmv.x.w	x7,f26","t2,fs10",
80006614,mulhu,s7:00000000,,02a83bb3,3,"mulhu	x23,x16,x10","s7,a6,a0",
80006618,mulh,s5:00000000,,02571ab3,3,"mulh	x21,x14,x5","s5,a4,t0",
8000661c,add,a4:800417c1,,016f0733,3,"add	x14,x30,x22","a4,t5,s6",
80006620,fcvt.w.s,a7:00000000,,c00e78d3,3,"fcvt.w.s	x17,f28","a7,ft8",
80006624,fcvt.wu.s,a0:00000000,,c0118553,3,"fcvt.wu.s	x10,f3","a0,ft3",
80006628,rem,s9:ffffffff,,023cecb3,3,"rem	x25,x25,x3","s9,s9,gp",
8000662c,slt,s9:00000000,,01afacb3,3,"slt	x25,x31,x26","s9,t6,s10",
80006630,fmin.s,fs11:80000000,,29ca0dd3,3,"fmin.s	f27,f20,f28","fs11,fs4,ft8",
80006634,lui,tp:81b63000,,81b63237,3,"lui	x4,0x81b63","tp,0x81b63",
80006638,fsqrt.s,fa3:00000000,,5805f6d3,3,"fsqrt.s	f13,f11","fa3,fa1",
8000663c,fsqrt.s,ft0:00000000,,5806f053,3,"fsqrt.s	f0,f13","ft0,fa3",
80006640,fmv.x.w,gp:80000000,,e00b81d3,3,"fmv.x.w	x3,f23","gp,fs7",
80006644,fmv.w.x,fs7:00000000,,f0060bd3,3,"fmv.w.x	f23,x12","fs7,a2",
8000664c,rem,s7:00000000,,025bebb3,3,"rem	x23,x23,x5","s7,s7,t0",
80006650,xori,s11:0002e76b,,3557cd93,3,"xori	x27,x15,853","s11,a5,853",
80006654,add,s9:ab486608,,003f8cb3,3,"add	x25,x31,x3","s9,t6,gp",
80006658,div,s6:00000000,,03264b33,3,"div	x22,x12,x18","s6,a2,s2",
8000665c,srli,a0:00000007,,01d6d513,3,"srli	x10,x13,0x1d","a0,a3,0x1d",
80006660,rem,sp:800417c1,,02176133,3,"rem	x2,x14,x1","sp,a4,ra",
80006668,lui,a7:1c00c000,,1c00c8b7,3,"lui	x17,0x1c00c","a7,0x1c00c",
8000666c,fmv.w.x,fa5:800417c1,,f00707d3,3,"fmv.w.x	f15,x14","fa5,a4",
80006670,xor,s3:fffff943,,008ec9b3,3,"xor	x19,x29,x8","s3,t4,s0",
80006674,sll,s0:1c00c000,,00c89433,3,"sll	x8,x17,x12","s0,a7,a2",
80006678,fmin.s,ft2:f7506410,,28ef8153,3,"fmin.s	f2,f31,f14","ft2,ft11,fa4",
8000667c,fcvt.w.s,a4:00000000,,c0078753,3,"fcvt.w.s	x14,f15","a4,fa5",
80006680,fmax.s,fs0:00000001,,28871453,3,"fmax.s	f8,f14,f8","fs0,fa4,fs0",
80006684,ori,t1:ffffff59,,f5986313,3,"ori	x6,x16,-167","t1,a6,-167",
80006688,fsqrt.s,ft2:7fc00000,,580ef153,3,"fsqrt.s	f2,f29","ft2,ft9",
8000668c,and,s4:00000000,,019efa33,3,"and	x20,x29,x25","s4,t4,s9",
80006690,xori,t6:fffff8e7,,8e704f93,3,"xori	x31,x0,-1817","t6,zero,-1817",
80006694,auipc,t3:c111b694,,41115e17,3,"auipc	x28,0x41115","t3,0x41115",
80006698,fmv.x.w,t6:7fc00000,,e0088fd3,3,"fmv.x.w	x31,f17","t6,fa7",
8000669c,rem,t1:fffff823,,0224e333,3,"rem	x6,x9,x2","t1,s1,sp",
800066a0,fsub.s,fa7:80000000,,08d878d3,3,"fsub.s	f17,f16,f13","fa7,fa6,fa3",
800066a4,rem,sp:00000000,,03186133,3,"rem	x2,x16,x17","sp,a6,a7",
800066a8,fclass.s,s11:00000004,,e0021dd3,3,"fclass.s	x27,f4","s11,ft4",
800066ac,flt.s,s6:00000000,,a17a1b53,3,"flt.s	x22,f20,f23","s6,fs4,fs7",
800066b0,fmv.w.x,fs1:f7506410,,f00584d3,3,"fmv.w.x	f9,x11","fs1,a1",
800066b4,lui,s4:78c95000,,78c95a37,3,"lui	x20,0x78c95","s4,0x78c95",
800066b8,fmv.w.x,ft7:80000000,,f00183d3,3,"fmv.w.x	f7,x3","ft7,gp",
800066bc,slli,a4:b6940000,,010e1713,3,"slli	x14,x28,0x10","a4,t3,0x10",
800066c4,div,t5:0000000b,,032d4f33,3,"div	x30,x26,x18","t5,s10,s2",
800066c8,fclass.s,s2:00000200,,e00a1953,3,"fclass.s	x18,f20","s2,fs4",
800066cc,and,tp:00000008,,019f7233,3,"and	x4,x30,x25","tp,t5,s9",
800066d0,srli,s3:03fe0000,,005fd993,3,"srli	x19,x31,0x5","s3,t6,0x5",
800066d4,fmul.s,fs6:00000000,,10094b53,3,"fmul.s	f22,f18,f0","fs6,fs2,ft0",
800066d8,mul,a7:00000000,,033b08b3,3,"mul	x17,x22,x19","a7,s6,s3",
800066dc,fsgnjx.s,fs7:bf800000,,2092abd3,3,"fsgnjx.s	f23,f5,f9","fs7,ft5,fs1",
800066e0,andi,a3:00000000,,83967693,3,"andi	x13,x12,-1991","a3,a2,-1991",
800066e4,xori,t4:800410a6,,0822ce93,3,"xori	x29,x5,130","t4,t0,130",
800066e8,fcvt.w.s,s3:7fffffff,,c00a39d3,3,"fcvt.w.s	x19,f20","s3,fs4",
800066ec,remu,t4:00000000,,032bfeb3,3,"remu	x29,x23,x18","t4,s7,s2",
800066f0,fmin.s,fs2:80000000,,291c0953,3,"fmin.s	f18,f24,f17","fs2,fs8,fa7",
800066f4,sll,a0:00000000,,01b69533,3,"sll	x10,x13,x27","a0,a3,s11",
800066f8,mulhu,a3:00000007,,02b236b3,3,"mulhu	x13,x4,x11","a3,tp,a1",
800066fc,sltu,a4:00000001,,00ecb733,3,"sltu	x14,x25,x14","a4,s9,a4",
80006700,fmin.s,fs1:f7506410,,289d84d3,3,"fmin.s	f9,f27,f9","fs1,fs11,fs1",
80006704,divu,s2:0ba2e8ba,,03e1d933,3,"divu	x18,x3,x30","s2,gp,t5",
80006708,fle.s,t2:00000000,,a11703d3,3,"fle.s	x7,f14,f17","t2,fa4,fa7",
8000670c,divu,s9:ffffffff,,0218dcb3,3,"divu	x25,x17,x1","s9,a7,ra",
80006710,feq.s,t6:00000000,,a0c7afd3,3,"feq.s	x31,f15,f12","t6,fa5,fa2",
80006714,andi,t1:7ffffb75,,b759f313,3,"andi	x6,x19,-1163","t1,s3,-1163",
80006718,feq.s,s4:00000001,,a10c2a53,3,"feq.s	x20,f24,f16","s4,fs8,fa6",
8000671c,fdiv.s,ft8:7fc00000,,1935fe53,3,"fdiv.s	f28,f11,f19","ft8,fa1,fs3",
80006720,fmv.x.w,a2:80000000,,e00f0653,3,"fmv.x.w	x12,f30","a2,ft10",
80006724,srai,a3:0000000f,,41b35693,3,"srai	x13,x6,0x1b","a3,t1,0x1b",
80006728,fsgnj.s,fa4:ffc00000,,219a0753,3,"fsgnj.s	f14,f20,f25","fa4,fs4,fs9",
8000672c,slti,s0:00000000,,a27c2413,3,"slti	x8,x24,-1497","s0,s8,-1497",
80006730,fle.s,a4:00000000,,a1ba8753,3,"fle.s	x14,f21,f27","a4,fs5,fs11",
80006734,auipc,a4:78090734,,f808a717,3,"auipc	x14,0xf808a","a4,0xf808a",
80006738,fmax.s,ft1:00000001,,28a410d3,3,"fmax.s	f1,f8,f10","ft1,fs0,fa0",
8000673c,fmv.x.w,t6:7fc00000,,e0010fd3,3,"fmv.x.w	x31,f2","t6,ft2",
80006740,sll,a0:00000000,,003b1533,3,"sll	x10,x22,x3","a0,s6,gp",
80006744,fle.s,a0:00000000,,a0fd0553,3,"fle.s	x10,f26,f15","a0,fs10,fa5",
80006748,slt,a4:00000001,,00fca733,3,"slt	x14,x25,x15","a4,s9,a5",
8000674c,sltiu,a3:00000001,,87e0b693,3,"sltiu	x13,x1,-1922","a3,ra,-1922",
80006750,fsgnjn.s,ft2:06bbf04e,,209e9153,3,"fsgnjn.s	f2,f29,f9","ft2,ft9,fs1",
80006754,slt,a4:00000001,,00d2a733,3,"slt	x14,x5,x13","a4,t0,a3",
80006758,remu,s11:80041024,,02b2fdb3,3,"remu	x27,x5,x11","s11,t0,a1",
8000675c,fadd.s,ft5:00000000,,016f22d3,3,"fadd.s	f5,f30,f22","ft5,ft10,fs6",
80006760,xori,s2:8000071c,,8e39c913,3,"xori	x18,x19,-1821","s2,s3,-1821",
80006764,srli,s6:00000000,,0023db13,3,"srli	x22,x7,0x2","s6,t2,0x2",
80006768,fadd.s,fa6:80000000,,01b3f853,3,"fadd.s	f16,f7,f27","fa6,ft7,fs11",
8000676c,flt.s,s0:00000000,,a0a09453,3,"flt.s	x8,f1,f10","s0,ft1,fa0",
80006770,fmul.s,fs4:7fc00000,,10e89a53,3,"fmul.s	f20,f17,f14","fs4,fa7,fa4",
80006774,divu,gp:ffffffff,,020551b3,3,"divu	x3,x10,x0","gp,a0,zero",
80006778,srli,t3:00000000,,00f8de13,3,"srli	x28,x17,0xf","t3,a7,0xf",
8000677c,sll,a6:40230d90,,00ed1833,3,"sll	x16,x26,x14","a6,s10,a4",
80006780,fsgnjx.s,fa3:00000000,,2016a6d3,3,"fsgnjx.s	f13,f13,f1","fa3,fa3,ft1",
80006784,fsqrt.s,ft11:7fc00000,,580d7fd3,3,"fsqrt.s	f31,f26","ft11,fs10",
80006788,divu,a3:00000000,,02c156b3,3,"divu	x13,x2,x12","a3,sp,a2",
8000678c,srl,a7:00000000,,003358b3,3,"srl	x17,x6,x3","a7,t1,gp",
80006790,addi,s9:80040ca7,,cc348c93,3,"addi	x25,x9,-829","s9,s1,-829",
80006794,divu,s7:ffffffff,,0362dbb3,3,"divu	x23,x5,x22","s7,t0,s6",
80006798,sra,s11:00000000,,41a55db3,3,"sra	x27,x10,x26","s11,a0,s10",
8000679c,sub,a4:00000000,,40a00733,3,"sub	x14,x0,x10","a4,zero,a0",
800067a0,mulh,t4:00000000,,03131eb3,3,"mulh	x29,x6,x17","t4,t1,a7",
800067a4,slti,sp:00000001,,2a2ca113,3,"slti	x2,x25,674","sp,s9,674",
800067a8,fmul.s,fs10:80000000,,10603d53,3,"fmul.s	f26,f0,f6","fs10,ft0,ft6",
800067b0,fdiv.s,fa3:7fc00000,,195aa6d3,3,"fdiv.s	f13,f21,f21","fa3,fs5,fs5",
800067b4,fadd.s,ft0:bf800000,,002bf053,3,"fadd.s	f0,f23,f2","ft0,fs7,ft2",
800067b8,fmax.s,ft6:00000000,,29f29353,3,"fmax.s	f6,f5,f31","ft6,ft5,ft11",
800067bc,mulh,t2:00000003,,033213b3,3,"mulh	x7,x4,x19","t2,tp,s3",
800067c0,fclass.s,t3:00000020,,e0009e53,3,"fclass.s	x28,f1","t3,ft1",
800067c4,div,a4:ffffffff,,03d9c733,3,"div	x14,x19,x29","a4,s3,t4",
800067c8,fdiv.s,fa6:7fc00000,,19c6f853,3,"fdiv.s	f16,f13,f28","fa6,fa3,ft8",
800067cc,lui,t3:2dd24000,,2dd24e37,3,"lui	x28,0x2dd24","t3,0x2dd24",
800067d0,feq.s,s2:00000000,,a1042953,3,"feq.s	x18,f8,f16","s2,fs0,fa6",
800067d4,sll,t2:00000000,,002913b3,3,"sll	x7,x18,x2","t2,s2,sp",
800067d8,mulhu,s9:16e9d98c,,03ccbcb3,3,"mulhu	x25,x25,x28","s9,s9,t3",
800067dc,mulhu,s2:00000000,,03003933,3,"mulhu	x18,x0,x16","s2,zero,a6",
800067e0,remu,t5:7fc00000,,020fff33,3,"remu	x30,x31,x0","t5,t6,zero",
800067e4,flt.s,a2:00000000,,a1131653,3,"flt.s	x12,f6,f17","a2,ft6,fa7",
800067e8,div,s10:00000000,,02bc4d33,3,"div	x26,x24,x11","s10,s8,a1",
800067ec,fcvt.wu.s,s11:ffffffff,,c01e1dd3,3,"fcvt.wu.s	x27,f28","s11,ft8",
800067f0,mulhu,tp:00000000,,03153233,3,"mulhu	x4,x10,x17","tp,a0,a7",
800067f4,srl,gp:2dd24000,,004e51b3,3,"srl	x3,x28,x4","gp,t3,tp",
800067f8,add,s10:00000000,,014b8d33,3,"add	x26,x23,x20","s10,s7,s4",
800067fc,feq.s,s10:00000000,,a1abad53,3,"feq.s	x26,f23,f26","s10,fs7,fs10",
80006800,fmin.s,fs5:00000000,,29fc0ad3,3,"fmin.s	f21,f24,f31","fs5,fs8,ft11",
80006804,srli,a4:00020010,,00e2d713,3,"srli	x14,x5,0xe","a4,t0,0xe",
80006808,rem,a0:00000000,,039c6533,3,"rem	x10,x24,x25","a0,s8,s9",
8000680c,fcvt.w.s,ra:80000000,,c00ca0d3,3,"fcvt.w.s	x1,f25","ra,fs9",
80006810,divu,ra:00000000,,033f50b3,3,"divu	x1,x30,x19","ra,t5,s3",
80006814,remu,a6:000054dc,,02ff7833,3,"remu	x16,x30,x15","a6,t5,a5",
80006818,fsqrt.s,fs8:80000000,,58097c53,3,"fsqrt.s	f24,f18","fs8,fs2",
8000681c,fsgnjn.s,ft11:00000000,,21191fd3,3,"fsgnjn.s	f31,f18,f17","ft11,fs2,fa7",
80006820,fle.s,t6:00000001,,a0690fd3,3,"fle.s	x31,f18,f6","t6,fs2,ft6",
80006824,fadd.s,fs8:7fc00000,,010eac53,3,"fadd.s	f24,f29,f16","fs8,ft9,fa6",
80006828,fmv.w.x,ft5:ffffffff,,f00d82d3,3,"fmv.w.x	f5,x27","ft5,s11",
8000682c,mulhu,s3:00000000,,03a139b3,3,"mulhu	x19,x2,x26","s3,sp,s10",
80006830,flt.s,t2:00000000,,a09213d3,3,"flt.s	x7,f4,f9","t2,ft4,fs1",
80006834,fsgnjn.s,fa4:00000000,,20551753,3,"fsgnjn.s	f14,f10,f5","fa4,fa0,ft5",
8000683c,divu,a2:ffffffff,,0245d633,3,"divu	x12,x11,x4","a2,a1,tp",
80006840,slti,t3:00000000,,5d41ae13,3,"slti	x28,x3,1492","t3,gp,1492",
80006844,fclass.s,ra:00000004,,e00790d3,3,"fclass.s	x1,f15","ra,fa5",
80006848,fsgnjn.s,ft2:77506800,,219c9153,3,"fsgnjn.s	f2,f25,f25","ft2,fs9,fs9",
8000684c,slti,s0:00000000,,a7c6a413,3,"slti	x8,x13,-1412","s0,a3,-1412",
80006850,feq.s,t5:00000001,,a12d2f53,3,"feq.s	x30,f26,f18","t5,fs10,fs2",
80006858,srl,s2:0002e43e,,01d7d933,3,"srl	x18,x15,x29","s2,a5,t4",
8000685c,srl,s11:00000000,,01775db3,3,"srl	x27,x14,x23","s11,a4,s7",
80006860,lui,s5:784e5000,,784e5ab7,3,"lui	x21,0x784e5","s5,0x784e5",
80006864,fsqrt.s,ft6:80000000,,5808f353,3,"fsqrt.s	f6,f17","ft6,fa7",
80006868,addi,s5:00000346,,34688a93,3,"addi	x21,x17,838","s5,a7,838",
8000686c,remu,t2:00000000,,028573b3,3,"remu	x7,x10,x8","t2,a0,s0",
80006870,add,s7:00000001,,018f0bb3,3,"add	x23,x30,x24","s7,t5,s8",
80006874,lui,s11:a7101000,,a7101db7,3,"lui	x27,0xa7101","s11,0xa7101",
80006878,mulh,s7:00000000,,036e9bb3,3,"mulh	x23,x29,x22","s7,t4,s6",
8000687c,fsub.s,fa1:00000000,,09a3f5d3,3,"fsub.s	f11,f7,f26","fa1,ft7,fs10",
80006880,xor,s5:00000000,,0078cab3,3,"xor	x21,x17,x7","s5,a7,t2",
80006884,fsub.s,fa4:ff800000,,0971b753,3,"fsub.s	f14,f3,f23","fa4,ft3,fs7",
80006888,lui,t5:cfbb7000,,cfbb7f37,3,"lui	x30,0xcfbb7","t5,0xcfbb7",
8000688c,srai,t5:00000000,,401e5f13,3,"srai	x30,x28,0x1","t5,t3,0x1",
80006890,sll,a7:00000000,,011d18b3,3,"sll	x17,x26,x17","a7,s10,a7",
80006894,fadd.s,fs6:7fc00000,,018a0b53,3,"fadd.s	f22,f20,f24","fs6,fs4,fs8",
80006898,lui,a0:5b89d000,,5b89d537,3,"lui	x10,0x5b89d","a0,0x5b89d",
800068a0,xor,tp:00000000,,0133c233,3,"xor	x4,x7,x19","tp,t2,s3",
800068a4,fle.s,s11:00000000,,a19c0dd3,3,"fle.s	x27,f24,f25","s11,fs8,fs9",
800068a8,fclass.s,s2:00000004,,e0079953,3,"fclass.s	x18,f15","s2,fa5",
800068ac,fcvt.wu.s,s3:ffffffff,,c016b9d3,3,"fcvt.wu.s	x19,f13","s3,fa3",
800068b0,mulhsu,a6:ffffffff,,02c9a833,3,"mulhsu	x16,x19,x12","a6,s3,a2",
800068b4,rem,t5:00000000,,03adef33,3,"rem	x30,x27,x26","t5,s11,s10",
800068b8,fcvt.s.w,fa4:cd0af9bf,,d005a753,3,"fcvt.s.w	f14,x11","fa4,a1",
800068bc,flt.s,a6:00000001,,a1be9853,3,"flt.s	x16,f29,f27","a6,ft9,fs11",
800068c0,add,t6:00000004,,012d8fb3,3,"add	x31,x27,x18","t6,s11,s2",
800068c4,fdiv.s,fs0:3cb78de4,,18f27453,3,"fdiv.s	f8,f4,f15","fs0,ft4,fa5",
800068c8,fadd.s,fs11:7fc00000,,016cbdd3,3,"fadd.s	f27,f25,f22","fs11,fs9,fs6",
800068cc,srai,a2:0003ffff,,40d35613,3,"srai	x12,x6,0xd","a2,t1,0xd",
800068d4,fcvt.s.wu,fs6:3f800000,,d0113b53,3,"fcvt.s.wu	f22,x2","fs6,sp",
800068d8,sra,s10:00000000,,407bdd33,3,"sra	x26,x23,x7","s10,s7,t2",
800068dc,mulh,t3:00000000,,03841e33,3,"mulh	x28,x8,x24","t3,s0,s8",
800068e0,fmin.s,ft11:bf800000,,284b8fd3,3,"fmin.s	f31,f23,f4","ft11,fs7,ft4",
800068e4,sltu,s3:00000000,,0086b9b3,3,"sltu	x19,x13,x8","s3,a3,s0",
800068e8,mulhu,s3:00000000,,02ffb9b3,3,"mulhu	x19,x31,x15","s3,t6,a5",
800068ec,srai,s8:00000000,,407a5c13,3,"srai	x24,x20,0x7","s8,s4,0x7",
800068f0,fmin.s,fs9:800417c1,,28778cd3,3,"fmin.s	f25,f15,f7","fs9,fa5,ft7",
800068f4,and,s10:00000000,,01737d33,3,"and	x26,x6,x23","s10,t1,s7",
800068f8,div,a7:00000000,,02f148b3,3,"div	x17,x2,x15","a7,sp,a5",
800068fc,fsgnjn.s,fa5:ffc00000,,213c17d3,3,"fsgnjn.s	f15,f24,f19","fa5,fs8,fs3",
80006900,fmv.w.x,fs10:00000000,,f00f0d53,3,"fmv.w.x	f26,x30","fs10,t5",
80006904,fsgnjx.s,fs5:3cb78de4,,21342ad3,3,"fsgnjx.s	f21,f8,f19","fs5,fs0,fs3",
80006908,sltu,a3:00000000,,015db6b3,3,"sltu	x13,x27,x21","a3,s11,s5",
8000690c,fcvt.wu.s,s3:00000000,,c01279d3,3,"fcvt.wu.s	x19,f4","s3,ft4",
80006910,div,s10:ffffffff,,036acd33,3,"div	x26,x21,x22","s10,s5,s6",
80006914,remu,s9:00000004,,0330fcb3,3,"remu	x25,x1,x19","s9,ra,s3",
80006918,slt,t4:00000001,,018d2eb3,3,"slt	x29,x26,x24","t4,s10,s8",
8000691c,fle.s,t2:00000000,,a0cb03d3,3,"fle.s	x7,f22,f12","t2,fs6,fa2",
80006920,and,t3:00000000,,00407e33,3,"and	x28,x0,x4","t3,zero,tp",
80006924,divu,s7:00000000,,03a75bb3,3,"divu	x23,x14,x26","s7,a4,s10",
80006928,and,a3:00000000,,005e76b3,3,"and	x13,x28,x5","a3,t3,t0",
8000692c,ori,s8:80041034,,0142ec13,3,"ori	x24,x5,20","s8,t0,20",
80006930,fmin.s,fs0:800417c1,,29980453,3,"fmin.s	f8,f16,f25","fs0,fa6,fs9",
80006938,ori,s8:00000483,,483aec13,3,"ori	x24,x21,1155","s8,s5,1155",
8000693c,fclass.s,gp:00000040,,e00a91d3,3,"fclass.s	x3,f21","gp,fs5",
80006940,mul,t1:00000000,,03578333,3,"mul	x6,x15,x21","t1,a5,s5",
80006948,sltu,s7:00000000,,0191bbb3,3,"sltu	x23,x3,x25","s7,gp,s9",
8000694c,lui,s11:20484000,,20484db7,3,"lui	x27,0x20484","s11,0x20484",
80006950,or,s0:80041024,,00506433,3,"or	x8,x0,x5","s0,zero,t0",
80006954,slli,s3:00040000,,01009993,3,"slli	x19,x1,0x10","s3,ra,0x10",
80006958,slt,a0:00000001,,00c7a533,3,"slt	x10,x15,x12","a0,a5,a2",
8000695c,fsub.s,fs9:3f800000,,092b0cd3,3,"fsub.s	f25,f22,f18","fs9,fs6,fs2",
80006960,fclass.s,s11:00000200,,e00c1dd3,3,"fclass.s	x27,f24","s11,fs8",
80006964,fsgnjx.s,ft5:80000000,,210522d3,3,"fsgnjx.s	f5,f10,f16","ft5,fa0,fa6",
80006968,auipc,t5:32c91968,,b2c8bf17,3,"auipc	x30,0xb2c8b","t5,0xb2c8b",
8000696c,fsqrt.s,ft2:80000000,,58088153,3,"fsqrt.s	f2,f17","ft2,fa7",
80006970,xori,s2:000002f1,,2f5cc913,3,"xori	x18,x25,757","s2,s9,757",
80006974,fsgnj.s,fs10:3f800000,,21800d53,3,"fsgnj.s	f26,f0,f24","fs10,ft0,fs8",
80006978,mulh,t1:00000000,,03761333,3,"mulh	x6,x12,x23","t1,a2,s7",
8000697c,remu,sp:00000000,,03e27133,3,"remu	x2,x4,x30","sp,tp,t5",
80006980,feq.s,t5:00000000,,a1d1af53,3,"feq.s	x30,f3,f29","t5,ft3,ft9",
80006984,fcvt.s.wu,fa1:00000000,,d01e75d3,3,"fcvt.s.wu	f11,x28","fa1,t3",
80006988,or,sp:00000044,,0011e133,3,"or	x2,x3,x1","sp,gp,ra",
8000698c,fmv.x.w,s4:80041024,,e0020a53,3,"fmv.x.w	x20,f4","s4,ft4",
80006990,mulh,a0:00000000,,03129533,3,"mulh	x10,x5,x17","a0,t0,a7",
80006994,fmv.w.x,fa5:00000483,,f00c07d3,3,"fmv.w.x	f15,x24","fa5,s8",
80006998,divu,t4:00000000,,032b5eb3,3,"divu	x29,x22,x18","t4,s6,s2",
8000699c,rem,sp:00000000,,0390e133,3,"rem	x2,x1,x25","sp,ra,s9",
800069a0,slli,a3:a8320800,,00759693,3,"slli	x13,x11,0x7","a3,a1,0x7",
800069a4,mulhu,s4:00000000,,03ddba33,3,"mulhu	x20,x27,x29","s4,s11,t4",
800069a8,and,tp:00000000,,01367233,3,"and	x4,x12,x19","tp,a2,s3",
800069ac,mul,s7:00000000,,03468bb3,3,"mul	x23,x13,x20","s7,a3,s4",
800069b0,add,a4:00000200,,007d8733,3,"add	x14,x27,x7","a4,s11,t2",
800069b4,sra,s11:00000000,,40eb5db3,3,"sra	x27,x22,x14","s11,s6,a4",
800069b8,rem,s3:ffffffff,,02dd69b3,3,"rem	x19,x26,x13","s3,s10,a3",
800069bc,xori,ra:00000288,,288ac093,3,"xori	x1,x21,648","ra,s5,648",
800069c0,fdiv.s,fs4:7fc00000,,18599a53,3,"fdiv.s	f20,f19,f5","fs4,fs3,ft5",
800069c4,addi,t2:8004133b,,31728393,3,"addi	x7,x5,791","t2,t0,791",
800069c8,flt.s,t1:00000000,,a0c31353,3,"flt.s	x6,f6,f12","t1,ft6,fa2",
800069d0,fcvt.s.wu,fs5:00000000,,d0117ad3,3,"fcvt.s.wu	f21,x2","fs5,sp",
800069d4,lui,a4:09d85000,,09d85737,3,"lui	x14,0x9d85","a4,0x9d85",
800069d8,slti,s7:00000000,,9ee02b93,3,"slti	x23,x0,-1554","s7,zero,-1554",
800069dc,rem,a2:00000001,,02386633,3,"rem	x12,x16,x3","a2,a6,gp",
800069e0,fsgnjx.s,fa5:3f800000,,207027d3,3,"fsgnjx.s	f15,f0,f7","fa5,ft0,ft7",
800069e4,fsgnjx.s,fs6:00000000,,21752b53,3,"fsgnjx.s	f22,f10,f23","fs6,fa0,fs7",
800069e8,ori,gp:ffffffff,,ad59e193,3,"ori	x3,x19,-1323","gp,s3,-1323",
800069ec,fsqrt.s,fs10:80000000,,58013d53,3,"fsqrt.s	f26,f2","fs10,ft2",
800069f0,fsgnj.s,fs7:00041024,,21320bd3,3,"fsgnj.s	f23,f4,f19","fs7,ft4,fs3",
800069f4,fsqrt.s,fa4:00000000,,58099753,3,"fsqrt.s	f14,f19","fa4,fs3",
800069f8,addi,t4:ffffff2c,,f2cb0e93,3,"addi	x29,x22,-212","t4,s6,-212",
800069fc,fmax.s,fa0:80000000,,29b29553,3,"fmax.s	f10,f5,f27","fa0,ft5,fs11",
80006a00,mulhu,tp:00000000,,037e3233,3,"mulhu	x4,x28,x23","tp,t3,s7",
80006a04,fmul.s,fs6:7fc00000,,11bf1b53,3,"fmul.s	f22,f30,f27","fs6,ft10,fs11",
80006a08,fsqrt.s,ft0:7fc00000,,580ef053,3,"fsqrt.s	f0,f29","ft0,ft9",
80006a0c,fsqrt.s,fs2:7fc00000,,58047953,3,"fsqrt.s	f18,f8","fs2,fs0",
80006a10,srl,a0:00005419,,0126d533,3,"srl	x10,x13,x18","a0,a3,s2",
80006a14,fadd.s,fa1:3f800000,,0137f5d3,3,"fadd.s	f11,f15,f19","fa1,fa5,fs3",
80006a18,add,t5:80040fe4,,01b48f33,3,"add	x30,x9,x27","t5,s1,s11",
80006a1c,mulhsu,a4:00000000,,02032733,3,"mulhsu	x14,x6,x0","a4,t1,zero",
80006a20,fmin.s,fa5:80000000,,29e507d3,3,"fmin.s	f15,f10,f30","fa5,fa0,ft10",
80006a28,add,s2:00000482,,013c0933,3,"add	x18,x24,x19","s2,s8,s3",
80006a2c,sltiu,t1:00000000,,7dd43313,3,"sltiu	x6,x8,2013","t1,s0,2013",
80006a30,xor,s3:00000004,,015cc9b3,3,"xor	x19,x25,x21","s3,s9,s5",
80006a34,srli,s5:001fffff,,00bd5a93,3,"srli	x21,x26,0xb","s5,s10,0xb",
80006a38,fsqrt.s,fa4:00000000,,580ac753,3,"fsqrt.s	f14,f21","fa4,fs5",
80006a3c,feq.s,t3:00000001,,a1e62e53,3,"feq.s	x28,f12,f30","t3,fa2,ft10",
80006a40,remu,a6:00000003,,03f1f833,3,"remu	x16,x3,x31","a6,gp,t6",
80006a44,feq.s,s2:00000001,,a0212953,3,"feq.s	x18,f2,f2","s2,ft2,ft2",
80006a48,fmv.w.x,fs0:00000000,,f00d8453,3,"fmv.w.x	f8,x27","fs0,s11",
80006a4c,andi,s2:ffffff7d,,f7d1f913,3,"andi	x18,x3,-131","s2,gp,-131",
80006a50,sltu,a2:00000000,,0069b633,3,"sltu	x12,x19,x6","a2,s3,t1",
80006a54,srl,s9:80041024,,0062dcb3,3,"srl	x25,x5,x6","s9,t0,t1",
80006a58,fle.s,a2:00000000,,a08c0653,3,"fle.s	x12,f24,f8","a2,fs8,fs0",
80006a5c,fmax.s,ft0:00000001,,28709053,3,"fmax.s	f0,f1,f7","ft0,ft1,ft7",
80006a60,fmin.s,fs2:80000000,,28e38953,3,"fmin.s	f18,f7,f14","fs2,ft7,fa4",
80006a64,mul,s5:00000000,,021b8ab3,3,"mul	x21,x23,x1","s5,s7,ra",
80006a68,fclass.s,a6:00000010,,e0071853,3,"fclass.s	x16,f14","a6,fa4",
80006a6c,xori,s6:0000039f,,38f84b13,3,"xori	x22,x16,911","s6,a6,911",
80006a70,fle.s,ra:00000001,,a00100d3,3,"fle.s	x1,f2,f0","ra,ft2,ft0",
80006a74,and,t1:00000001,,01ce7333,3,"and	x6,x28,x28","t1,t3,t3",
80006a78,xor,s2:fffffc60,,01ab4933,3,"xor	x18,x22,x26","s2,s6,s10",
80006a80,srl,s9:00000000,,00835cb3,3,"srl	x25,x6,x8","s9,t1,s0",
80006a84,fmv.w.x,fa4:00000000,,f0088753,3,"fmv.w.x	f14,x17","fa4,a7",
80006a88,fcvt.s.w,ft0:00000000,,d008f053,3,"fcvt.s.w	f0,x17","ft0,a7",
80006a8c,xor,a0:00000010,,01484533,3,"xor	x10,x16,x20","a0,a6,s4",
80006a90,fsub.s,fs9:80000000,,08e47cd3,3,"fsub.s	f25,f8,f14","fs9,fs0,fa4",
80006a94,sra,s2:00000001,,412e5933,3,"sra	x18,x28,x18","s2,t3,s2",
80006a98,fcvt.wu.s,s3:00000000,,c01b89d3,3,"fcvt.wu.s	x19,f23","s3,fs7",
80006a9c,feq.s,s6:00000001,,a1342b53,3,"feq.s	x22,f8,f19","s6,fs0,fs3",
80006aa4,fclass.s,t5:00000200,,e00b1f53,3,"fclass.s	x30,f22","t5,fs6",
80006aa8,or,t1:00000683,,01ec6333,3,"or	x6,x24,x30","t1,s8,t5",
80006ab0,sra,s5:00000000,,41905ab3,3,"sra	x21,x0,x25","s5,zero,s9",
80006ab4,lui,s8:6d537000,,6d537c37,3,"lui	x24,0x6d537","s8,0x6d537",
80006abc,flt.s,t2:00000000,,a0f093d3,3,"flt.s	x7,f1,f15","t2,ft1,fa5",
80006ac0,mulhsu,a5:00000000,,02de27b3,3,"mulhsu	x15,x28,x13","a5,t3,a3",
80006ac4,auipc,a6:4bc07ac4,,cbc01817,3,"auipc	x16,0xcbc01","a6,0xcbc01",
80006ac8,rem,t3:00000000,,024bee33,3,"rem	x28,x23,x4","t3,s7,tp",
80006acc,fadd.s,ft5:bf800000,,01f572d3,3,"fadd.s	f5,f10,f31","ft5,fa0,ft11",
80006ad0,sll,s2:ffffff2c,,000e9933,3,"sll	x18,x29,x0","s2,t4,zero",
80006ad4,mulh,t5:00000000,,02fe9f33,3,"mulh	x30,x29,x15","t5,t4,a5",
80006ad8,mulh,s3:3ffbf00c,,029299b3,3,"mulh	x19,x5,x9","s3,t0,s1",
80006ae0,fsgnjn.s,fa5:80000000,,20c017d3,3,"fsgnjn.s	f15,f0,f12","fa5,ft0,fa2",
80006ae4,sltu,t2:00000000,,00f2b3b3,3,"sltu	x7,x5,x15","t2,t0,a5",
80006ae8,srai,s5:00000000,,40275a93,3,"srai	x21,x14,0x2","s5,a4,0x2",
80006aec,mulhsu,s4:00000006,,02ac2a33,3,"mulhsu	x20,x24,x10","s4,s8,a0",
80006af0,fcvt.s.w,fa6:00000000,,d00f0853,3,"fcvt.s.w	f16,x30","fa6,t5",
80006af4,fcvt.w.s,a6:7fffffff,,c00e7853,3,"fcvt.w.s	x16,f28","a6,ft8",
80006af8,fcvt.s.w,ft7:4effffff,,d00873d3,3,"fcvt.s.w	f7,x16","ft7,a6",
80006afc,flt.s,a0:00000000,,a1fe1553,3,"flt.s	x10,f28,f31","a0,ft8,ft11",
80006b00,add,a3:00000683,,006886b3,3,"add	x13,x17,x6","a3,a7,t1",
80006b04,fsgnj.s,fs6:00000000,,21578b53,3,"fsgnj.s	f22,f15,f21","fs6,fa5,fs5",
80006b08,srli,a5:00000000,,01ca5793,3,"srli	x15,x20,0x1c","a5,s4,0x1c",
80006b0c,add,s5:80040fe4,,01e48ab3,3,"add	x21,x9,x30","s5,s1,t5",
80006b14,mulhsu,s9:00000000,,0396acb3,3,"mulhsu	x25,x13,x25","s9,a3,s9",
80006b1c,div,t5:ffffffff,,02f2cf33,3,"div	x30,x5,x15","t5,t0,a5",
80006b20,fcvt.wu.s,tp:00000000,,c01f7253,3,"fcvt.wu.s	x4,f30","tp,ft10",
80006b24,fadd.s,ft10:80041024,,01327f53,3,"fadd.s	f30,f4,f19","ft10,ft4,fs3",
80006b28,fdiv.s,fs9:7fc00000,,188c7cd3,3,"fdiv.s	f25,f24,f8","fs9,fs8,fs0",
80006b2c,fcvt.s.w,ft8:c3540000,,d0094e53,3,"fcvt.s.w	f28,x18","ft8,s2",
80006b30,auipc,s8:37e16b30,,b7e10c17,3,"auipc	x24,0xb7e10","s8,0xb7e10",
80006b34,sltu,s11:00000001,,0107bdb3,3,"sltu	x27,x15,x16","s11,a5,a6",
80006b38,mulhu,a4:00000000,,020c3733,3,"mulhu	x14,x24,x0","a4,s8,zero",
80006b3c,fle.s,t4:00000001,,a0738ed3,3,"fle.s	x29,f7,f7","t4,ft7,ft7",
80006b40,fsub.s,fs10:86bbf04e,,08fefd53,3,"fsub.s	f26,f29,f15","fs10,ft9,fa5",
80006b44,sll,a0:00410240,,01529533,3,"sll	x10,x5,x21","a0,t0,s5",
80006b48,add,s8:80040fe5,,015b0c33,3,"add	x24,x22,x21","s8,s6,s5",
80006b4c,divu,s2:00000002,,03385933,3,"divu	x18,x16,x19","s2,a6,s3",
80006b54,fdiv.s,fa1:7fc00000,,1916b5d3,3,"fdiv.s	f11,f13,f17","fa1,fa3,fa7",
80006b58,fclass.s,t3:00000010,,e0099e53,3,"fclass.s	x28,f19","t3,fs3",
80006b5c,fcvt.s.wu,fs7:00000000,,d0167bd3,3,"fcvt.s.wu	f23,x12","fs7,a2",
80006b60,divu,s3:ffffffff,,024c59b3,3,"divu	x19,x24,x4","s3,s8,tp",
80006b64,sra,ra:ffffffff,,4109d0b3,3,"sra	x1,x19,x16","ra,s3,a6",
80006b68,fclass.s,t1:00000004,,e0021353,3,"fclass.s	x6,f4","t1,ft4",
80006b6c,divu,s4:00000000,,03325a33,3,"divu	x20,x4,x19","s4,tp,s3",
80006b70,addi,a5:00000887,,20468793,3,"addi	x15,x13,516","a5,a3,516",
80006b74,add,s3:80041023,,005089b3,3,"add	x19,x1,x5","s3,ra,t0",
80006b78,fmv.w.x,ft8:00000000,,f0020e53,3,"fmv.w.x	f28,x4","ft8,tp",
80006b7c,fcvt.s.wu,fa4:40000000,,d0192753,3,"fcvt.s.wu	f14,x18","fa4,s2",
80006b80,or,t5:80041023,,0138ef33,3,"or	x30,x17,x19","t5,a7,s3",
80006b84,mulhsu,sp:00000000,,02cba133,3,"mulhsu	x2,x23,x12","sp,s7,a2",
80006b88,fmax.s,ft4:4effffff,,29139253,3,"fmax.s	f4,f7,f17","ft4,ft7,fa7",
80006b8c,feq.s,s8:00000000,,a19b2c53,3,"feq.s	x24,f22,f25","s8,fs6,fs9",
80006b90,and,s4:00000083,,00f6fa33,3,"and	x20,x13,x15","s4,a3,a5",
80006b94,fcvt.w.s,t3:00000000,,c000ae53,3,"fcvt.w.s	x28,f1","t3,ft1",
80006b98,fcvt.s.wu,fa0:00000000,,d01c9553,3,"fcvt.s.wu	f10,x25","fa0,s9",
80006b9c,auipc,s4:5fdddb9c,,dfdd7a17,3,"auipc	x20,0xdfdd7","s4,0xdfdd7",
80006ba0,mulh,s2:00000000,,03959933,3,"mulh	x18,x11,x25","s2,a1,s9",
80006ba4,fcvt.s.w,fa3:cefff7e0,,d004f6d3,3,"fcvt.s.w	f13,x9","fa3,s1",
80006ba8,sltu,s0:00000000,,0114b433,3,"sltu	x8,x9,x17","s0,s1,a7",
80006bac,fcvt.wu.s,a7:ffffffff,,c01a08d3,3,"fcvt.wu.s	x17,f20","a7,fs4",
80006bb0,fsgnjx.s,ft2:7fc00000,,214da153,3,"fsgnjx.s	f2,f27,f20","ft2,fs11,fs4",
80006bb8,fmax.s,ft10:00000000,,28361f53,3,"fmax.s	f30,f12,f3","ft10,fa2,ft3",
80006bc0,mul,s5:00000000,,03538ab3,3,"mul	x21,x7,x21","s5,t2,s5",
80006bc4,fmin.s,fs0:80000000,,28658453,3,"fmin.s	f8,f11,f6","fs0,fa1,ft6",
80006bc8,addi,s2:000003e5,,3e4d8913,3,"addi	x18,x27,996","s2,s11,996",
80006bcc,remu,gp:00000004,,024371b3,3,"remu	x3,x6,x4","gp,t1,tp",
80006bd0,fmin.s,fs0:00000000,,290a0453,3,"fmin.s	f8,f20,f16","fs0,fs4,fa6",
80006bd4,or,a3:00000000,,019766b3,3,"or	x13,x14,x25","a3,a4,s9",
80006bd8,fsub.s,fa2:80000000,,0937a653,3,"fsub.s	f12,f15,f19","fa2,fa5,fs3",
80006bdc,remu,a6:00000000,,038bf833,3,"remu	x16,x23,x24","a6,s7,s8",
80006be0,fsgnjn.s,fs7:80000000,,217b1bd3,3,"fsgnjn.s	f23,f22,f23","fs7,fs6,fs7",
80006be4,ori,s3:fffffe8c,,e8c1e993,3,"ori	x19,x3,-372","s3,gp,-372",
80006be8,fclass.s,a2:00000010,,e0041653,3,"fclass.s	x12,f8","a2,fs0",
80006bec,xori,sp:00000558,,559b4113,3,"xori	x2,x22,1369","sp,s6,1369",
80006bf4,add,a0:00000000,,00000533,3,"add	x10,x0,x0","a0,zero,zero",
80006bf8,xor,t1:5fdddb9c,,010a4333,3,"xor	x6,x20,x16","t1,s4,a6",
80006bfc,fle.s,s6:00000001,,a0e28b53,3,"fle.s	x22,f5,f14","s6,ft5,fa4",
80006c00,andi,a6:00000001,,d13ef813,3,"andi	x16,x29,-749","a6,t4,-749",
80006c04,fadd.s,ft10:7fc00000,,01b37f53,3,"fadd.s	f30,f6,f27","ft10,ft6,fs11",
80006c08,fmul.s,fa7:80000000,,11a478d3,3,"fmul.s	f17,f8,f26","fa7,fs0,fs10",
80006c0c,fsub.s,ft2:06bbf04e,,09ae7153,3,"fsub.s	f2,f28,f26","ft2,ft8,fs10",
80006c10,xor,a2:00000000,,004ac633,3,"xor	x12,x21,x4","a2,s5,tp",
80006c14,fcvt.s.w,ft2:00000000,,d00c7153,3,"fcvt.s.w	f2,x24","ft2,s8",
80006c18,andi,s4:00000000,,9b23fa13,3,"andi	x20,x7,-1614","s4,t2,-1614",
80006c1c,fmv.w.x,ft11:00000000,,f0020fd3,3,"fmv.w.x	f31,x4","ft11,tp",
80006c20,xori,gp:00000331,,3351c193,3,"xori	x3,x3,821","gp,gp,821",
80006c24,fle.s,a7:00000000,,a1a408d3,3,"fle.s	x17,f8,f26","a7,fs0,fs10",
80006c28,feq.s,a3:00000000,,a03fa6d3,3,"feq.s	x13,f31,f3","a3,ft11,ft3",
80006c2c,sltu,sp:00000000,,0046b133,3,"sltu	x2,x13,x4","sp,a3,tp",
80006c30,sltiu,s11:00000000,,c7f0bd93,3,"sltiu	x27,x1,-897","s11,ra,-897",
80006c34,auipc,ra:26c3ac34,,a6c34097,3,"auipc	x1,0xa6c34","ra,0xa6c34",
80006c38,slti,s2:00000000,,1fc0a913,3,"slti	x18,x1,508","s2,ra,508",
80006c40,fmin.s,fa2:4effffff,,28b38653,3,"fmin.s	f12,f7,f11","fa2,ft7,fa1",
80006c44,divu,a4:00000001,,0259d733,3,"divu	x14,x19,x5","a4,s3,t0",
80006c48,fmv.x.w,a3:80000000,,e00b86d3,3,"fmv.x.w	x13,f23","a3,fs7",
80006c4c,sra,a0:00000000,,40345533,3,"sra	x10,x8,x3","a0,s0,gp",
80006c50,fcvt.s.w,ft2:00000000,,d00a7153,3,"fcvt.s.w	f2,x20","ft2,s4",
80006c54,fcvt.s.w,fa7:00000000,,d00518d3,3,"fcvt.s.w	f17,x10","fa7,a0",
80006c58,fcvt.s.w,fa6:00000000,,d0014853,3,"fcvt.s.w	f16,x2","fa6,sp",
80006c5c,lui,t2:2c53f000,,2c53f3b7,3,"lui	x7,0x2c53f","t2,0x2c53f",
80006c60,sra,s9:00000000,,4188dcb3,3,"sra	x25,x17,x24","s9,a7,s8",
80006c64,ori,t3:f7506736,,7265ee13,3,"ori	x28,x11,1830","t3,a1,1830",
80006c68,divu,t5:ffffffff,,0327df33,3,"divu	x30,x15,x18","t5,a5,s2",
80006c6c,and,a2:00000000,,012a7633,3,"and	x12,x20,x18","a2,s4,s2",
80006c70,fsgnjn.s,fs1:06bbf04e,,20fe94d3,3,"fsgnjn.s	f9,f29,f15","fs1,ft9,fa5",
80006c74,slti,sp:00000001,,187a2113,3,"slti	x2,x20,391","sp,s4,391",
80006c78,srl,t1:00000000,,001bd333,3,"srl	x6,x23,x1","t1,s7,ra",
80006c7c,fsqrt.s,fa3:00000000,,5808f6d3,3,"fsqrt.s	f13,f17","fa3,fa7",
80006c80,fle.s,t2:00000001,,a16a83d3,3,"fle.s	x7,f21,f22","t2,fs5,fs6",
80006c84,sltu,s0:00000001,,01c0b433,3,"sltu	x8,x1,x28","s0,ra,t3",
80006c88,addi,s5:fffffa95,,a9410a93,3,"addi	x21,x2,-1388","s5,sp,-1388",
80006c8c,srl,t2:00000000,,008ed3b3,3,"srl	x7,x29,x8","t2,t4,s0",
80006c90,fmv.w.x,fa2:26c3ac34,,f0008653,3,"fmv.w.x	f12,x1","fa2,ra",
80006c94,fcvt.w.s,t5:00000000,,c0047f53,3,"fcvt.w.s	x30,f8","t5,fs0",
80006c98,addi,s10:ffffff29,,f2950d13,3,"addi	x26,x10,-215","s10,a0,-215",
80006c9c,xor,s8:80041024,,00c2cc33,3,"xor	x24,x5,x12","s8,t0,a2",
80006ca0,mulhsu,s7:00000000,,0326abb3,3,"mulhsu	x23,x13,x18","s7,a3,s2",
80006ca4,fle.s,s0:00000000,,a0938453,3,"fle.s	x8,f7,f9","s0,ft7,fs1",
80006ca8,xor,s10:80041315,,0051cd33,3,"xor	x26,x3,x5","s10,gp,t0",
80006cac,fcvt.s.wu,fs6:00000000,,d0127b53,3,"fcvt.s.wu	f22,x4","fs6,tp",
80006cb0,slli,s5:00000000,,01441a93,3,"slli	x21,x8,0x14","s5,s0,0x14",
80006cb4,remu,t2:0bb4fb64,,0216f3b3,3,"remu	x7,x13,x1","t2,a3,ra",
80006cb8,fsgnjx.s,ft11:00000000,,20802fd3,3,"fsgnjx.s	f31,f0,f8","ft11,ft0,fs0",
80006cbc,fsub.s,fa7:4effffff,,086278d3,3,"fsub.s	f17,f4,f6","fa7,ft4,ft6",
80006cc0,or,s9:80041024,,01826cb3,3,"or	x25,x4,x24","s9,tp,s8",
80006cc4,slti,s3:00000001,,3f4ba993,3,"slti	x19,x23,1012","s3,s7,1012",
80006cc8,fcvt.s.w,fs2:3f800000,,d00ec953,3,"fcvt.s.w	f18,x29","fs2,t4",
80006ccc,srai,s11:fff00081,,40b4dd93,3,"srai	x27,x9,0xb","s11,s1,0xb",
80006cd0,auipc,gp:7e253cd0,,fe24d197,3,"auipc	x3,0xfe24d","gp,0xfe24d",
80006cd4,fsub.s,ft8:bf800000,,0862fe53,3,"fsub.s	f28,f5,f6","ft8,ft5,ft6",
80006cd8,andi,a6:80041020,,9a0c7813,3,"andi	x16,x24,-1632","a6,s8,-1632",
80006cdc,fcvt.wu.s,s5:00000000,,c017fad3,3,"fcvt.wu.s	x21,f15","s5,fa5",
80006ce0,andi,a3:00000000,,c1f97693,3,"andi	x13,x18,-993","a3,s2,-993",
80006ce4,or,ra:00000000,,017660b3,3,"or	x1,x12,x23","ra,a2,s7",
80006ce8,addi,gp:fffff9ae,,9ade8193,3,"addi	x3,x29,-1619","gp,t4,-1619",
80006cec,fcvt.s.w,fs11:cefff7e0,,d0082dd3,3,"fcvt.s.w	f27,x16","fs11,a6",
80006cf0,fsub.s,fs9:3f800000,,085bfcd3,3,"fsub.s	f25,f23,f5","fs9,fs7,ft5",
80006cf4,mulhsu,a0:8004163d,,023d2533,3,"mulhsu	x10,x26,x3","a0,s10,gp",
80006cf8,fadd.s,ft1:4effffff,,011310d3,3,"fadd.s	f1,f6,f17","ft1,ft6,fa7",
80006cfc,and,sp:00000004,,018ff133,3,"and	x2,x31,x24","sp,t6,s8",
80006d00,and,t3:00000000,,00f87e33,3,"and	x28,x16,x15","t3,a6,a5",
80006d04,fcvt.s.wu,fs9:00000000,,d01afcd3,3,"fcvt.s.wu	f25,x21","fs9,s5",
80006d08,auipc,a3:33ee2d08,,b3edc697,3,"auipc	x13,0xb3edc","a3,0xb3edc",
80006d0c,srli,t3:00000000,,00b15e13,3,"srli	x28,x2,0xb","t3,sp,0xb",
80006d10,fsgnj.s,fa3:00000000,,200b86d3,3,"fsgnj.s	f13,f23,f0","fa3,fs7,ft0",
80006d14,sra,a3:fff80040,,413dd6b3,3,"sra	x13,x27,x19","a3,s11,s3",
80006d18,srl,s7:80041315,,010d5bb3,3,"srl	x23,x26,x16","s7,s10,a6",
80006d1c,divu,tp:ffffffff,,03c85233,3,"divu	x4,x16,x28","tp,a6,t3",
80006d20,ori,a0:fffffc33,,c32ee513,3,"ori	x10,x29,-974","a0,t4,-974",
80006d24,or,s11:80041024,,002cedb3,3,"or	x27,x25,x2","s11,s9,sp",
80006d28,fclass.s,ra:00000200,,e00f10d3,3,"fclass.s	x1,f30","ra,ft10",
80006d2c,addi,gp:00000a6e,,1e778193,3,"addi	x3,x15,487","gp,a5,487",
80006d30,fcvt.s.w,fs7:cefff7d9,,d00d7bd3,3,"fcvt.s.w	f23,x26","fs7,s10",
80006d34,fsgnjn.s,fa2:80000000,,20cc9653,3,"fsgnjn.s	f12,f25,f12","fa2,fs9,fa2",
80006d38,and,t5:80040020,,00987f33,3,"and	x30,x16,x9","t5,a6,s1",
80006d3c,remu,a3:f7506410,,0325f6b3,3,"remu	x13,x11,x18","a3,a1,s2",
80006d40,srli,t2:00000000,,0008d393,3,"srli	x7,x17,0x0","t2,a7,0x0",
80006d44,fclass.s,s9:00000002,,e00d1cd3,3,"fclass.s	x25,f26","s9,fs10",
80006d48,andi,s3:00000000,,ed4ef993,3,"andi	x19,x29,-300","s3,t4,-300",
80006d4c,fmul.s,fa0:86bbf04e,,112d1553,3,"fmul.s	f10,f26,f18","fa0,fs10,fs2",
80006d50,srai,a7:00000000,,40f05893,3,"srai	x17,x0,0xf","a7,zero,0xf",
80006d54,fcvt.wu.s,t3:7fffff80,,c0124e53,3,"fcvt.wu.s	x28,f4","t3,ft4",
80006d58,fcvt.wu.s,a2:00000000,,c0117653,3,"fcvt.wu.s	x12,f2","a2,ft2",
80006d5c,remu,s5:00000000,,02137ab3,3,"remu	x21,x6,x1","s5,t1,ra",
80006d60,fsqrt.s,fs5:7fc00000,,580d9ad3,3,"fsqrt.s	f21,f27","fs5,fs11",
80006d64,fsub.s,ft4:80000000,,080fc253,3,"fsub.s	f4,f31,f0","ft4,ft11,ft0",
80006d68,srai,a6:00000000,,40395813,3,"srai	x16,x18,0x3","a6,s2,0x3",
80006d6c,slt,tp:00000000,,0093a233,3,"slt	x4,x7,x9","tp,t2,s1",
80006d74,and,s3:00000000,,01ea79b3,3,"and	x19,x20,x30","s3,s4,t5",
80006d78,xori,s8:ffffffa2,,fa0ccc13,3,"xori	x24,x25,-96","s8,s9,-96",
80006d80,auipc,s4:e9b0fd80,,69b09a17,3,"auipc	x20,0x69b09","s4,0x69b09",
80006d84,auipc,s4:e34bbd84,,634b5a17,3,"auipc	x20,0x634b5","s4,0x634b5",
80006d88,mulhu,ra:7bac21b8,,0376b0b3,3,"mulhu	x1,x13,x23","ra,a3,s7",
80006d8c,fmv.w.x,fa7:00000000,,f00208d3,3,"fmv.w.x	f17,x4","fa7,tp",
80006d90,fmv.w.x,ft5:00000000,,f00802d3,3,"fmv.w.x	f5,x16","ft5,a6",
80006d94,mulhu,a2:00000000,,02f33633,3,"mulhu	x12,x6,x15","a2,t1,a5",
80006d98,sra,s4:00000000,,4171da33,3,"sra	x20,x3,x23","s4,gp,s7",
80006d9c,srai,t4:00000000,,40145e93,3,"srai	x29,x8,0x1","t4,s0,0x1",
80006da0,divu,sp:00000000,,02125133,3,"divu	x2,x4,x1","sp,tp,ra",
80006da4,slt,tp:00000000,,00812233,3,"slt	x4,x2,x8","tp,sp,s0",
80006da8,fle.s,s0:00000000,,a1d38453,3,"fle.s	x8,f7,f29","s0,ft7,ft9",
80006db0,fsgnj.s,fs5:4effffff,,20208ad3,3,"fsgnj.s	f21,f1,f2","fs5,ft1,ft2",
80006db4,mulhu,s5:00000000,,0258bab3,3,"mulhu	x21,x17,x5","s5,a7,t0",
80006db8,xori,s4:7ffbe98d,,9a9dca13,3,"xori	x20,x27,-1623","s4,s11,-1623",
80006dbc,divu,ra:00000000,,021750b3,3,"divu	x1,x14,x1","ra,a4,ra",
80006dc0,fcvt.s.w,fs8:c4734000,,d0057c53,3,"fcvt.s.w	f24,x10","fs8,a0",
80006dc8,lui,s2:7db5e000,,7db5e937,3,"lui	x18,0x7db5e","s2,0x7db5e",
80006dcc,fmv.w.x,fa5:00000000,,f00387d3,3,"fmv.w.x	f15,x7","fa5,t2",
80006dd0,fsgnj.s,fa7:00000000,,219788d3,3,"fsgnj.s	f17,f15,f25","fa7,fa5,fs9",
80006dd4,fmul.s,fs7:80000000,,10f57bd3,3,"fmul.s	f23,f10,f15","fs7,fa0,fa5",
80006dd8,srl,a0:7fffff80,,010e5533,3,"srl	x10,x28,x16","a0,t3,a6",
80006ddc,fcvt.w.s,t6:7fffff80,,c00affd3,3,"fcvt.w.s	x31,f21","t6,fs5",
80006de0,fsub.s,fa4:80000000,,09904753,3,"fsub.s	f14,f0,f25","fa4,ft0,fs9",
80006de4,srai,s9:fffffffc,,41dbdc93,3,"srai	x25,x23,0x1d","s9,s7,0x1d",
80006de8,slt,s9:00000000,,01a32cb3,3,"slt	x25,x6,x26","s9,t1,s10",
80006dec,or,a4:00000000,,00006733,3,"or	x14,x0,x0","a4,zero,zero",
80006df0,fmv.w.x,fs5:00000000,,f0020ad3,3,"fmv.w.x	f21,x4","fs5,tp",
80006df4,auipc,t3:49203df4,,c91fde17,3,"auipc	x28,0xc91fd","t3,0xc91fd",
80006dfc,fsgnjx.s,fs7:00000000,,20c32bd3,3,"fsgnjx.s	f23,f6,f12","fs7,ft6,fa2",
80006e00,fcvt.wu.s,s5:000003cd,,c01c4ad3,3,"fcvt.wu.s	x21,f24","s5,fs8",
80006e04,or,s6:7ffbe98d,,0140eb33,3,"or	x22,x1,x20","s6,ra,s4",
80006e08,auipc,gp:fde88e08,,7de82197,3,"auipc	x3,0x7de82","gp,0x7de82",
80006e0c,fsgnjn.s,fs2:ceffffff,,20139953,3,"fsgnjn.s	f18,f7,f1","fs2,ft7,ft1",
80006e10,srli,t3:00000000,,00205e13,3,"srli	x28,x0,0x2","t3,zero,0x2",
80006e14,ori,s2:000007ef,,46fae913,3,"ori	x18,x21,1135","s2,s5,1135",
80006e18,fcvt.s.wu,fs2:4f7de88f,,d011b953,3,"fcvt.s.wu	f18,x3","fs2,gp",
80006e1c,slt,a7:00000001,,00fea8b3,3,"slt	x17,x29,x15","a7,t4,a5",
80006e20,or,s10:00000001,,01176d33,3,"or	x26,x14,x17","s10,a4,a7",
80006e24,mulhu,s8:00000000,,03053c33,3,"mulhu	x24,x10,x16","s8,a0,a6",
80006e28,or,s5:f7506410,,00deeab3,3,"or	x21,x29,x13","s5,t4,a3",
80006e2c,auipc,s6:a7d96e2c,,27d90b17,3,"auipc	x22,0x27d90","s6,0x27d90",
80006e30,fcvt.wu.s,t2:00000001,,c01e73d3,3,"fcvt.wu.s	x7,f28","t2,ft8",
80006e38,srl,a4:00000000,,01145733,3,"srl	x14,x8,x17","a4,s0,a7",
80006e3c,fmul.s,ft1:7f800000,,103dc0d3,3,"fmul.s	f1,f27,f3","ft1,fs11,ft3",
80006e40,fadd.s,ft11:7fc00000,,01402fd3,3,"fadd.s	f31,f0,f20","ft11,ft0,fs4",
80006e44,fmv.x.w,gp:4f7de88f,,e00901d3,3,"fmv.x.w	x3,f18","gp,fs2",
80006e48,andi,sp:00000000,,8e017113,3,"andi	x2,x2,-1824","sp,sp,-1824",
80006e4c,or,a0:7fffff80,,01f86533,3,"or	x10,x16,x31","a0,a6,t6",
80006e50,srai,t3:00000000,,40965e13,3,"srai	x28,x12,0x9","t3,a2,0x9",
80006e54,fle.s,t4:00000001,,a12c0ed3,3,"fle.s	x29,f24,f18","t4,fs8,fs2",
80006e58,fsub.s,fs10:3f800000,,09c2bd53,3,"fsub.s	f26,f5,f28","fs10,ft5,ft8",
80006e5c,sll,s0:00000001,,00ad1433,3,"sll	x8,x26,x10","s0,s10,a0",
80006e60,srli,ra:00000000,,018cd093,3,"srli	x1,x25,0x18","ra,s9,0x18",
80006e64,fdiv.s,ft10:7fc00000,,18f7ff53,3,"fdiv.s	f30,f15,f15","ft10,fa5,fa5",
80006e68,fcvt.wu.s,a0:7ffbf000,,c01dc553,3,"fcvt.wu.s	x10,f27","a0,fs11",
80006e6c,add,s4:00000000,,01360a33,3,"add	x20,x12,x19","s4,a2,s3",
80006e70,fcvt.s.wu,fs1:4f27d96e,,d01b74d3,3,"fcvt.s.wu	f9,x22","fs1,s6",
80006e74,auipc,gp:9b745e74,,1b73f197,3,"auipc	x3,0x1b73f","gp,0x1b73f",
80006e7c,div,a4:00000000,,02dec733,3,"div	x14,x29,x13","a4,t4,a3",
80006e80,mulh,s7:00000000,,03cc9bb3,3,"mulh	x23,x25,x28","s7,s9,t3",
80006e84,fsgnj.s,fs3:4effffff,,20d389d3,3,"fsgnj.s	f19,f7,f13","fs3,ft7,fa3",
80006e88,fmv.x.w,a4:7fc00000,,e0058753,3,"fmv.x.w	x14,f11","a4,fa1",
80006e8c,ori,a0:fffff863,,86356513,3,"ori	x10,x10,-1949","a0,a0,-1949",
80006e90,mulhsu,t2:00000000,,031e23b3,3,"mulhsu	x7,x28,x17","t2,t3,a7",
80006e94,fsgnj.s,fs0:00000000,,201b8453,3,"fsgnj.s	f8,f23,f1","fs0,fs7,ft1",
80006e98,div,gp:ffffffff,,0372c1b3,3,"div	x3,x5,x23","gp,t0,s7",
80006e9c,mulhu,s4:00000000,,0246ba33,3,"mulhu	x20,x13,x4","s4,a3,tp",
80006ea4,auipc,s10:2bea5ea4,,abe9fd17,3,"auipc	x26,0xabe9f","s10,0xabe9f",
80006ea8,mul,s6:00000000,,03208b33,3,"mul	x22,x1,x18","s6,ra,s2",
80006eac,fsub.s,ft4:4efff7e0,,09bbc253,3,"fsub.s	f4,f23,f27","ft4,fs7,fs11",
80006eb0,fcvt.s.wu,ft5:00000000,,d01332d3,3,"fcvt.s.wu	f5,x6","ft5,t1",
80006eb4,lui,a4:07577000,,07577737,3,"lui	x14,0x7577","a4,0x7577",
80006eb8,fcvt.wu.s,gp:00000000,,c01781d3,3,"fcvt.wu.s	x3,f15","gp,fa5",
80006ebc,slli,s5:e0000000,,016f9a93,3,"slli	x21,x31,0x16","s5,t6,0x16",
80006ec4,mulh,s8:00000000,,02b39c33,3,"mulh	x24,x7,x11","s8,t2,a1",
80006ec8,srli,s4:00000000,,00e45a13,3,"srli	x20,x8,0xe","s4,s0,0xe",
80006ecc,fclass.s,a6:00000040,,e0049853,3,"fclass.s	x16,f9","a6,fs1",
80006ed0,remu,a3:00000000,,025676b3,3,"remu	x13,x12,x5","a3,a2,t0",
80006ed4,xori,t3:fffffd1f,,d1fe4e13,3,"xori	x28,x28,-737","t3,t3,-737",
80006ed8,sltiu,a7:00000001,,cfdc3893,3,"sltiu	x17,x24,-771","a7,s8,-771",
80006edc,mulhu,s4:00000000,,03df3a33,3,"mulhu	x20,x30,x29","s4,t5,t4",
80006ee0,mulhu,t3:00000000,,031c3e33,3,"mulhu	x28,x24,x17","t3,s8,a7",
80006ee4,fcvt.wu.s,tp:00000000,,c011f253,3,"fcvt.wu.s	x4,f3","tp,ft3",
80006ee8,fmax.s,fa0:00000000,,29751553,3,"fmax.s	f10,f10,f23","fa0,fa0,fs7",
80006eec,fsqrt.s,fs3:80000000,,580779d3,3,"fsqrt.s	f19,f14","fs3,fa4",
80006ef0,add,a7:2bea672b,,01a788b3,3,"add	x17,x15,x26","a7,a5,s10",
80006ef4,sltiu,sp:00000001,,edaeb113,3,"sltiu	x2,x29,-294","sp,t4,-294",
80006ef8,fmv.x.w,t5:80000000,,e0060f53,3,"fmv.x.w	x30,f12","t5,fa2",
80006efc,sll,gp:75770000,,01b711b3,3,"sll	x3,x14,x27","gp,a4,s11",
80006f00,ori,s10:fffff8d9,,8d93ed13,3,"ori	x26,x7,-1831","s10,t2,-1831",
80006f04,fsgnj.s,fs2:00000000,,20460953,3,"fsgnj.s	f18,f12,f4","fs2,fa2,ft4",
80006f08,fmax.s,ft7:80000000,,28b613d3,3,"fmax.s	f7,f12,f11","ft7,fa2,fa1",
80006f0c,fsgnjx.s,ft1:80000000,,21c120d3,3,"fsgnjx.s	f1,f2,f28","ft1,ft2,ft8",
80006f10,addi,t3:2bea6a73,,34888e13,3,"addi	x28,x17,840","t3,a7,840",
80006f14,fmul.s,fa4:00000000,,11747753,3,"fmul.s	f14,f8,f23","fa4,fs0,fs7",
80006f1c,fsqrt.s,ft5:7fc00000,,580e72d3,3,"fsqrt.s	f5,f28","ft5,ft8",
80006f20,andi,s0:00000000,,24da7413,3,"andi	x8,x20,589","s0,s4,589",
80006f24,xori,t4:fffffb4b,,b4b6ce93,3,"xori	x29,x13,-1205","t4,a3,-1205",
80006f28,lui,s5:471d4000,,471d4ab7,3,"lui	x21,0x471d4","s5,0x471d4",
80006f2c,lui,tp:51a59000,,51a59237,3,"lui	x4,0x51a59","tp,0x51a59",
80006f30,fcvt.s.w,ft3:00000000,,d00b91d3,3,"fcvt.s.w	f3,x23","ft3,s7",
80006f34,div,sp:0000dc66,,02f74133,3,"div	x2,x14,x15","sp,a4,a5",
80006f38,fadd.s,ft3:00000000,,002971d3,3,"fadd.s	f3,f18,f2","ft3,fs2,ft2",
80006f3c,rem,s4:c7215024,,0352ea33,3,"rem	x20,x5,x21","s4,t0,s5",
80006f40,or,a7:f5770000,,01e1e8b3,3,"or	x17,x3,x30","a7,gp,t5",
80006f44,or,s0:07577000,,00c76433,3,"or	x8,x14,x12","s0,a4,a2",
80006f48,fsgnjx.s,fs5:7fc00000,,20bfaad3,3,"fsgnjx.s	f21,f31,f11","fs5,ft11,fa1",
80006f4c,fdiv.s,fs11:7fc00000,,18632dd3,3,"fdiv.s	f27,f6,f6","fs11,ft6,ft6",
80006f50,mul,s2:00000000,,03438933,3,"mul	x18,x7,x20","s2,t2,s4",
80006f54,sub,s10:8004174b,,41a28d33,3,"sub	x26,x5,x26","s10,t0,s10",
80006f5c,xori,t3:fffff8fb,,8bb84e13,3,"xori	x28,x16,-1861","t3,a6,-1861",
80006f60,sub,a2:ffff239a,,40208633,3,"sub	x12,x1,x2","a2,ra,sp",
80006f64,fmv.w.x,fs7:00000000,,f0090bd3,3,"fmv.w.x	f23,x18","fs7,s2",
80006f6c,mul,t4:29c10000,,03178eb3,3,"mul	x29,x15,x17","t4,a5,a7",
80006f70,xori,a3:ffffff51,,f51c4693,3,"xori	x13,x24,-175","a3,s8,-175",
80006f74,fcvt.s.wu,fs0:42800000,,d0187453,3,"fcvt.s.wu	f8,x16","fs0,a6",
80006f78,fdiv.s,fs5:7fc00000,,18159ad3,3,"fdiv.s	f21,f11,f1","fs5,fa1,ft1",
80006f7c,slt,a0:00000000,,015fa533,3,"slt	x10,x31,x21","a0,t6,s5",
80006f80,add,a2:51a59000,,00400633,3,"add	x12,x0,x4","a2,zero,tp",
80006f84,fsgnjx.s,ft11:00000000,,20502fd3,3,"fsgnjx.s	f31,f0,f5","ft11,ft0,ft5",
80006f88,sltu,s4:00000000,,005d3a33,3,"sltu	x20,x26,x5","s4,s10,t0",
80006f8c,fsgnjx.s,fs9:7fc00000,,21a2acd3,3,"fsgnjx.s	f25,f5,f26","fs9,ft5,fs10",
80006f90,divu,a6:00000001,,03be5833,3,"divu	x16,x28,x27","a6,t3,s11",
80006f94,auipc,t1:3a1c2f94,,ba1bc317,3,"auipc	x6,0xba1bc","t1,0xba1bc",
80006f98,srai,s7:fffffeae,,4138db93,3,"srai	x23,x17,0x13","s7,a7,0x13",
80006f9c,slt,s5:00000000,,01a3aab3,3,"slt	x21,x7,x26","s5,t2,s10",
80006fa4,fcvt.wu.s,ra:00000001,,c01d70d3,3,"fcvt.wu.s	x1,f26","ra,fs10",
80006fa8,slti,s4:00000001,,14182a13,3,"slti	x20,x16,321","s4,a6,321",
80006fac,fsgnjn.s,fs10:bf800000,,21fd1d53,3,"fsgnjn.s	f26,f26,f31","fs10,fs10,ft11",
80006fb0,sra,t2:00000000,,40acd3b3,3,"sra	x7,x25,x10","t2,s9,a0",
80006fb4,mulh,s7:ffffff94,,02cb9bb3,3,"mulh	x23,x23,x12","s7,s7,a2",
80006fb8,xor,s6:3a1c2f94,,006acb33,3,"xor	x22,x21,x6","s6,s5,t1",
80006fbc,slti,s0:00000000,,96f12413,3,"slti	x8,x2,-1681","s0,sp,-1681",
80006fc0,feq.s,s3:00000000,,a1c5a9d3,3,"feq.s	x19,f11,f28","s3,fa1,ft8",
80006fc4,fcvt.w.s,gp:00000000,,c00f81d3,3,"fcvt.w.s	x3,f31","gp,ft11",
80006fc8,flt.s,a0:00000000,,a0691553,3,"flt.s	x10,f18,f6","a0,fs2,ft6",
80006fcc,ori,s11:000006b2,,6b29ed93,3,"ori	x27,x19,1714","s11,s3,1714",
80006fd0,mulhsu,s2:00000000,,0355a933,3,"mulhsu	x18,x11,x21","s2,a1,s5",
80006fd4,feq.s,ra:00000000,,a10c20d3,3,"feq.s	x1,f24,f16","ra,fs8,fa6",
80006fd8,slt,t5:00000000,,01a6af33,3,"slt	x30,x13,x26","t5,a3,s10",
80006fdc,slt,ra:00000000,,005520b3,3,"slt	x1,x10,x5","ra,a0,t0",
80006fe0,divu,s0:29c10000,,034ed433,3,"divu	x8,x29,x20","s0,t4,s4",
80006fe4,sub,s7:7ffbe8b6,,41a80bb3,3,"sub	x23,x16,x26","s7,a6,s10",
80006fe8,flt.s,s0:00000000,,a0b99453,3,"flt.s	x8,f19,f11","s0,fs3,fa1",
80006fec,xor,gp:7ffbe8b6,,012bc1b3,3,"xor	x3,x23,x18","gp,s7,s2",
80006ff0,fcvt.s.w,fs2:00000000,,d003f953,3,"fcvt.s.w	f18,x7","fs2,t2",
80006ff4,or,a3:51a596b2,,01b666b3,3,"or	x13,x12,x27","a3,a2,s11",
80006ff8,fmul.s,ft4:7fc00000,,1182b253,3,"fmul.s	f4,f5,f24","ft4,ft5,fs8",
80006ffc,fcvt.wu.s,s8:00000000,,c0174c53,3,"fcvt.wu.s	x24,f14","s8,fa4",
80007000,fcvt.wu.s,s11:00000000,,c0107dd3,3,"fcvt.wu.s	x27,f0","s11,ft0",
80007008,xori,t4:fffffd00,,d0094e93,3,"xori	x29,x18,-768","t4,s2,-768",
8000700c,div,s8:00000000,,03a7cc33,3,"div	x24,x15,x26","s8,a5,s10",
80007010,mulhu,gp:0000464a,,02c131b3,3,"mulhu	x3,x2,x12","gp,sp,a2",
80007014,div,t4:ffffffff,,03214eb3,3,"div	x29,x2,x18","t4,sp,s2",
80007018,ori,a6:0000014e,,14e56813,3,"ori	x16,x10,334","a6,a0,334",
8000701c,rem,t5:ffffffff,,021eef33,3,"rem	x30,x29,x1","t5,t4,ra",
80007020,divu,t4:ffffffff,,03b0deb3,3,"divu	x29,x1,x27","t4,ra,s11",
80007024,srai,t2:00000000,,41215393,3,"srai	x7,x2,0x12","t2,sp,0x12",
80007028,lui,s3:2845a000,,2845a9b7,3,"lui	x19,0x2845a","s3,0x2845a",
8000702c,slli,a5:be8b6000,,00cb9793,3,"slli	x15,x23,0xc","a5,s7,0xc",
80007030,fsgnj.s,fa7:ffc00000,,207208d3,3,"fsgnj.s	f17,f4,f7","fa7,ft4,ft7",
80007034,mulhu,s10:4e4966c5,,0248bd33,3,"mulhu	x26,x17,x4","s10,a7,tp",
80007038,auipc,s5:30648038,,b0641a97,3,"auipc	x21,0xb0641","s5,0xb0641",
8000703c,div,a6:cf9b7fc8,,03dac833,3,"div	x16,x21,x29","a6,s5,t4",
80007040,fmin.s,fa1:80000000,,282305d3,3,"fmin.s	f11,f6,f2","fa1,ft6,ft2",
80007044,flt.s,sp:00000000,,a13f1153,3,"flt.s	x2,f30,f19","sp,ft10,fs3",
8000704c,slli,s10:a0000000,,01c19d13,3,"slli	x26,x3,0x1c","s10,gp,0x1c",
80007050,addi,s7:3a1c3488,,4f4b0b93,3,"addi	x23,x22,1268","s7,s6,1268",
80007054,fcvt.w.s,s0:00000000,,c0067453,3,"fcvt.w.s	x8,f12","s0,fa2",
80007058,mulhsu,t1:ea356e28,,026d2333,3,"mulhsu	x6,x26,x6","t1,s10,t1",
8000705c,mul,a7:00000000,,022f88b3,3,"mul	x17,x31,x2","a7,t6,sp",
80007060,sltu,t5:00000001,,00ffbf33,3,"sltu	x30,x31,x15","t5,t6,a5",
80007064,sltu,tp:00000000,,0142b233,3,"sltu	x4,x5,x20","tp,t0,s4",
80007068,divu,s5:00000001,,02f85ab3,3,"divu	x21,x16,x15","s5,a6,a5",
8000706c,srli,t1:00000000,,0168d313,3,"srli	x6,x17,0x16","t1,a7,0x16",
80007070,sll,a4:00000000,,01039733,3,"sll	x14,x7,x16","a4,t2,a6",
80007074,xori,s9:00000371,,371ccc93,3,"xori	x25,x25,881","s9,s9,881",
80007078,and,a4:00000408,,003bf733,3,"and	x14,x23,x3","a4,s7,gp",
8000707c,flt.s,t5:00000000,,a1351f53,3,"flt.s	x30,f10,f19","t5,fa0,fs3",
80007080,feq.s,s0:00000000,,a0aaa453,3,"feq.s	x8,f21,f10","s0,fs5,fa0",
80007084,fcvt.s.wu,ft5:4e6870bf,,d01b32d3,3,"fcvt.s.wu	f5,x22","ft5,s6",
80007088,fadd.s,ft1:80000000,,006510d3,3,"fadd.s	f1,f10,f6","ft1,fa0,ft6",
8000708c,add,t6:0000464b,,01518fb3,3,"add	x31,x3,x21","t6,gp,s5",
80007090,xori,s10:fffffc7c,,c7c24d13,3,"xori	x26,x4,-900","s10,tp,-900",
80007094,mulh,s2:ffffffff,,03ca1933,3,"mulh	x18,x20,x28","s2,s4,t3",
80007098,mulh,a7:00000382,,03c498b3,3,"mulh	x17,x9,x28","a7,s1,t3",
8000709c,flt.s,t3:00000000,,a1dd9e53,3,"flt.s	x28,f27,f29","t3,fs11,ft9",
800070a0,mulh,t4:00000000,,02651eb3,3,"mulh	x29,x10,x6","t4,a0,t1",
800070a4,and,t4:00040000,,0132feb3,3,"and	x29,x5,x19","t4,t0,s3",
800070a8,xori,gp:00040621,,621ec193,3,"xori	x3,x29,1569","gp,t4,1569",
800070ac,fmv.w.x,fa5:80040fe4,,f00487d3,3,"fmv.w.x	f15,x9","fa5,s1",
800070b0,mulh,sp:ffffffff,,03991133,3,"mulh	x2,x18,x25","sp,s2,s9",
800070b4,fclass.s,t2:00000040,,e00493d3,3,"fclass.s	x7,f9","t2,fs1",
800070bc,remu,s0:00000000,,02807433,3,"remu	x8,x0,x8","s0,zero,s0",
800070c0,fle.s,a7:00000000,,a0da08d3,3,"fle.s	x17,f20,f13","a7,fs4,fa3",
800070c4,mulhsu,a3:00000000,,03e426b3,3,"mulhsu	x13,x8,x30","a3,s0,t5",
800070c8,fmax.s,fa2:80000000,,29e61653,3,"fmax.s	f12,f12,f30","fa2,fa2,ft10",
800070cc,fsqrt.s,ft6:40ffffae,,58041353,3,"fsqrt.s	f6,f8","ft6,fs0",
800070d0,ori,s8:ffffffc7,,fc766c13,3,"ori	x24,x12,-57","s8,a2,-57",
800070d4,fsgnjx.s,fs10:44734000,,207c2d53,3,"fsgnjx.s	f26,f24,f7","fs10,fs8,ft7",
800070d8,fsub.s,fs1:00000000,,08cb74d3,3,"fsub.s	f9,f22,f12","fs1,fs6,fa2",
800070dc,sll,s0:62100000,,01619433,3,"sll	x8,x3,x22","s0,gp,s6",
800070e0,srli,s11:00000000,,0058dd93,3,"srli	x27,x17,0x5","s11,a7,0x5",
800070e8,fdiv.s,ft8:7fc00000,,195d9e53,3,"fdiv.s	f28,f27,f21","ft8,fs11,fs5",
800070ec,lui,t3:47e57000,,47e57e37,3,"lui	x28,0x47e57","t3,0x47e57",
800070f0,fdiv.s,fs6:7fc00000,,181c9b53,3,"fdiv.s	f22,f25,f1","fs6,fs9,ft1",
800070f4,addi,s7:00000252,,251a8b93,3,"addi	x23,x21,593","s7,s5,593",
800070f8,fsgnjx.s,fs3:00000000,,203ba9d3,3,"fsgnjx.s	f19,f23,f3","fs3,fs7,ft3",
800070fc,fmul.s,fa5:80000000,,10d677d3,3,"fmul.s	f15,f12,f13","fa5,fa2,fa3",
80007100,fcvt.w.s,s4:00000000,,c00eba53,3,"fcvt.w.s	x20,f29","s4,ft9",
80007104,slti,s3:00000000,,fd252993,3,"slti	x19,x10,-46","s3,a0,-46",
80007108,add,gp:80041024,,005881b3,3,"add	x3,x17,x5","gp,a7,t0",
8000710c,add,s10:80040ca0,,01a18d33,3,"add	x26,x3,x26","s10,gp,s10",
80007110,fmv.w.x,fs5:62100000,,f0040ad3,3,"fmv.w.x	f21,x8","fs5,s0",
80007114,sltu,s0:00000000,,00163433,3,"sltu	x8,x12,x1","s0,a2,ra",
80007118,mul,a2:0a4d3d00,,03a80633,3,"mul	x12,x16,x26","a2,a6,s10",
8000711c,fmv.x.w,t6:ffc00000,,e0088fd3,3,"fmv.x.w	x31,f17","t6,fa7",
80007120,srai,t1:00000000,,41035313,3,"srai	x6,x6,0x10","t1,t1,0x10",
80007124,fcvt.wu.s,a0:ffffffff,,c01cb553,3,"fcvt.wu.s	x10,f25","a0,fs9",
80007128,ori,s6:fffffd7f,,d7f3eb13,3,"ori	x22,x7,-641","s6,t2,-641",
8000712c,slli,s8:b6000000,,00c79c13,3,"slli	x24,x15,0xc","s8,a5,0xc",
80007130,feq.s,a4:00000001,,a052a753,3,"feq.s	x14,f5,f5","a4,ft5,ft5",
80007134,fclass.s,ra:00000040,,e00d10d3,3,"fclass.s	x1,f26","ra,fs10",
80007138,fsgnjn.s,ft7:ffc00000,,204d93d3,3,"fsgnjn.s	f7,f27,f4","ft7,fs11,ft4",
8000713c,sra,a0:f7506410,,4045d533,3,"sra	x10,x11,x4","a0,a1,tp",
80007140,sll,s4:f9b7fc80,,00981a33,3,"sll	x20,x16,x9","s4,a6,s1",
80007144,fmv.x.w,gp:00000000,,e00101d3,3,"fmv.x.w	x3,f2","gp,ft2",
80007148,fle.s,a4:00000001,,a0398753,3,"fle.s	x14,f19,f3","a4,fs3,ft3",
8000714c,fsqrt.s,ft6:80000000,,5800f353,3,"fsqrt.s	f6,f1","ft6,ft1",
80007150,srli,t3:00040020,,00d2de13,3,"srli	x28,x5,0xd","t3,t0,0xd",
80007154,and,a6:cf9b7d48,,010b7833,3,"and	x16,x22,x16","a6,s6,a6",
80007158,fdiv.s,ft7:7fc00000,,1979f3d3,3,"fdiv.s	f7,f19,f23","ft7,fs3,fs7",
8000715c,divu,t4:ffffffff,,023ddeb3,3,"divu	x29,x27,x3","t4,s11,gp",
80007160,ori,s4:fffffff5,,a914ea13,3,"ori	x20,x9,-1391","s4,s1,-1391",
80007164,fmax.s,fs11:00000000,,29cb9dd3,3,"fmax.s	f27,f23,f28","fs11,fs7,ft8",
80007168,rem,s0:c178aca0,,02fd6433,3,"rem	x8,x26,x15","s0,s10,a5",
8000716c,mulhsu,s11:00000000,,03222db3,3,"mulhsu	x27,x4,x18","s11,tp,s2",
80007178,fdiv.s,ft1:fb34b4b6,,19d470d3,3,"fdiv.s	f1,f8,f29","ft1,fs0,ft9",
8000717c,fsgnjx.s,ft2:00000000,,2104a153,3,"fsgnjx.s	f2,f9,f16","ft2,fs1,fa6",
80007180,mulhu,s3:00000000,,0210b9b3,3,"mulhu	x19,x1,x1","s3,ra,ra",
80007184,auipc,s5:90313184,,1030ca97,3,"auipc	x21,0x1030c","s5,0x1030c",
80007188,add,a5:00040391,,01cc87b3,3,"add	x15,x25,x28","a5,s9,t3",
8000718c,fcvt.w.s,s4:000003cd,,c00d1a53,3,"fcvt.w.s	x20,f26","s4,fs10",
80007190,feq.s,a3:00000000,,a17c26d3,3,"feq.s	x13,f24,f23","a3,fs8,fs7",
80007194,fclass.s,s8:00000010,,e0011c53,3,"fclass.s	x24,f2","s8,ft2",
80007198,fcvt.s.wu,fs10:00000000,,d0130d53,3,"fcvt.s.wu	f26,x6","fs10,t1",
8000719c,fcvt.wu.s,s6:ffffffff,,c01a7b53,3,"fcvt.wu.s	x22,f20","s6,fs4",
800071a0,srl,s0:00000010,,013c5433,3,"srl	x8,x24,x19","s0,s8,s3",
800071a4,fdiv.s,ft5:80000000,,185602d3,3,"fdiv.s	f5,f12,f5","ft5,fa2,ft5",
800071a8,div,t6:00000001,,036b4fb3,3,"div	x31,x22,x22","t6,s6,s6",
800071ac,slt,sp:00000000,,01762133,3,"slt	x2,x12,x23","sp,a2,s7",
800071b0,fmul.s,fs0:7fc00000,,11bb0453,3,"fmul.s	f8,f22,f27","fs0,fs6,fs11",
800071b4,xor,t4:ffffffff,,01ddceb3,3,"xor	x29,x27,x29","t4,s11,t4",
800071b8,fadd.s,ft11:80000000,,00c71fd3,3,"fadd.s	f31,f14,f12","ft11,fa4,fa2",
800071bc,sra,t5:ffffffff,,41aedf33,3,"sra	x30,x29,x26","t5,t4,s10",
800071c0,fmv.w.x,fa3:00000000,,f00886d3,3,"fmv.w.x	f13,x17","fa3,a7",
800071c4,mul,a4:00000000,,031f0733,3,"mul	x14,x30,x17","a4,t5,a7",
800071c8,fcvt.s.w,fs0:00000000,,d0007453,3,"fcvt.s.w	f8,x0","fs0,zero",
800071cc,mulhsu,a6:00000000,,037da833,3,"mulhsu	x16,x27,x23","a6,s11,s7",
800071d0,fcvt.wu.s,s5:ffffffff,,c01c8ad3,3,"fcvt.wu.s	x21,f25","s5,fs9",
800071d4,fmax.s,fa0:00000000,,28359553,3,"fmax.s	f10,f11,f3","fa0,fa1,ft3",
800071d8,fmul.s,fs10:00000000,,102bfd53,3,"fmul.s	f26,f23,f2","fs10,fs7,ft2",
800071dc,slt,gp:00000000,,012ea1b3,3,"slt	x3,x29,x18","gp,t4,s2",
800071e0,sra,s4:00000000,,40bcda33,3,"sra	x20,x25,x11","s4,s9,a1",
800071e4,fmul.s,ft8:00000000,,10160e53,3,"fmul.s	f28,f12,f1","ft8,fa2,ft1",
800071e8,feq.s,a2:00000000,,a14ea653,3,"feq.s	x12,f29,f20","a2,ft9,fs4",
800071ec,slti,s0:00000000,,d7e42413,3,"slti	x8,x8,-642","s0,s0,-642",
800071f0,fadd.s,fa6:00000000,,00d4f853,3,"fadd.s	f16,f9,f13","fa6,fs1,fa3",
800071f4,fsgnjn.s,ft2:80000000,,21969153,3,"fsgnjn.s	f2,f13,f25","ft2,fa3,fs9",
800071f8,auipc,a3:80cad1f8,,00ca6697,3,"auipc	x13,0xca6","a3,0xca6",
800071fc,lui,tp:a1bde000,,a1bde237,3,"lui	x4,0xa1bde","tp,0xa1bde",
80007200,slli,s7:00000000,,01181b93,3,"slli	x23,x16,0x11","s7,a6,0x11",
80007204,divu,a5:00000000,,027057b3,3,"divu	x15,x0,x7","a5,zero,t2",
80007208,mulhsu,tp:00000000,,0391a233,3,"mulhsu	x4,x3,x25","tp,gp,s9",
8000720c,fmul.s,fs7:80000000,,10c47bd3,3,"fmul.s	f23,f8,f12","fs7,fs0,fa2",
80007210,fle.s,s9:00000000,,a16c0cd3,3,"fle.s	x25,f24,f22","s9,fs8,fs6",
80007214,fmul.s,fs2:00000000,,10869953,3,"fmul.s	f18,f13,f8","fs2,fa3,fs0",
80007218,fclass.s,a2:00000010,,e0091653,3,"fclass.s	x12,f18","a2,fs2",
8000721c,sll,s10:00000000,,01f19d33,3,"sll	x26,x3,x31","s10,gp,t6",
80007220,ori,s7:fffffc9c,,c8cc6b93,3,"ori	x23,x24,-884","s7,s8,-884",
80007224,lui,gp:2fcad000,,2fcad1b7,3,"lui	x3,0x2fcad","gp,0x2fcad",
80007228,fmul.s,fa5:7fc00000,,104677d3,3,"fmul.s	f15,f12,f4","fa5,fa2,ft4",
8000722c,auipc,a7:7b72c22c,,fb725897,3,"auipc	x17,0xfb725","a7,0xfb725",
80007230,slti,a0:00000000,,ba3b2513,3,"slti	x10,x22,-1117","a0,s6,-1117",
80007234,fmv.x.w,a4:ffc00000,,e0088753,3,"fmv.x.w	x14,f17","a4,fa7",
80007238,fsgnjx.s,fs3:7b34b4b6,,20c0a9d3,3,"fsgnjx.s	f19,f1,f12","fs3,ft1,fa2",
8000723c,remu,s11:00000000,,0307fdb3,3,"remu	x27,x15,x16","s11,a5,a6",
80007240,mulh,tp:00000000,,02e21233,3,"mulh	x4,x4,x14","tp,tp,a4",
80007244,fmul.s,fs7:7fc00000,,11997bd3,3,"fmul.s	f23,f18,f25","fs7,fs2,fs9",
80007248,sltiu,s7:00000000,,38273b93,3,"sltiu	x23,x14,898","s7,a4,898",
8000724c,sll,t6:00000000,,01111fb3,3,"sll	x31,x2,x17","t6,sp,a7",
80007250,fsqrt.s,ft9:7fc00000,,580c4ed3,3,"fsqrt.s	f29,f24","ft9,fs8",
80007254,flt.s,t2:00000000,,a1c913d3,3,"flt.s	x7,f18,f28","t2,fs2,ft8",
80007258,lui,s4:17b82000,,17b82a37,3,"lui	x20,0x17b82","s4,0x17b82",
8000725c,sltu,t3:00000000,,0192be33,3,"sltu	x28,x5,x25","t3,t0,s9",
80007260,fsqrt.s,fs1:00000000,,580d84d3,3,"fsqrt.s	f9,f27","fs1,fs11",
80007264,slli,a3:00000000,,00e21693,3,"slli	x13,x4,0xe","a3,tp,0xe",
80007268,divu,s0:00000000,,02335433,3,"divu	x8,x6,x3","s0,t1,gp",
80007270,sll,t6:00000000,,00511fb3,3,"sll	x31,x2,x5","t6,sp,t0",
80007274,flt.s,a6:00000000,,a0ac9853,3,"flt.s	x16,f25,f10","a6,fs9,fa0",
80007278,add,a2:80040fe4,,009f8633,3,"add	x12,x31,x9","a2,t6,s1",
8000727c,sll,t1:00000000,,00479333,3,"sll	x6,x15,x4","t1,a5,tp",
80007280,fdiv.s,fs0:7fc00000,,188bf453,3,"fdiv.s	f8,f23,f8","fs0,fs7,fs0",
80007284,mul,a7:00000000,,020e08b3,3,"mul	x17,x28,x0","a7,t3,zero",
80007288,slli,s5:0fe40000,,01061a93,3,"slli	x21,x12,0x10","s5,a2,0x10",
8000728c,divu,s5:003f9000,,021adab3,3,"divu	x21,x21,x1","s5,s5,ra",
80007290,mulhu,a3:00000008,,025c36b3,3,"mulhu	x13,x24,x5","a3,s8,t0",
80007294,slli,s5:00000000,,01d19a93,3,"slli	x21,x3,0x1d","s5,gp,0x1d",
80007298,fcvt.wu.s,a0:ffffffff,,c0188553,3,"fcvt.wu.s	x10,f17","a0,fa7",
8000729c,sltiu,s8:00000001,,0c33bc13,3,"sltiu	x24,x7,195","s8,t2,195",
800072a0,fcvt.s.w,ft9:00000000,,d009ced3,3,"fcvt.s.w	f29,x19","ft9,s3",
800072a4,sub,t1:00000001,,41ac0333,3,"sub	x6,x24,x26","t1,s8,s10",
800072a8,fsub.s,ft7:00000000,,085d73d3,3,"fsub.s	f7,f26,f5","ft7,fs10,ft5",
800072ac,fmin.s,fa2:00000000,,28d50653,3,"fmin.s	f12,f10,f13","fa2,fa0,fa3",
800072b0,fle.s,t4:00000001,,a1010ed3,3,"fle.s	x29,f2,f16","t4,ft2,fa6",
800072b4,fcvt.wu.s,a4:00000000,,c010f753,3,"fcvt.wu.s	x14,f1","a4,ft1",
800072b8,sltu,a0:00000000,,00953533,3,"sltu	x10,x10,x9","a0,a0,s1",
800072c0,fmv.w.x,fs8:2fcad000,,f0018c53,3,"fmv.w.x	f24,x3","fs8,gp",
800072c4,flt.s,a0:00000000,,a1709553,3,"flt.s	x10,f1,f23","a0,ft1,fs7",
800072c8,fsgnjn.s,ft11:80000000,,20731fd3,3,"fsgnjn.s	f31,f6,f7","ft11,ft6,ft7",
800072cc,srli,s6:00000000,,018adb13,3,"srli	x22,x21,0x18","s6,s5,0x18",
800072d0,fsqrt.s,fs1:80000000,,580fa4d3,3,"fsqrt.s	f9,f31","fs1,ft11",
800072d4,xor,sp:00000000,,01834133,3,"xor	x2,x6,x24","sp,t1,s8",
800072d8,mulhsu,s9:ffffffff,,03d92cb3,3,"mulhsu	x25,x18,x29","s9,s2,t4",
800072dc,srai,a0:00000000,,41bb5513,3,"srai	x10,x22,0x1b","a0,s6,0x1b",
800072e0,srai,t3:00000000,,406d5e13,3,"srai	x28,x26,0x6","t3,s10,0x6",
800072e4,sra,a7:f8004102,,40c2d8b3,3,"sra	x17,x5,x12","a7,t0,a2",
800072e8,fcvt.w.s,s10:00000000,,c002fd53,3,"fcvt.w.s	x26,f5","s10,ft5",
800072ec,fclass.s,s4:00000010,,e00e9a53,3,"fclass.s	x20,f29","s4,ft9",
800072f0,mul,tp:00000000,,031d0233,3,"mul	x4,x26,x17","tp,s10,a7",
800072f4,fcvt.w.s,s2:7fffffff,,c0027953,3,"fcvt.w.s	x18,f4","s2,ft4",
800072f8,fdiv.s,fa1:7fc00000,,1881f5d3,3,"fdiv.s	f11,f3,f8","fa1,ft3,fs0",
800072fc,fmv.w.x,fs10:00000010,,f00a0d53,3,"fmv.w.x	f26,x20","fs10,s4",
80007300,lui,a3:262b6000,,262b66b7,3,"lui	x13,0x262b6","a3,0x262b6",
80007304,fsub.s,ft8:afcad000,,098e7e53,3,"fsub.s	f28,f28,f24","ft8,ft8,fs8",
80007308,fmv.w.x,ft2:00000010,,f00a0153,3,"fmv.w.x	f2,x20","ft2,s4",
8000730c,fmul.s,fs4:7fc00000,,103cfa53,3,"fmul.s	f20,f25,f3","fs4,fs9,ft3",
80007310,fcvt.wu.s,tp:ffffffff,,c017f253,3,"fcvt.wu.s	x4,f15","tp,fa5",
80007314,fcvt.s.wu,fs6:4f000410,,d0129b53,3,"fcvt.s.wu	f22,x5","fs6,t0",
80007318,fsgnjn.s,fa5:80000000,,20ff97d3,3,"fsgnjn.s	f15,f31,f15","fa5,ft11,fa5",
8000731c,flt.s,a3:00000000,,a01316d3,3,"flt.s	x13,f6,f1","a3,ft6,ft1",
80007320,fcvt.s.wu,ft7:00000000,,d01113d3,3,"fcvt.s.wu	f7,x2","ft7,sp",
80007324,or,s6:00000000,,00806b33,3,"or	x22,x0,x8","s6,zero,s0",
80007328,flt.s,a3:00000000,,a0a696d3,3,"flt.s	x13,f13,f10","a3,fa3,fa0",
8000732c,fcvt.w.s,t4:00000000,,c007ced3,3,"fcvt.w.s	x29,f15","t4,fa5",
80007330,mul,a2:00000000,,02e50633,3,"mul	x12,x10,x14","a2,a0,a4",
80007334,remu,a5:00000000,,03c177b3,3,"remu	x15,x2,x28","a5,sp,t3",
80007338,fdiv.s,ft7:7fc00000,,19e6f3d3,3,"fdiv.s	f7,f13,f30","ft7,fa3,ft10",
8000733c,fdiv.s,fs11:7fc00000,,1922cdd3,3,"fdiv.s	f27,f5,f18","fs11,ft5,fs2",
80007340,sub,s6:00000001,,41ef8b33,3,"sub	x22,x31,x30","s6,t6,t5",
80007344,add,a6:ffffffff,,01a20833,3,"add	x16,x4,x26","a6,tp,s10",
80007348,fcvt.s.wu,fs9:00000000,,d01d7cd3,3,"fcvt.s.wu	f25,x26","fs9,s10",
8000734c,sll,s4:00010000,,014c1a33,3,"sll	x20,x24,x20","s4,s8,s4",
80007354,slli,s6:00000000,,00841b13,3,"slli	x22,x8,0x8","s6,s0,0x8",
80007358,fmv.x.w,t4:00000000,,e0080ed3,3,"fmv.x.w	x29,f16","t4,fa6",
8000735c,fsgnjn.s,fs3:ffc00000,,217419d3,3,"fsgnjn.s	f19,f8,f23","fs3,fs0,fs7",
80007360,fmv.x.w,tp:7fc00000,,e0038253,3,"fmv.x.w	x4,f7","tp,ft7",
80007364,slti,s2:00000000,,0a222913,3,"slti	x18,x4,162","s2,tp,162",
80007368,sra,t2:80041024,,41a2d3b3,3,"sra	x7,x5,x26","t2,t0,s10",
8000736c,fcvt.s.w,fs1:00000000,,d00574d3,3,"fcvt.s.w	f9,x10","fs1,a0",
80007370,or,t2:00000000,,016063b3,3,"or	x7,x0,x22","t2,zero,s6",
80007374,and,a4:00000000,,016a7733,3,"and	x14,x20,x22","a4,s4,s6",
80007378,div,s7:ffffffff,,036dcbb3,3,"div	x23,x27,x22","s7,s11,s6",
8000737c,ori,a6:fffffdbd,,db92e813,3,"ori	x16,x5,-583","a6,t0,-583",
80007380,auipc,a7:085eb380,,885e4897,3,"auipc	x17,0x885e4","a7,0x885e4",
80007384,fcvt.w.s,s11:00000000,,c0069dd3,3,"fcvt.w.s	x27,f13","s11,fa3",
80007388,add,t1:00000000,,01d98333,3,"add	x6,x19,x29","t1,s3,t4",
8000738c,mul,t5:00000000,,02298f33,3,"mul	x30,x19,x2","t5,s3,sp",
80007390,lui,a5:ff1bb000,,ff1bb7b7,3,"lui	x15,0xff1bb","a5,0xff1bb",
80007394,flt.s,s10:00000000,,a1021d53,3,"flt.s	x26,f4,f16","s10,ft4,fa6",
80007398,fdiv.s,ft4:80000000,,18167253,3,"fdiv.s	f4,f12,f1","ft4,fa2,ft1",
8000739c,sll,s10:00000000,,008a9d33,3,"sll	x26,x21,x8","s10,s5,s0",
800073a0,fmv.x.w,t5:00000000,,e00c8f53,3,"fmv.x.w	x30,f25","t5,fs9",
800073a4,fsgnj.s,fa6:7fc00000,,21ea0853,3,"fsgnj.s	f16,f20,f30","fa6,fs4,ft10",
800073a8,or,sp:00010000,,002a6133,3,"or	x2,x20,x2","sp,s4,sp",
800073ac,sltiu,sp:00000001,,ad29b113,3,"sltiu	x2,x19,-1326","sp,s3,-1326",
800073b0,lui,a5:75135000,,751357b7,3,"lui	x15,0x75135","a5,0x75135",
800073b4,fsgnjx.s,ft5:00000000,,207022d3,3,"fsgnjx.s	f5,f0,f7","ft5,ft0,ft7",
800073b8,sltiu,sp:00000001,,b16b3113,3,"sltiu	x2,x22,-1258","sp,s6,-1258",
800073c0,fmul.s,ft7:7fc00000,,111543d3,3,"fmul.s	f7,f10,f17","ft7,fa0,fa7",
800073c4,srli,s7:1fffffb7,,00385b93,3,"srli	x23,x16,0x3","s7,a6,0x3",
800073c8,addi,s7:fffffe41,,08480b93,3,"addi	x23,x16,132","s7,a6,132",
800073cc,fcvt.s.w,fa5:00000000,,d00717d3,3,"fcvt.s.w	f15,x14","fa5,a4",
800073d0,feq.s,s6:00000001,,a04fab53,3,"feq.s	x22,f31,f4","s6,ft11,ft4",
800073d4,fcvt.s.w,ft4:bf800000,,d00cc253,3,"fcvt.s.w	f4,x25","ft4,s9",
800073d8,sra,s0:00000000,,40e45433,3,"sra	x8,x8,x14","s0,s0,a4",
800073dc,srli,t4:04002081,,0052de93,3,"srli	x29,x5,0x5","t4,t0,0x5",
800073e0,fmv.x.w,s10:bf800000,,e0020d53,3,"fmv.x.w	x26,f4","s10,ft4",
800073e4,mulhsu,s11:00000002,,0310adb3,3,"mulhsu	x27,x1,x17","s11,ra,a7",
800073e8,fsgnjn.s,ft1:ffc00000,,21b390d3,3,"fsgnjn.s	f1,f7,f27","ft1,ft7,fs11",
800073ec,fclass.s,a7:00000200,,e00598d3,3,"fclass.s	x17,f11","a7,fa1",
800073f0,addi,ra:00000142,,14270093,3,"addi	x1,x14,322","ra,a4,322",
800073f4,lui,sp:782ee000,,782ee137,3,"lui	x2,0x782ee","sp,0x782ee",
800073fc,andi,sp:00000000,,46b1f113,3,"andi	x2,x3,1131","sp,gp,1131",
80007400,div,a5:00000000,,030f47b3,3,"div	x15,x30,x16","a5,t5,a6",
80007404,or,s4:7fc00000,,00426a33,3,"or	x20,x4,x4","s4,tp,tp",
80007408,fmv.w.x,fs11:00000000,,f0070dd3,3,"fmv.w.x	f27,x14","fs11,a4",
8000740c,xori,t3:fffffe5f,,e5f7ce13,3,"xori	x28,x15,-417","t3,a5,-417",
80007410,or,t1:00000000,,01e06333,3,"or	x6,x0,x30","t1,zero,t5",
80007414,sltu,s6:00000000,,0002bb33,3,"sltu	x22,x5,x0","s6,t0,zero",
80007418,fle.s,a2:00000001,,a1968653,3,"fle.s	x12,f13,f25","a2,fa3,fs9",
8000741c,fdiv.s,fs3:7fc00000,,18a3b9d3,3,"fdiv.s	f19,f7,f10","fs3,ft7,fa0",
80007420,sub,a6:80040fe4,,41248833,3,"sub	x16,x9,x18","a6,s1,s2",
80007424,auipc,t2:81798424,,01791397,3,"auipc	x7,0x1791","t2,0x1791",
80007428,flt.s,a6:00000000,,a0821853,3,"flt.s	x16,f4,f8","a6,ft4,fs0",
8000742c,fmax.s,fs8:00000000,,29b41c53,3,"fmax.s	f24,f8,f27","fs8,fs0,fs11",
80007430,fdiv.s,ft6:7fc00000,,19f60353,3,"fdiv.s	f6,f12,f31","ft6,fa2,ft11",
80007434,slli,t3:90400000,,016b9e13,3,"slli	x28,x23,0x16","t3,s7,0x16",
80007438,fmax.s,fs0:00000000,,29c29453,3,"fmax.s	f8,f5,f28","fs0,ft5,ft8",
8000743c,feq.s,a3:00000000,,a02ca6d3,3,"feq.s	x13,f25,f2","a3,fs9,ft2",
80007440,divu,ra:ffffffff,,030950b3,3,"divu	x1,x18,x16","ra,s2,a6",
80007444,or,t5:80041024,,00506f33,3,"or	x30,x0,x5","t5,zero,t0",
80007448,slli,t3:81000000,,018e9e13,3,"slli	x28,x29,0x18","t3,t4,0x18",
8000744c,mulhsu,s6:c022070d,,024f2b33,3,"mulhsu	x22,x30,x4","s6,t5,tp",
80007450,sltu,s7:00000000,,01b5bbb3,3,"sltu	x23,x11,x27","s7,a1,s11",
80007454,fsub.s,fa0:7fc00000,,0975f553,3,"fsub.s	f10,f11,f23","fa0,fa1,fs7",
80007458,mul,t4:911c8100,,02b58eb3,3,"mul	x29,x11,x11","t4,a1,a1",
8000745c,feq.s,t1:00000000,,a0bf2353,3,"feq.s	x6,f30,f11","t1,ft10,fa1",
80007460,fadd.s,ft4:7fc00000,,00a10253,3,"fadd.s	f4,f2,f10","ft4,ft2,fa0",
80007468,fsgnjx.s,fs10:00000000,,20a72d53,3,"fsgnjx.s	f26,f14,f10","fs10,fa4,fa0",
8000746c,divu,s2:ffffffff,,03565933,3,"divu	x18,x12,x21","s2,a2,s5",
80007470,feq.s,a2:00000000,,a029a653,3,"feq.s	x12,f19,f2","a2,fs3,ft2",
80007478,srl,ra:00000001,,0193d0b3,3,"srl	x1,x7,x25","ra,t2,s9",
8000747c,fmul.s,fs3:7fc00000,,1088b9d3,3,"fmul.s	f19,f17,f8","fs3,fa7,fs0",
80007480,fadd.s,fs4:7fc00000,,0128fa53,3,"fadd.s	f20,f17,f18","fs4,fa7,fs2",
80007484,fcvt.wu.s,a6:00000000,,c01e9853,3,"fcvt.wu.s	x16,f29","a6,ft9",
80007488,feq.s,s6:00000001,,a0042b53,3,"feq.s	x22,f8,f0","s6,fs0,ft0",
8000748c,fcvt.wu.s,s10:00000000,,c017fd53,3,"fcvt.wu.s	x26,f15","s10,fa5",
80007490,fle.s,s6:00000000,,a14a8b53,3,"fle.s	x22,f21,f20","s6,fs5,fs4",
80007494,mulhsu,s7:00000000,,02752bb3,3,"mulhsu	x23,x10,x7","s7,a0,t2",
80007498,xor,t1:00000000,,00e04333,3,"xor	x6,x0,x14","t1,zero,a4",
8000749c,ori,t6:80040fe5,,0e14ef93,3,"ori	x31,x9,225","t6,s1,225",
800074a0,sltiu,gp:00000001,,3cf53193,3,"sltiu	x3,x10,975","gp,a0,975",
800074a4,fadd.s,fs4:62100000,,018aca53,3,"fadd.s	f20,f21,f24","fs4,fs5,fs8",
800074a8,slt,t5:00000000,,007a2f33,3,"slt	x30,x20,x7","t5,s4,t2",
800074ac,sltu,t1:00000001,,01253333,3,"sltu	x6,x10,x18","t1,a0,s2",
800074b0,slt,s11:00000000,,00902db3,3,"slt	x27,x0,x9","s11,zero,s1",
800074b4,sub,a0:00000000,,40000533,3,"sub	x10,x0,x0","a0,zero,zero",
800074bc,divu,s3:ffffffff,,020bd9b3,3,"divu	x19,x23,x0","s3,s7,zero",
800074c0,srl,s0:00000200,,00d8d433,3,"srl	x8,x17,x13","s0,a7,a3",
800074c4,fcvt.wu.s,a4:ffffffff,,c019f753,3,"fcvt.wu.s	x14,f19","a4,fs3",
800074c8,fadd.s,ft3:00000000,,01dfa1d3,3,"fadd.s	f3,f31,f29","ft3,ft11,ft9",
800074cc,lui,s3:332b1000,,332b19b7,3,"lui	x19,0x332b1","s3,0x332b1",
800074d0,fcvt.s.wu,ft3:00000000,,d01b71d3,3,"fcvt.s.wu	f3,x22","ft3,s6",
800074d8,srai,s6:ff911c81,,408edb13,3,"srai	x22,x29,0x8","s6,t4,0x8",
800074dc,mulhsu,tp:00000000,,030aa233,3,"mulhsu	x4,x21,x16","tp,s5,a6",
800074e0,fsgnj.s,fs1:7fc00000,,20bf04d3,3,"fsgnj.s	f9,f30,f11","fs1,ft10,fa1",
800074e4,slli,t4:00000000,,00bd9e93,3,"slli	x29,x27,0xb","t4,s11,0xb",
800074e8,auipc,t3:9026a4e8,,10263e17,3,"auipc	x28,0x10263","t3,0x10263",
800074ec,fcvt.s.wu,fs7:00000000,,d016fbd3,3,"fcvt.s.wu	f23,x13","fs7,a3",
800074f0,mulhu,s4:00000000,,027bba33,3,"mulhu	x20,x23,x7","s4,s7,t2",
800074f4,fsub.s,ft3:7fc00000,,09c3b1d3,3,"fsub.s	f3,f7,f28","ft3,ft7,ft8",
800074f8,fclass.s,s0:00000010,,e0041453,3,"fclass.s	x8,f8","s0,fs0",
800074fc,fsqrt.s,ft0:00000000,,58007053,3,"fsqrt.s	f0,f0","ft0,ft0",
80007500,fadd.s,ft10:7fc00000,,00180f53,3,"fadd.s	f30,f16,f1","ft10,fa6,ft1",
80007504,slt,a0:00000001,,01302533,3,"slt	x10,x0,x19","a0,zero,s3",
80007508,srli,a5:00000000,,01b05793,3,"srli	x15,x0,0x1b","a5,zero,0x1b",
8000750c,fmv.w.x,fa2:80040fe5,,f00f8653,3,"fmv.w.x	f12,x31","fa2,t6",
80007510,rem,t5:00000000,,03bbef33,3,"rem	x30,x23,x27","t5,s7,s11",
80007518,divu,a6:ffffffff,,03dbd833,3,"divu	x16,x23,x29","a6,s7,t4",
8000751c,srai,a2:00000000,,4006d613,3,"srai	x12,x13,0x0","a2,a3,0x0",
80007520,fcvt.w.s,a5:00000000,,c00c47d3,3,"fcvt.w.s	x15,f24","a5,fs8",
80007524,fmin.s,fs9:00000000,,299d0cd3,3,"fmin.s	f25,f26,f25","fs9,fs10,fs9",
80007528,slli,a4:00400000,,01651713,3,"slli	x14,x10,0x16","a4,a0,0x16",
8000752c,rem,t2:00000000,,038063b3,3,"rem	x7,x0,x24","t2,zero,s8",
80007530,mulhu,a3:00000000,,03d5b6b3,3,"mulhu	x13,x11,x29","a3,a1,t4",
80007534,addi,t3:fffffe4c,,e4c78e13,3,"addi	x28,x15,-436","t3,a5,-436",
80007538,addi,s2:fffffd91,,f45e0913,3,"addi	x18,x28,-187","s2,t3,-187",
8000753c,fadd.s,ft4:7fc00000,,01177253,3,"fadd.s	f4,f14,f17","ft4,fa4,fa7",
80007544,flt.s,gp:00000001,,a19e11d3,3,"flt.s	x3,f28,f25","gp,ft8,fs9",
80007548,fsgnjn.s,ft0:80000000,,205c9053,3,"fsgnjn.s	f0,f25,f5","ft0,fs9,ft5",
8000754c,fsgnj.s,ft7:7fc00000,,209983d3,3,"fsgnj.s	f7,f19,f9","ft7,fs3,fs1",
80007550,fsub.s,ft6:7fc00000,,0815f353,3,"fsub.s	f6,f11,f1","ft6,fa1,ft1",
80007554,flt.s,sp:00000000,,a0d19153,3,"flt.s	x2,f3,f13","sp,ft3,fa3",
80007558,fcvt.w.s,ra:00000000,,c00910d3,3,"fcvt.w.s	x1,f18","ra,fs2",
8000755c,mulhsu,a3:00000000,,021a26b3,3,"mulhsu	x13,x20,x1","a3,s4,ra",
80007560,div,ra:ffffffff,,037fc0b3,3,"div	x1,x31,x23","ra,t6,s7",
80007564,fcvt.s.wu,fs1:4e4cac40,,d01994d3,3,"fcvt.s.wu	f9,x19","fs1,s3",
80007568,slti,s11:00000001,,128fad93,3,"slti	x27,x31,296","s11,t6,296",
8000756c,fmv.w.x,ft9:00000000,,f00b8ed3,3,"fmv.w.x	f29,x23","ft9,s7",
80007570,sltiu,a5:00000000,,89a83793,3,"sltiu	x15,x16,-1894","a5,a6,-1894",
80007574,fcvt.wu.s,t2:ffffffff,,c01a33d3,3,"fcvt.wu.s	x7,f20","t2,fs4",
80007578,fcvt.wu.s,s9:ffffffff,,c019fcd3,3,"fcvt.wu.s	x25,f19","s9,fs3",
8000757c,fcvt.s.wu,fs5:00000000,,d01acad3,3,"fcvt.s.wu	f21,x21","fs5,s5",
80007580,add,t2:fffffd90,,019903b3,3,"add	x7,x18,x25","t2,s2,s9",
80007584,divu,s3:ffffffff,,03afd9b3,3,"divu	x19,x31,x26","s3,t6,s10",
80007588,sra,t1:fffffec8,,4033d333,3,"sra	x6,x7,x3","t1,t2,gp",
8000758c,fcvt.s.wu,fa4:4f7fffff,,d0109753,3,"fcvt.s.wu	f14,x1","fa4,ra",
80007590,sltu,s11:00000000,,002cbdb3,3,"sltu	x27,x25,x2","s11,s9,sp",
80007594,srli,s6:00000000,,00addb13,3,"srli	x22,x27,0xa","s6,s11,0xa",
8000759c,or,gp:00000000,,00f6e1b3,3,"or	x3,x13,x15","gp,a3,a5",
800075a0,ori,s6:fffffeaf,,eafd6b13,3,"ori	x22,x26,-337","s6,s10,-337",
800075a4,fle.s,s11:00000000,,a1c60dd3,3,"fle.s	x27,f12,f28","s11,fa2,ft8",
800075a8,feq.s,t2:00000000,,a0ea23d3,3,"feq.s	x7,f20,f14","t2,fs4,fa4",
800075ac,fle.s,t3:00000000,,a1508e53,3,"fle.s	x28,f1,f21","t3,ft1,fs5",
800075b0,xor,a7:fffffd90,,00a948b3,3,"xor	x17,x18,x10","a7,s2,a0",
800075b4,fcvt.s.w,fs1:4a800000,,d00744d3,3,"fcvt.s.w	f9,x14","fs1,a4",
800075b8,fmax.s,fs11:00000000,,293c1dd3,3,"fmax.s	f27,f24,f19","fs11,fs8,fs3",
800075bc,fsqrt.s,ft8:00000000,,580cbe53,3,"fsqrt.s	f28,f25","ft8,fs9",
800075c0,fsgnjx.s,fa7:00000000,,20de28d3,3,"fsgnjx.s	f17,f28,f13","fa7,ft8,fa3",
800075c4,fsgnjn.s,ft6:80000000,,20a01353,3,"fsgnjn.s	f6,f0,f10","ft6,ft0,fa0",
800075c8,auipc,s10:e1fc55c8,,61fbed17,3,"auipc	x26,0x61fbe","s10,0x61fbe",
800075cc,mulhsu,gp:ffffffff,,030ca1b3,3,"mulhsu	x3,x25,x16","gp,s9,a6",
800075d0,or,a4:ffffffff,,013ce733,3,"or	x14,x25,x19","a4,s9,s3",
800075d4,fadd.s,fa7:7fc00000,,00d3f8d3,3,"fadd.s	f17,f7,f13","fa7,ft7,fa3",
800075d8,feq.s,a5:00000000,,a0caa7d3,3,"feq.s	x15,f21,f12","a5,fs5,fa2",
800075dc,slti,s3:00000001,,3207a993,3,"slti	x19,x15,800","s3,a5,800",
800075e0,sltu,s2:00000001,,00e3b933,3,"sltu	x18,x7,x14","s2,t2,a4",
800075e4,xori,s8:0000075a,,75b54c13,3,"xori	x24,x10,1883","s8,a0,1883",
800075e8,feq.s,t4:00000000,,a071aed3,3,"feq.s	x29,f3,f7","t4,ft3,ft7",
800075ec,fsub.s,ft6:7fc00000,,090d7353,3,"fsub.s	f6,f26,f16","ft6,fs10,fa6",
800075f0,fle.s,t6:00000001,,a19c0fd3,3,"fle.s	x31,f24,f25","t6,fs8,fs9",
800075f8,sll,s2:f7506410,,00459933,3,"sll	x18,x11,x4","s2,a1,tp",
800075fc,fmax.s,fs9:4f000410,,29fb1cd3,3,"fmax.s	f25,f22,f31","fs9,fs6,ft11",
80007600,fdiv.s,fs6:7fc00000,,18d9fb53,3,"fdiv.s	f22,f19,f13","fs6,fs3,fa3",
80007604,slli,t6:00000000,,01b79f93,3,"slli	x31,x15,0x1b","t6,a5,0x1b",
80007608,fmv.x.w,sp:00000000,,e00d8153,3,"fmv.x.w	x2,f27","sp,fs11",
8000760c,slli,tp:00000000,,00a39213,3,"slli	x4,x7,0xa","tp,t2,0xa",
80007610,sra,s8:00000000,,41815c33,3,"sra	x24,x2,x24","s8,sp,s8",
80007618,fmax.s,fs8:00000000,,29529c53,3,"fmax.s	f24,f5,f21","fs8,ft5,fs5",
8000761c,lui,t6:ea354000,,ea354fb7,3,"lui	x31,0xea354","t6,0xea354",
80007620,addi,a2:f7506869,,45990613,3,"addi	x12,x18,1113","a2,s2,1113",
80007624,sra,gp:00000010,,415451b3,3,"sra	x3,x8,x21","gp,s0,s5",
80007628,fcvt.wu.s,s4:ffffffff,,c0118a53,3,"fcvt.wu.s	x20,f3","s4,ft3",
8000762c,auipc,a4:4fe5362c,,cfe4c717,3,"auipc	x14,0xcfe4c","a4,0xcfe4c",
80007630,fcvt.s.w,fa6:00000000,,d00af853,3,"fcvt.s.w	f16,x21","fa6,s5",
80007634,fmax.s,fs8:80000000,,28bf9c53,3,"fmax.s	f24,f31,f11","fs8,ft11,fa1",
8000763c,rem,a7:00000000,,03f3e8b3,3,"rem	x17,x7,x31","a7,t2,t6",
80007640,andi,s9:00000080,,0984fc93,3,"andi	x25,x9,152","s9,s1,152",
80007644,divu,s8:00000001,,032a5c33,3,"divu	x24,x20,x18","s8,s4,s2",
8000764c,sra,t3:f7506410,,40f5de33,3,"sra	x28,x11,x15","t3,a1,a5",
80007650,fclass.s,s6:00000020,,e0011b53,3,"fclass.s	x22,f2","s6,ft2",
80007654,srai,s10:fffffffc,,41d4dd13,3,"srai	x26,x9,0x1d","s10,s1,0x1d",
80007658,fmv.w.x,fs11:00000001,,f00c0dd3,3,"fmv.w.x	f27,x24","fs11,s8",
8000765c,srl,tp:00000000,,001ad233,3,"srl	x4,x21,x1","tp,s5,ra",
80007660,auipc,a6:9f59d660,,1f596817,3,"auipc	x16,0x1f596","a6,0x1f596",
80007664,slt,s9:00000001,,01592cb3,3,"slt	x25,x18,x21","s9,s2,s5",
80007668,lui,t2:f8b9c000,,f8b9c3b7,3,"lui	x7,0xf8b9c","t2,0xf8b9c",
8000766c,remu,s8:00000000,,03a27c33,3,"remu	x24,x4,x26","s8,tp,s10",
80007670,add,t6:00000010,,00820fb3,3,"add	x31,x4,x8","t6,tp,s0",
80007674,add,sp:80040ff4,,009f8133,3,"add	x2,x31,x9","sp,t6,s1",
80007678,sub,s8:7ffbf00c,,402d8c33,3,"sub	x24,x27,x2","s8,s11,sp",
8000767c,fcvt.wu.s,t2:ffffffff,,c01b23d3,3,"fcvt.wu.s	x7,f22","t2,fs6",
80007680,div,a0:00000000,,025cc533,3,"div	x10,x25,x5","a0,s9,t0",
80007684,mulhu,s8:00000000,,029abc33,3,"mulhu	x24,x21,x9","s8,s5,s1",
80007688,fmax.s,ft9:80040fe5,,29661ed3,3,"fmax.s	f29,f12,f22","ft9,fa2,fs6",
8000768c,srl,a0:80041024,,0152d533,3,"srl	x10,x5,x21","a0,t0,s5",
80007690,slti,sp:00000001,,fe752113,3,"slti	x2,x10,-25","sp,a0,-25",
80007694,fsgnj.s,ft11:00000000,,20ac0fd3,3,"fsgnj.s	f31,f24,f10","ft11,fs8,fa0",
80007698,srai,tp:00000000,,40a6d213,3,"srai	x4,x13,0xa","tp,a3,0xa",
8000769c,fsgnj.s,ft7:7fc00000,,20f303d3,3,"fsgnj.s	f7,f6,f15","ft7,ft6,fa5",
800076a0,fmv.x.w,ra:ffc00000,,e00080d3,3,"fmv.x.w	x1,f1","ra,ft1",
800076a4,xor,t5:00000000,,00ddcf33,3,"xor	x30,x27,x13","t5,s11,a3",
800076a8,fadd.s,fa3:4f7fffff,,017746d3,3,"fadd.s	f13,f14,f23","fa3,fa4,fs7",
800076ac,fsgnj.s,fa6:00000010,,20810853,3,"fsgnj.s	f16,f2,f8","fa6,ft2,fs0",
800076b0,andi,ra:00000010,,37cff093,3,"andi	x1,x31,892","ra,t6,892",
800076b4,srai,a0:ffffff80,,4182d513,3,"srai	x10,x5,0x18","a0,t0,0x18",
800076b8,feq.s,s4:00000000,,a02d2a53,3,"feq.s	x20,f26,f2","s4,fs10,ft2",
800076bc,xor,sp:9f59d660,,00084133,3,"xor	x2,x16,x0","sp,a6,zero",
800076c0,mulh,a2:00000000,,03561633,3,"mulh	x12,x12,x21","a2,a2,s5",
800076c4,or,gp:00000000,,01b7e1b3,3,"or	x3,x15,x27","gp,a5,s11",
800076c8,fsqrt.s,ft5:00000000,,580902d3,3,"fsqrt.s	f5,f18","ft5,fs2",
800076cc,flt.s,t5:00000000,,a1ad1f53,3,"flt.s	x30,f26,f26","t5,fs10,fs10",
800076d0,fmul.s,fs8:80000000,,11d17c53,3,"fmul.s	f24,f2,f29","fs8,ft2,ft9",
800076d4,ori,a4:00000660,,6607e713,3,"ori	x14,x15,1632","a4,a5,1632",
800076d8,and,tp:00000000,,0001f233,3,"and	x4,x3,x0","tp,gp,zero",
800076dc,fle.s,s9:00000000,,a1488cd3,3,"fle.s	x25,f17,f20","s9,fa7,fs4",
800076e0,fdiv.s,fs8:7fc00000,,1816fc53,3,"fdiv.s	f24,f13,f1","fs8,fa3,ft1",
800076e8,feq.s,a3:00000000,,a1a626d3,3,"feq.s	x13,f12,f26","a3,fa2,fs10",
800076ec,mulhu,a4:00000000,,03373733,3,"mulhu	x14,x14,x19","a4,a4,s3",
800076f0,slti,a2:00000000,,98dc2613,3,"slti	x12,x24,-1651","a2,s8,-1651",
800076f4,fcvt.wu.s,a6:ffffffff,,c015c853,3,"fcvt.wu.s	x16,f11","a6,fa1",
800076fc,addi,a7:00000540,,67830893,3,"addi	x17,x6,1656","a7,t1,1656",
80007700,xori,s9:000007b9,,84684c93,3,"xori	x25,x16,-1978","s9,a6,-1978",
80007704,flt.s,t6:00000001,,a0901fd3,3,"flt.s	x31,f0,f9","t6,ft0,fs1",
80007708,fclass.s,t3:00000008,,e0001e53,3,"fclass.s	x28,f0","t3,ft0",
8000770c,fmax.s,ft8:00000000,,29aa9e53,3,"fmax.s	f28,f21,f26","ft8,fs5,fs10",
80007710,mulhu,s3:00000000,,038a39b3,3,"mulhu	x19,x20,x24","s3,s4,s8",
80007714,srli,s11:00000000,,009add93,3,"srli	x27,x21,0x9","s11,s5,0x9",
80007718,fsqrt.s,ft4:47350461,,58072253,3,"fsqrt.s	f4,f14","ft4,fa4",
8000771c,div,t4:00000000,,03974eb3,3,"div	x29,x14,x25","t4,a4,s9",
80007720,or,t2:9f59d660,,002163b3,3,"or	x7,x2,x2","t2,sp,sp",
80007728,andi,tp:00000240,,2594f213,3,"andi	x4,x9,601","tp,s1,601",
8000772c,slti,a4:00000000,,e3c8a713,3,"slti	x14,x17,-452","a4,a7,-452",
80007730,auipc,s6:8eb02730,,0eafbb17,3,"auipc	x22,0xeafb","s6,0xeafb",
80007734,flt.s,s2:00000000,,a1d71953,3,"flt.s	x18,f14,f29","s2,fa4,ft9",
80007738,sra,t4:ffffffff,,405d5eb3,3,"sra	x29,x26,x5","t4,s10,t0",
8000773c,mul,a3:00000000,,022a06b3,3,"mul	x13,x20,x2","a3,s4,sp",
80007740,fsgnjn.s,ft2:ffc00000,,21839153,3,"fsgnjn.s	f2,f7,f24","ft2,ft7,fs8",
80007744,andi,t1:00000000,,a6b07313,3,"andi	x6,x0,-1429","t1,zero,-1429",
80007748,sltu,s3:00000001,,0019b9b3,3,"sltu	x19,x19,x1","s3,s3,ra",
8000774c,sra,ra:00000000,,41fc50b3,3,"sra	x1,x24,x31","ra,s8,t6",
80007754,lui,a6:945e0000,,945e0837,3,"lui	x16,0x945e0","a6,0x945e0",
80007758,slli,a6:00000000,,01961813,3,"slli	x16,x12,0x19","a6,a2,0x19",
8000775c,fcvt.w.s,tp:00000000,,c0003253,3,"fcvt.w.s	x4,f0","tp,ft0",
80007760,fmv.w.x,fs1:00000540,,f00884d3,3,"fmv.w.x	f9,x17","fs1,a7",
80007764,fsgnjx.s,fs7:ffc00000,,2040abd3,3,"fsgnjx.s	f23,f1,f4","fs7,ft1,ft4",
80007768,xor,t6:9f59d660,,0173cfb3,3,"xor	x31,x7,x23","t6,t2,s7",
8000776c,xori,s3:000003fe,,3fe04993,3,"xori	x19,x0,1022","s3,zero,1022",
80007770,fadd.s,fa0:7fc00000,,0072f553,3,"fadd.s	f10,f5,f7","fa0,ft5,ft7",
80007774,andi,s9:00000260,,2703fc93,3,"andi	x25,x7,624","s9,t2,624",
80007778,rem,gp:00000000,,036a61b3,3,"rem	x3,x20,x22","gp,s4,s6",
8000777c,slti,t3:00000001,,6a892e13,3,"slti	x28,x18,1704","t3,s2,1704",
80007780,srli,t1:0003dd41,,00e5d313,3,"srli	x6,x11,0xe","t1,a1,0xe",
80007784,mulhsu,t4:fffffffd,,03fd2eb3,3,"mulhsu	x29,x26,x31","t4,s10,t6",
80007788,add,s5:00000010,,01740ab3,3,"add	x21,x8,x23","s5,s0,s7",
8000778c,mulhu,t4:00000000,,0322beb3,3,"mulhu	x29,x5,x18","t4,t0,s2",
80007790,mulhsu,s6:00000000,,02002b33,3,"mulhsu	x22,x0,x0","s6,zero,zero",
80007794,fsgnjx.s,ft8:00040fe5,,21d62e53,3,"fsgnjx.s	f28,f12,f29","ft8,fa2,ft9",
80007798,sll,a6:00000000,,013b9833,3,"sll	x16,x23,x19","a6,s7,s3",
8000779c,and,ra:00000000,,0164f0b3,3,"and	x1,x9,x22","ra,s1,s6",
800077a0,lui,a4:997e4000,,997e4737,3,"lui	x14,0x997e4","a4,0x997e4",
800077a4,xor,a7:77547434,,00b2c8b3,3,"xor	x17,x5,x11","a7,t0,a1",
800077a8,fsgnj.s,fa1:00000000,,20da85d3,3,"fsgnj.s	f11,f21,f13","fa1,fs5,fa3",
800077ac,sll,a6:00000000,,01a61833,3,"sll	x16,x12,x26","a6,a2,s10",
800077b0,div,gp:ffffffff,,036d41b3,3,"div	x3,x26,x22","gp,s10,s6",
800077b4,fcvt.s.wu,fs7:00000000,,d01bfbd3,3,"fcvt.s.wu	f23,x23","fs7,s7",
800077b8,mulhsu,a0:00000000,,03d82533,3,"mulhsu	x10,x16,x29","a0,a6,t4",
800077bc,andi,s0:000003c0,,3c1d7413,3,"andi	x8,x26,961","s0,s10,961",
800077c0,feq.s,s0:00000000,,a08ea453,3,"feq.s	x8,f29,f8","s0,ft9,fs0",
800077c4,fcvt.s.w,fs6:48775040,,d0033b53,3,"fcvt.s.w	f22,x6","fs6,t1",
800077c8,xor,s2:00000260,,0196c933,3,"xor	x18,x13,x25","s2,a3,s9",
800077cc,lui,s6:e4369000,,e4369b37,3,"lui	x22,0xe4369","s6,0xe4369",
800077d0,lui,t4:2a1d8000,,2a1d8eb7,3,"lui	x29,0x2a1d8","t4,0x2a1d8",
800077d4,srl,s10:00000000,,0026dd33,3,"srl	x26,x13,x2","s10,a3,sp",
800077d8,andi,ra:00000000,,38807093,3,"andi	x1,x0,904","ra,zero,904",
800077dc,divu,s3:002672c9,,033759b3,3,"divu	x19,x14,x19","s3,a4,s3",
800077e0,fclass.s,s0:00000200,,e0099453,3,"fclass.s	x8,f19","s0,fs3",
800077e4,xor,s10:9f5a0b21,,006fcd33,3,"xor	x26,x31,x6","s10,t6,t1",
800077e8,xori,t5:00000721,,731acf13,3,"xori	x30,x21,1841","t5,s5,1841",
800077ec,sub,t6:08af9bf0,,40b78fb3,3,"sub	x31,x15,x11","t6,a5,a1",
800077f0,fsqrt.s,fa2:42fffef4,,58027653,3,"fsqrt.s	f12,f4","fa2,ft4",
800077f4,fsgnjx.s,ft11:7fc00000,,21a9afd3,3,"fsgnjx.s	f31,f19,f26","ft11,fs3,fs10",
800077f8,ori,a0:ffffffc3,,fc3a6513,3,"ori	x10,x20,-61","a0,s4,-61",
800077fc,rem,t4:ffffffc3,,02d56eb3,3,"rem	x29,x10,x13","t4,a0,a3",
80007800,fsgnjx.s,ft5:42fffef4,,21e622d3,3,"fsgnjx.s	f5,f12,f30","ft5,fa2,ft10",
80007804,addi,a7:0000076c,,76c20893,3,"addi	x17,x4,1900","a7,tp,1900",
80007808,divu,s7:00000000,,02addbb3,3,"divu	x23,x27,x10","s7,s11,a0",
8000780c,feq.s,s3:00000000,,a0c829d3,3,"feq.s	x19,f16,f12","s3,fa6,fa2",
80007810,lui,s2:8c225000,,8c225937,3,"lui	x18,0x8c225","s2,0x8c225",
80007814,fclass.s,s8:00000200,,e0019c53,3,"fclass.s	x24,f3","s8,ft3",
80007818,fsgnjn.s,fs2:62100000,,200a1953,3,"fsgnjn.s	f18,f20,f0","fs2,fs4,ft0",
8000781c,fdiv.s,fs7:7fc00000,,191b2bd3,3,"fdiv.s	f23,f22,f17","fs7,fs6,fa7",
80007820,slt,t2:00000000,,006323b3,3,"slt	x7,x6,x6","t2,t1,t1",
80007824,mulh,a6:fba85550,,029f9833,3,"mulh	x16,x31,x9","a6,t6,s1",
80007828,fclass.s,tp:00000200,,e0089253,3,"fclass.s	x4,f17","tp,fa7",
8000782c,fsqrt.s,ft0:7fc00000,,5809a053,3,"fsqrt.s	f0,f19","ft0,fs3",
80007830,fdiv.s,fs5:7fc00000,,18e9fad3,3,"fdiv.s	f21,f19,f14","fs5,fs3,fa4",
80007834,and,a3:00000000,,017af6b3,3,"and	x13,x21,x23","a3,s5,s7",
80007838,add,a0:ffffffc3,,01350533,3,"add	x10,x10,x19","a0,a0,s3",
8000783c,slt,a0:00000001,,01ea2533,3,"slt	x10,x20,x30","a0,s4,t5",
80007840,andi,s6:00000000,,9a67fb13,3,"andi	x22,x15,-1626","s6,a5,-1626",
80007844,fcvt.w.s,a7:7fffffff,,c00578d3,3,"fcvt.w.s	x17,f10","a7,fa0",
80007848,fmv.w.x,ft0:00000721,,f00f0053,3,"fmv.w.x	f0,x30","ft0,t5",
8000784c,srli,a3:03ffffff,,0058d693,3,"srli	x13,x17,0x5","a3,a7,0x5",
80007850,xor,s3:fba85750,,010449b3,3,"xor	x19,x8,x16","s3,s0,a6",
80007854,fsgnj.s,fs5:7fc00000,,206b8ad3,3,"fsgnj.s	f21,f23,f6","fs5,fs7,ft6",
80007858,remu,t3:05dbcb21,,02ed7e33,3,"remu	x28,x26,x14","t3,s10,a4",
8000785c,sll,s6:80040fe4,,00c49b33,3,"sll	x22,x9,x12","s6,s1,a2",
80007860,divu,a6:ffffffff,,02015833,3,"divu	x16,x2,x0","a6,sp,zero",
80007864,fmv.w.x,fs5:ffffffff,,f0080ad3,3,"fmv.w.x	f21,x16","fs5,a6",
80007868,srai,s9:fff80040,,40cb5c93,3,"srai	x25,x22,0xc","s9,s6,0xc",
8000786c,ori,s7:000004a5,,4a556b93,3,"ori	x23,x10,1189","s7,a0,1189",
80007870,slti,s0:00000000,,75ce2413,3,"slti	x8,x28,1884","s0,t3,1884",
80007874,sltiu,s11:00000001,,6307bd93,3,"sltiu	x27,x15,1584","s11,a5,1584",
80007878,fadd.s,fa1:4f80005a,,00e245d3,3,"fadd.s	f11,f4,f14","fa1,ft4,fa4",
80007880,srli,t2:3ffe0010,,002cd393,3,"srli	x7,x25,0x2","t2,s9,0x2",
80007884,srai,a4:f00081fc,,403b5713,3,"srai	x14,x22,0x3","a4,s6,0x3",
80007888,slli,t5:00000000,,018c1f13,3,"slli	x30,x24,0x18","t5,s8,0x18",
8000788c,mulhu,s5:00000000,,026abab3,3,"mulhu	x21,x21,x6","s5,s5,t1",
80007890,and,a7:0003dd41,,003378b3,3,"and	x17,x6,x3","a7,t1,gp",
80007894,slli,t5:00000000,,014f1f13,3,"slli	x30,x30,0x14","t5,t5,0x14",
80007898,mulhsu,t5:00000000,,0340af33,3,"mulhsu	x30,x1,x20","t5,ra,s4",
8000789c,fadd.s,ft10:4f7fffff,,01d77f53,3,"fadd.s	f30,f14,f29","ft10,fa4,ft9",
800078a0,fle.s,s0:00000000,,a0240453,3,"fle.s	x8,f8,f2","s0,fs0,ft2",
800078a4,mulh,ra:00000000,,020010b3,3,"mulh	x1,x0,x0","ra,zero,zero",
800078a8,remu,a2:000243fd,,02697633,3,"remu	x12,x18,x6","a2,s2,t1",
800078ac,fclass.s,t5:00000200,,e0039f53,3,"fclass.s	x30,f7","t5,ft7",
800078b4,fcvt.s.wu,ft1:4d0af9bf,,d01ff0d3,3,"fcvt.s.wu	f1,x31","ft1,t6",
800078b8,andi,t1:00000201,,2d7e7313,3,"andi	x6,x28,727","t1,t3,727",
800078bc,mulhu,s10:00013d7c,,02c93d33,3,"mulhu	x26,x18,x12","s10,s2,a2",
800078c0,div,t5:00000000,,02254f33,3,"div	x30,x10,x2","t5,a0,sp",
800078c4,sltiu,s7:00000001,,256dbb93,3,"sltiu	x23,x27,598","s7,s11,598",
800078c8,flt.s,s5:00000000,,a1d19ad3,3,"flt.s	x21,f3,f29","s5,ft3,ft9",
800078cc,addi,a0:3ffe049a,,48a38513,3,"addi	x10,x7,1162","a0,t2,1162",
800078d0,feq.s,a5:00000001,,a0d727d3,3,"feq.s	x15,f14,f13","a5,fa4,fa3",
800078d4,div,sp:0457a8b0,,0239c133,3,"div	x2,x19,x3","sp,s3,gp",
800078d8,fclass.s,a5:00000200,,e00517d3,3,"fclass.s	x15,f10","a5,fa0",
800078dc,slti,t2:00000001,,007ca393,3,"slti	x7,x25,7","t2,s9,7",
800078e0,mul,s4:16ef5040,,03988a33,3,"mul	x20,x17,x25","s4,a7,s9",
800078e4,fmax.s,fa5:7fc00000,,282997d3,3,"fmax.s	f15,f19,f2","fa5,fs3,ft2",
800078e8,ori,a4:fffffdda,,9da56713,3,"ori	x14,x10,-1574","a4,a0,-1574",
800078ec,add,a3:fffffdd9,,010706b3,3,"add	x13,x14,x16","a3,a4,a6",
800078f0,fmv.x.w,s9:00000010,,e0080cd3,3,"fmv.x.w	x25,f16","s9,fa6",
800078f4,fmin.s,ft2:7fc00000,,28f88153,3,"fmin.s	f2,f17,f15","ft2,fa7,fa5",
800078f8,div,t5:fffffffe,,0225cf33,3,"div	x30,x11,x2","t5,a1,sp",
800078fc,fdiv.s,ft5:7fc00000,,19b782d3,3,"fdiv.s	f5,f15,f27","ft5,fa5,fs11",
80007900,fle.s,s3:00000000,,a0a189d3,3,"fle.s	x19,f3,f10","s3,ft3,fa0",
80007904,slli,s7:fdda0000,,01071b93,3,"slli	x23,x14,0x10","s7,a4,0x10",
80007908,flt.s,a6:00000000,,a0389853,3,"flt.s	x16,f17,f3","a6,fa7,ft3",
8000790c,remu,t1:80040fe4,,0324f333,3,"remu	x6,x9,x18","t1,s1,s2",
80007910,mulh,a4:00000000,,02cc9733,3,"mulh	x14,x25,x12","a4,s9,a2",
80007914,fmax.s,fs1:4f7fffff,,289694d3,3,"fmax.s	f9,f13,f9","fs1,fa3,fs1",
80007918,fdiv.s,ft5:7fc00000,,18ad22d3,3,"fdiv.s	f5,f26,f10","ft5,fs10,fa0",
8000791c,or,s2:80040fe4,,00646933,3,"or	x18,x8,x6","s2,s0,t1",
80007920,andi,s11:80041000,,d532fd93,3,"andi	x27,x5,-685","s11,t0,-685",
80007924,fle.s,s3:00000001,,a00009d3,3,"fle.s	x19,f0,f0","s3,ft0,ft0",
80007928,fsgnjn.s,fs4:80000000,,20dd1a53,3,"fsgnjn.s	f20,f26,f13","fs4,fs10,fa3",
8000792c,mulhsu,a3:00000000,,030826b3,3,"mulhsu	x13,x16,x16","a3,a6,a6",
80007930,slli,tp:00000000,,018d9213,3,"slli	x4,x27,0x18","tp,s11,0x18",
80007934,fadd.s,fa6:7fc00000,,01439853,3,"fadd.s	f16,f7,f20","fa6,ft7,fs4",
80007938,fmv.x.w,s6:7fc00000,,e0038b53,3,"fmv.x.w	x22,f7","s6,ft7",
8000793c,sub,s4:7ffbf01b,,40618a33,3,"sub	x20,x3,x6","s4,gp,t1",
80007940,fdiv.s,ft5:7fc00000,,190442d3,3,"fdiv.s	f5,f8,f16","ft5,fs0,fa6",
80007944,ori,t3:ffffffff,,dea1ee13,3,"ori	x28,x3,-534","t3,gp,-534",
80007948,mulhsu,s10:0fff0250,,02a52d33,3,"mulhsu	x26,x10,x10","s10,a0,a0",
8000794c,auipc,gp:8f56694c,,0f55f197,3,"auipc	x3,0xf55f","gp,0xf55f",
80007950,srl,t2:0000001e,,0145d3b3,3,"srl	x7,x11,x20","t2,a1,s4",
80007954,ori,t4:fffff9b6,,9b6cee93,3,"ori	x29,x25,-1610","t4,s9,-1610",
80007958,slt,a7:00000001,,01afa8b3,3,"slt	x17,x31,x26","a7,t6,s10",
8000795c,fsgnj.s,ft1:7fc00000,,206c00d3,3,"fsgnj.s	f1,f24,f6","ft1,fs8,ft6",
80007960,srl,a6:00003ffe,,01f55833,3,"srl	x16,x10,x31","a6,a0,t6",
80007964,remu,s8:01fdc820,,022bfc33,3,"remu	x24,x23,x2","s8,s7,sp",
80007968,fle.s,a2:00000000,,a0f60653,3,"fle.s	x12,f12,f15","a2,fa2,fa5",
8000796c,fsgnjn.s,fs0:c2fffef4,,20661453,3,"fsgnjn.s	f8,f12,f6","fs0,fa2,ft6",
80007970,fmin.s,ft5:7fc00000,,287102d3,3,"fmin.s	f5,f2,f7","ft5,ft2,ft7",
80007974,fcvt.wu.s,s11:00000000,,c01d4dd3,3,"fcvt.wu.s	x27,f26","s11,fs10",
80007978,fmax.s,fs1:00000721,,280e94d3,3,"fmax.s	f9,f29,f0","fs1,ft9,ft0",
8000797c,feq.s,a0:00000000,,a1eaa553,3,"feq.s	x10,f21,f30","a0,fs5,ft10",
80007980,fclass.s,s9:00000040,,e0091cd3,3,"fclass.s	x25,f18","s9,fs2",
80007984,fdiv.s,fs9:7fc00000,,18dbfcd3,3,"fdiv.s	f25,f23,f13","fs9,fs7,fa3",
8000798c,addi,a2:0fff0707,,4b7d0613,3,"addi	x12,x26,1207","a2,s10,1207",
80007990,feq.s,s8:00000000,,a057ac53,3,"feq.s	x24,f15,f5","s8,fa5,ft5",
80007994,srl,s9:00000000,,01305cb3,3,"srl	x25,x0,x19","s9,zero,s3",
80007998,fadd.s,fs2:7fc00000,,01a38953,3,"fadd.s	f18,f7,f26","fs2,ft7,fs10",
8000799c,mulhsu,a0:00000000,,039a2533,3,"mulhsu	x10,x20,x25","a0,s4,s9",
800079a0,fsgnjx.s,ft10:7fc00000,,20cc2f53,3,"fsgnjx.s	f30,f24,f12","ft10,fs8,fa2",
800079a4,sltiu,t3:00000001,,aea63e13,3,"sltiu	x28,x12,-1302","t3,a2,-1302",
800079a8,add,a0:0fff0450,,00fd0533,3,"add	x10,x26,x15","a0,s10,a5",
800079ac,remu,s9:0000001e,,03d3fcb3,3,"remu	x25,x7,x29","s9,t2,t4",
800079b0,xor,a0:7ffbf01b,,014dc533,3,"xor	x10,x27,x20","a0,s11,s4",
800079b4,slti,t1:00000000,,739fa313,3,"slti	x6,x31,1849","t1,t6,1849",
800079b8,fmax.s,fs1:7fc00000,,281094d3,3,"fmax.s	f9,f1,f1","fs1,ft1,ft1",
800079bc,fcvt.s.w,fa2:4d0af9bf,,d00fb653,3,"fcvt.s.w	f12,x31","fa2,t6",
800079c0,flt.s,a0:00000000,,a0021553,3,"flt.s	x10,f4,f0","a0,ft4,ft0",
800079c4,sltu,tp:00000001,,01d9b233,3,"sltu	x4,x19,x29","tp,s3,t4",
800079c8,mulh,a3:fffffff1,,025396b3,3,"mulh	x13,x7,x5","a3,t2,t0",
800079cc,sltu,s0:00000001,,007c3433,3,"sltu	x8,x24,x7","s0,s8,t2",
800079d0,or,a5:00000000,,01bde7b3,3,"or	x15,x27,x27","a5,s11,s11",
800079d4,sra,s3:0000001e,,40a3d9b3,3,"sra	x19,x7,x10","s3,t2,a0",
800079d8,mulhsu,t3:0000000e,,036cae33,3,"mulhsu	x28,x25,x22","t3,s9,s6",
800079dc,ori,t2:0000070e,,70ec6393,3,"ori	x7,x24,1806","t2,s8,1806",
800079e0,sub,t4:80040fe4,,40e48eb3,3,"sub	x29,x9,x14","t4,s1,a4",
800079e4,fmul.s,fs8:7fc00000,,1161fc53,3,"fmul.s	f24,f3,f22","fs8,ft3,fs6",
800079e8,fsgnj.s,fa2:7fc00000,,20528653,3,"fsgnj.s	f12,f5,f5","fa2,ft5,ft5",
800079ec,fmv.x.w,a6:7fc00000,,e00f8853,3,"fmv.x.w	x16,f31","a6,ft11",
800079f0,fmax.s,ft8:4f7fffff,,28169e53,3,"fmax.s	f28,f13,f1","ft8,fa3,ft1",
800079f4,sltu,a6:00000000,,00e73833,3,"sltu	x16,x14,x14","a6,a4,a4",
800079f8,fcvt.s.wu,fs1:4f00040f,,d01ef4d3,3,"fcvt.s.wu	f9,x29","fs1,t4",
800079fc,sub,s2:00000000,,41008933,3,"sub	x18,x1,x16","s2,ra,a6",
80007a00,fsgnj.s,fs2:7fffffff,,218a8953,3,"fsgnj.s	f18,f21,f24","fs2,fs5,fs8",
80007a08,ori,t4:0fff07dc,,58cd6e93,3,"ori	x29,x26,1420","t4,s10,1420",
80007a0c,add,a2:0000001e,,019d8633,3,"add	x12,x27,x25","a2,s11,s9",
80007a10,fmul.s,fs2:5f7ffffe,,10ee2953,3,"fmul.s	f18,f28,f14","fs2,ft8,fa4",
80007a14,fle.s,s4:00000000,,a1548a53,3,"fle.s	x20,f9,f21","s4,fs1,fs5",
80007a18,add,t4:8f56694c,,00330eb3,3,"add	x29,x6,x3","t4,t1,gp",
80007a1c,ori,s6:fffffaeb,,aebb6b13,3,"ori	x22,x22,-1301","s6,s6,-1301",
80007a20,sltiu,t4:00000000,,75c6be93,3,"sltiu	x29,x13,1884","t4,a3,1884",
80007a28,fmv.w.x,ft4:00000000,,f0050253,3,"fmv.w.x	f4,x10","ft4,a0",
80007a2c,sub,s10:00000001,,40188d33,3,"sub	x26,x17,x1","s10,a7,ra",
80007a30,slti,t6:00000000,,d58daf93,3,"slti	x31,x27,-680","t6,s11,-680",
80007a34,fcvt.s.w,fa3:00000000,,d00376d3,3,"fcvt.s.w	f13,x6","fa3,t1",
80007a38,sub,t5:fffffff1,,40f68f33,3,"sub	x30,x13,x15","t5,a3,a5",
80007a3c,rem,t1:00000000,,03556333,3,"rem	x6,x10,x21","t1,a0,s5",
80007a40,mulhu,a4:00000000,,026c3733,3,"mulhu	x14,x24,x6","a4,s8,t1",
80007a44,addi,t3:000002bb,,29d60e13,3,"addi	x28,x12,669","t3,a2,669",
80007a48,mulhu,sp:00000000,,032f3133,3,"mulhu	x2,x30,x18","sp,t5,s2",
80007a4c,mulh,s11:00000000,,03cf9db3,3,"mulh	x27,x31,x28","s11,t6,t3",
80007a50,and,a3:f5500000,,00bbf6b3,3,"and	x13,x23,x11","a3,s7,a1",
80007a54,fsub.s,fs5:7fc00000,,09a7fad3,3,"fsub.s	f21,f15,f26","fs5,fa5,fs10",
80007a58,fmv.x.w,tp:7fc00000,,e0088253,3,"fmv.x.w	x4,f17","tp,fa7",
80007a5c,auipc,s3:a6c00a5c,,26bf9997,3,"auipc	x19,0x26bf9","s3,0x26bf9",
80007a60,fsub.s,fs6:7fc00000,,08c4cb53,3,"fsub.s	f22,f9,f12","fs6,fs1,fa2",
80007a64,mul,sp:fffffff1,,03e40133,3,"mul	x2,x8,x30","sp,s0,t5",
80007a68,slt,a5:00000000,,013327b3,3,"slt	x15,x6,x19","a5,t1,s3",
80007a6c,lui,ra:e54be000,,e54be0b7,3,"lui	x1,0xe54be","ra,0xe54be",
80007a70,rem,gp:00000000,,037861b3,3,"rem	x3,x16,x23","gp,a6,s7",
80007a74,rem,a2:00000000,,02436633,3,"rem	x12,x6,x4","a2,t1,tp",
80007a78,srli,t2:00000003,,01eb5393,3,"srli	x7,x22,0x1e","t2,s6,0x1e",
80007a7c,fcvt.wu.s,sp:ffffffff,,c015f153,3,"fcvt.wu.s	x2,f11","sp,fa1",
80007a80,fmv.w.x,fs10:80041024,,f0028d53,3,"fmv.w.x	f26,x5","fs10,t0",
80007a84,feq.s,a6:00000000,,a018a853,3,"feq.s	x16,f17,f1","a6,fa7,ft1",
80007a88,addi,a4:000006d0,,6d060713,3,"addi	x14,x12,1744","a4,a2,1744",
80007a8c,sub,t5:00000040,,40928f33,3,"sub	x30,x5,x9","t5,t0,s1",
80007a90,add,ra:80040fe5,,009d00b3,3,"add	x1,x26,x9","ra,s10,s1",
80007a94,mulh,t5:00000000,,02691f33,3,"mulh	x30,x18,x6","t5,s2,t1",
80007a98,xori,s11:fffffbdc,,bdd8cd93,3,"xori	x27,x17,-1059","s11,a7,-1059",
80007a9c,srai,t4:ffffffff,,41415e93,3,"srai	x29,x2,0x14","t4,sp,0x14",
80007aa0,mul,t4:00000000,,03e00eb3,3,"mul	x29,x0,x30","t4,zero,t5",
80007aa4,div,t2:00000000,,039a43b3,3,"div	x7,x20,x25","t2,s4,s9",
80007aa8,fsgnjx.s,fa0:7fc00000,,2132a553,3,"fsgnjx.s	f10,f5,f19","fa0,ft5,fs3",
80007aac,rem,a2:fffffaeb,,02cb6633,3,"rem	x12,x22,x12","a2,s6,a2",
80007ab0,or,sp:fffffbdc,,00dde133,3,"or	x2,x27,x13","sp,s11,a3",
80007ab4,srl,t6:7fc00000,,00725fb3,3,"srl	x31,x4,x7","t6,tp,t2",
80007ab8,ori,gp:fffffaeb,,26a66193,3,"ori	x3,x12,618","gp,a2,618",
80007abc,mulh,t6:00000000,,03449fb3,3,"mulh	x31,x9,x20","t6,s1,s4",
80007ac0,mulh,a5:00000000,,02e797b3,3,"mulh	x15,x15,x14","a5,a5,a4",
80007ac4,add,a6:fdd9faeb,,01760833,3,"add	x16,x12,x23","a6,a2,s7",
80007ac8,xor,t1:26c405b9,,0130c333,3,"xor	x6,x1,x19","t1,ra,s3",
80007acc,remu,gp:00000001,,025d71b3,3,"remu	x3,x26,x5","gp,s10,t0",
80007ad0,lui,t4:64fee000,,64feeeb7,3,"lui	x29,0x64fee","t4,0x64fee",
80007ad4,mul,a4:00000000,,02f30733,3,"mul	x14,x6,x15","a4,t1,a5",
80007ad8,fsqrt.s,fa0:7fc00000,,58029553,3,"fsqrt.s	f10,f5","fa0,ft5",
80007adc,xori,t4:ffffff02,,f038ce93,3,"xori	x29,x17,-253","t4,a7,-253",
80007ae0,fmin.s,fs4:4f00040f,,28960a53,3,"fmin.s	f20,f12,f9","fs4,fa2,fs1",
80007ae4,fsub.s,fs9:7fc00000,,09cb0cd3,3,"fsub.s	f25,f22,f28","fs9,fs6,ft8",
80007ae8,mul,s11:ef2e33f0,,03b48db3,3,"mul	x27,x9,x27","s11,s1,s11",
80007aec,flt.s,s6:00000000,,a1909b53,3,"flt.s	x22,f1,f25","s6,ft1,fs9",
80007af0,sltiu,s11:00000001,,9de23d93,3,"sltiu	x27,x4,-1570","s11,tp,-1570",
80007af8,sltiu,t6:00000001,,0a08bf93,3,"sltiu	x31,x17,160","t6,a7,160",
80007afc,slti,a7:00000000,,81a1a893,3,"slti	x17,x3,-2022","a7,gp,-2022",
80007b00,auipc,s3:e799db00,,67996997,3,"auipc	x19,0x67996","s3,0x67996",
80007b04,fmax.s,fs8:4f7fffff,,294e1c53,3,"fmax.s	f24,f28,f20","fs8,ft8,fs4",
80007b08,mulhu,s6:00000000,,03fbbb33,3,"mulhu	x22,x23,x31","s6,s7,t6",
80007b0c,divu,ra:00000000,,03cc50b3,3,"divu	x1,x24,x28","ra,s8,t3",
80007b10,fcvt.s.wu,ft10:4f7dd9fb,,d0184f53,3,"fcvt.s.wu	f30,x16","ft10,a6",
80007b14,fcvt.wu.s,s11:ffffffff,,c01b7dd3,3,"fcvt.wu.s	x27,f22","s11,fs6",
80007b18,fsgnjn.s,fs5:ffc00000,,20cc9ad3,3,"fsgnjn.s	f21,f25,f12","fs5,fs9,fa2",
80007b1c,fcvt.s.wu,fa0:4f7dda00,,d01bf553,3,"fcvt.s.wu	f10,x23","fa0,s7",
80007b20,srli,t5:00000002,,01e4df13,3,"srli	x30,x9,0x1e","t5,s1,0x1e",
80007b24,fadd.s,fa2:5f7ffffe,,0126f653,3,"fadd.s	f12,f13,f18","fa2,fa3,fs2",
80007b28,fsqrt.s,ft4:7fc00000,,58047253,3,"fsqrt.s	f4,f8","ft4,fs0",
80007b2c,mul,s5:00000000,,02478ab3,3,"mul	x21,x15,x4","s5,a5,tp",
80007b30,srli,tp:00000000,,015d5213,3,"srli	x4,x26,0x15","tp,s10,0x15",
80007b34,fmv.w.x,ft11:ffffffff,,f00d8fd3,3,"fmv.w.x	f31,x27","ft11,s11",
80007b38,mulh,a7:ffffffff,,029f18b3,3,"mulh	x17,x30,x9","a7,t5,s1",
80007b3c,fmul.s,ft10:6f00040e,,1124ff53,3,"fmul.s	f30,f9,f18","ft10,fs1,fs2",
80007b40,remu,s7:ffffffff,,038dfbb3,3,"remu	x23,x27,x24","s7,s11,s8",
80007b44,sltiu,gp:00000000,,0bb6b193,3,"sltiu	x3,x13,187","gp,a3,187",
80007b48,slt,a6:00000000,,013e2833,3,"slt	x16,x28,x19","a6,t3,s3",
80007b4c,srli,a6:00000000,,018cd813,3,"srli	x16,x25,0x18","a6,s9,0x18",
80007b50,fle.s,sp:00000000,,a0380153,3,"fle.s	x2,f16,f3","sp,fa6,ft3",
80007b54,fmul.s,ft5:7fc00000,,1083b2d3,3,"fmul.s	f5,f7,f8","ft5,ft7,fs0",
80007b58,fsgnjx.s,ft11:00040fe5,,215eafd3,3,"fsgnjx.s	f31,f29,f21","ft11,ft9,fs5",
80007b5c,fclass.s,t1:00000010,,e0069353,3,"fclass.s	x6,f13","t1,fa3",
80007b60,mulhu,s6:00000000,,0317bb33,3,"mulhu	x22,x15,x17","s6,a5,a7",
80007b64,xori,s11:000003af,,3b1ccd93,3,"xori	x27,x25,945","s11,s9,945",
80007b68,xori,s4:fffff9b4,,9b474a13,3,"xori	x20,x14,-1612","s4,a4,-1612",
80007b6c,fmul.s,ft9:7fc00000,,10b89ed3,3,"fmul.s	f29,f17,f11","ft9,fa7,fa1",
80007b70,sltiu,t3:00000001,,c8a0be13,3,"sltiu	x28,x1,-886","t3,ra,-886",
80007b74,slt,s5:00000000,,01852ab3,3,"slt	x21,x10,x24","s5,a0,s8",
80007b78,srai,a2:00000000,,41d85613,3,"srai	x12,x16,0x1d","a2,a6,0x1d",
80007b7c,and,s11:00000000,,00a17db3,3,"and	x27,x2,x10","s11,sp,a0",
80007b80,slt,s8:00000000,,00ffac33,3,"slt	x24,x31,x15","s8,t6,a5",
80007b84,fle.s,s10:00000000,,a0870d53,3,"fle.s	x26,f14,f8","s10,fa4,fs0",
80007b88,div,t2:00000000,,03d3c3b3,3,"div	x7,x7,x29","t2,t2,t4",
80007b8c,addi,tp:00000086,,6d2a0213,3,"addi	x4,x20,1746","tp,s4,1746",
80007b90,slt,t6:00000000,,01402fb3,3,"slt	x31,x0,x20","t6,zero,s4",
80007b94,fsgnjn.s,fs2:df7ffffe,,20391953,3,"fsgnjn.s	f18,f18,f3","fs2,fs2,ft3",
80007b98,fle.s,t6:00000000,,a1838fd3,3,"fle.s	x31,f7,f24","t6,ft7,fs8",
80007b9c,xor,s4:ffffffff,,00f8ca33,3,"xor	x20,x17,x15","s4,a7,a5",
80007ba0,and,s3:80041024,,005a79b3,3,"and	x19,x20,x5","s3,s4,t0",
80007ba4,fcvt.wu.s,a5:ffffffff,,c01397d3,3,"fcvt.wu.s	x15,f7","a5,ft7",
80007ba8,fmin.s,fa7:df7ffffe,,292088d3,3,"fmin.s	f17,f1,f18","fa7,ft1,fs2",
80007bac,div,ra:00000000,,029240b3,3,"div	x1,x4,x9","ra,tp,s1",
80007bb0,andi,a6:00000002,,b3af7813,3,"andi	x16,x30,-1222","a6,t5,-1222",
80007bb8,sll,s7:00000008,,01df1bb3,3,"sll	x23,x30,x29","s7,t5,t4",
80007bbc,xori,sp:fffffaff,,500a4113,3,"xori	x2,x20,1280","sp,s4,1280",
80007bc0,xor,s8:ffffffff,,001a4c33,3,"xor	x24,x20,x1","s8,s4,ra",
80007bc4,srl,sp:00000002,,001f5133,3,"srl	x2,x30,x1","sp,t5,ra",
80007bcc,fdiv.s,fs2:00000000,,188d7953,3,"fdiv.s	f18,f26,f8","fs2,fs10,fs0",
80007bd0,fmv.w.x,ft11:00000000,,f0090fd3,3,"fmv.w.x	f31,x18","ft11,s2",
80007bd4,sltiu,s10:00000001,,33dabd13,3,"sltiu	x26,x21,829","s10,s5,829",
80007bd8,slti,s2:00000000,,ad88a913,3,"slti	x18,x17,-1320","s2,a7,-1320",
80007bdc,slt,s2:00000001,,01eea933,3,"slt	x18,x29,x30","s2,t4,t5",
80007be0,sltu,s10:00000000,,01bf3d33,3,"sltu	x26,x30,x27","s10,t5,s11",
80007be4,xori,a4:7ffbe843,,8672c713,3,"xori	x14,x5,-1945","a4,t0,-1945",
80007be8,mulhu,s0:00000000,,03f3b433,3,"mulhu	x8,x7,x31","s0,t2,t6",
80007bec,srl,ra:f5500000,,00d6d0b3,3,"srl	x1,x13,x13","ra,a3,a3",
80007bf0,slti,tp:00000001,,6508a213,3,"slti	x4,x17,1616","tp,a7,1616",
80007bf4,slti,a6:00000000,,e7a72813,3,"slti	x16,x14,-390","a6,a4,-390",
80007bf8,srai,s4:00000000,,41f25a13,3,"srai	x20,x4,0x1f","s4,tp,0x1f",
80007bfc,sltu,s0:00000000,,0198b433,3,"sltu	x8,x17,x25","s0,a7,s9",
80007c00,andi,a7:00000000,,2512f893,3,"andi	x17,x5,593","a7,t0,593",
80007c04,fsgnjn.s,ft4:ffc00000,,212c9253,3,"fsgnjn.s	f4,f25,f18","ft4,fs9,fs2",
80007c08,and,a7:00000000,,01fe78b3,3,"and	x17,x28,x31","a7,t3,t6",
80007c0c,div,a6:ffffffff,,035fc833,3,"div	x16,x31,x21","a6,t6,s5",
80007c10,and,a0:00000000,,01ebf533,3,"and	x10,x23,x30","a0,s7,t5",
80007c14,fmv.x.w,t1:7fc00000,,e0098353,3,"fmv.x.w	x6,f19","t1,fs3",
80007c18,sub,t3:fffffffe,,41c80e33,3,"sub	x28,x16,x28","t3,a6,t3",
80007c1c,srli,a7:00000000,,0051d893,3,"srli	x17,x3,0x5","a7,gp,0x5",
80007c20,fmax.s,ft1:4f7fffff,,29c110d3,3,"fmax.s	f1,f2,f28","ft1,ft2,ft8",
80007c24,fdiv.s,fs9:7fc00000,,18981cd3,3,"fdiv.s	f25,f16,f9","fs9,fa6,fs1",
80007c28,div,s3:00000000,,032549b3,3,"div	x19,x10,x18","s3,a0,s2",
80007c2c,or,a0:ffffffff,,00ac6533,3,"or	x10,x24,x10","a0,s8,a0",
80007c30,fmv.w.x,fs11:7fc00000,,f0030dd3,3,"fmv.w.x	f27,x6","fs11,t1",
80007c34,ori,s3:ffffffff,,4ebe6993,3,"ori	x19,x28,1259","s3,t3,1259",
80007c38,mul,s4:800417bd,,03370a33,3,"mul	x20,x14,x19","s4,a4,s3",
80007c3c,mulhu,s3:00000000,,03e8b9b3,3,"mulhu	x19,x17,x30","s3,a7,t5",
80007c40,fsqrt.s,fa3:7fc00000,,580af6d3,3,"fsqrt.s	f13,f21","fa3,fs5",
80007c44,srl,a2:00000000,,00fbd633,3,"srl	x12,x23,x15","a2,s7,a5",
80007c48,lui,s9:65858000,,65858cb7,3,"lui	x25,0x65858","s9,0x65858",
80007c4c,fmv.w.x,ft4:ffffffff,,f0080253,3,"fmv.w.x	f4,x16","ft4,a6",
80007c50,fsqrt.s,ft7:46b50a40,,580a13d3,3,"fsqrt.s	f7,f20","ft7,fs4",
80007c54,slti,s3:00000001,,edc4a993,3,"slti	x19,x9,-292","s3,s1,-292",
80007c58,fsqrt.s,fa3:7fc00000,,580df6d3,3,"fsqrt.s	f13,f27","fa3,fs11",
80007c5c,add,a0:ffffffff,,00a88533,3,"add	x10,x17,x10","a0,a7,a0",
80007c60,flt.s,s3:00000000,,a17d19d3,3,"flt.s	x19,f26,f23","s3,fs10,fs7",
80007c64,fadd.s,ft9:00000e42,,00002ed3,3,"fadd.s	f29,f0,f0","ft9,ft0,ft0",
80007c68,sra,s3:00000000,,410359b3,3,"sra	x19,x6,x16","s3,t1,a6",
80007c6c,sll,sp:ffffffff,,01351133,3,"sll	x2,x10,x19","sp,a0,s3",
80007c70,srli,a0:003d5400,,00a0d513,3,"srli	x10,x1,0xa","a0,ra,0xa",
80007c74,fmv.w.x,ft3:00000000,,f00f81d3,3,"fmv.w.x	f3,x31","ft3,t6",
80007c78,fclass.s,s9:00000200,,e0079cd3,3,"fclass.s	x25,f15","s9,fa5",
80007c7c,andi,a6:00000000,,b7c67813,3,"andi	x16,x12,-1156","a6,a2,-1156",
80007c80,fdiv.s,fa4:7f800000,,18057753,3,"fdiv.s	f14,f10,f0","fa4,fa0,ft0",
80007c84,fle.s,t4:00000000,,a0e28ed3,3,"fle.s	x29,f5,f14","t4,ft5,fa4",
80007c88,slli,t6:00000000,,01fd1f93,3,"slli	x31,x26,0x1f","t6,s10,0x1f",
80007c8c,fcvt.wu.s,s10:ffffffff,,c0137d53,3,"fcvt.wu.s	x26,f6","s10,ft6",
80007c90,ori,a5:00000380,,38086793,3,"ori	x15,x16,896","a5,a6,896",
80007c94,andi,t3:00000000,,de687e13,3,"andi	x28,x16,-538","t3,a6,-538",
80007c98,srl,s3:7aa80000,,0126d9b3,3,"srl	x19,x13,x18","s3,a3,s2",
80007c9c,sltu,ra:00000000,,005d30b3,3,"sltu	x1,x26,x5","ra,s10,t0",
80007ca0,srai,s0:00000000,,40865413,3,"srai	x8,x12,0x8","s0,a2,0x8",
80007ca4,slt,a7:00000000,,01a628b3,3,"slt	x17,x12,x26","a7,a2,s10",
80007ca8,mulhsu,s11:ffffffff,,02ec2db3,3,"mulhsu	x27,x24,x14","s11,s8,a4",
80007cac,mul,s8:00000000,,03140c33,3,"mul	x24,x8,x17","s8,s0,a7",
80007cb0,fsgnjn.s,fs3:80000e42,,20fe99d3,3,"fsgnjn.s	f19,f29,f15","fs3,ft9,fa5",
80007cb4,fclass.s,s9:00000040,,e0059cd3,3,"fclass.s	x25,f11","s9,fa1",
80007cb8,ori,s3:ffffffbf,,9aea6993,3,"ori	x19,x20,-1618","s3,s4,-1618",
80007cbc,fcvt.w.s,gp:7fffffff,,c00c21d3,3,"fcvt.w.s	x3,f24","gp,fs8",
80007cc4,or,s0:ffffffff,,01b9e433,3,"or	x8,x19,x27","s0,s3,s11",
80007cc8,slt,s0:00000000,,00f7a433,3,"slt	x8,x15,x15","s0,a5,a5",
80007ccc,and,sp:00000000,,00a67133,3,"and	x2,x12,x10","sp,a2,a0",
80007cd0,mul,s3:00000000,,02fc09b3,3,"mul	x19,x24,x15","s3,s8,a5",
80007cd4,slli,a6:f0000000,,00631813,3,"slli	x16,x6,0x6","a6,t1,0x6",
80007cd8,sltu,tp:00000000,,0028b233,3,"sltu	x4,x17,x2","tp,a7,sp",
80007cdc,mul,a2:eaa00000,,03e68633,3,"mul	x12,x13,x30","a2,a3,t5",
80007ce0,sub,a4:0ab00000,,40da8733,3,"sub	x14,x21,x13","a4,s5,a3",
80007ce4,sub,s10:00000000,,41608d33,3,"sub	x26,x1,x22","s10,ra,s6",
80007ce8,fsgnjn.s,fa3:4f7fffff,,21ae16d3,3,"fsgnjn.s	f13,f28,f26","fa3,ft8,fs10",
80007cec,fsub.s,fa1:7fc00000,,08ecf5d3,3,"fsub.s	f11,f25,f14","fa1,fs9,fa4",
80007cf0,flt.s,a0:00000001,,a0d01553,3,"flt.s	x10,f0,f13","a0,ft0,fa3",
80007cf4,fsgnj.s,ft1:7fffffff,,20a200d3,3,"fsgnj.s	f1,f4,f10","ft1,ft4,fa0",
80007cf8,xor,s11:80040fe4,,0014cdb3,3,"xor	x27,x9,x1","s11,s1,ra",
80007cfc,xori,s6:fffffc98,,c9814b13,3,"xori	x22,x2,-872","s6,sp,-872",
80007d00,mulh,s9:00000000,,03829cb3,3,"mulh	x25,x5,x24","s9,t0,s8",
80007d04,auipc,s2:7de74d04,,fde6d917,3,"auipc	x18,0xfde6d","s2,0xfde6d",
80007d08,xori,s2:fffffbe8,,be954913,3,"xori	x18,x10,-1047","s2,a0,-1047",
80007d0c,fcvt.w.s,t3:7fffffff,,c000fe53,3,"fcvt.w.s	x28,f1","t3,ft1",
80007d10,fmin.s,ft5:80041024,,29a602d3,3,"fmin.s	f5,f12,f26","ft5,fa2,fs10",
80007d14,slti,t5:00000000,,09a7af13,3,"slti	x30,x15,154","t5,a5,154",
80007d18,ori,gp:000002e7,,2e79e193,3,"ori	x3,x19,743","gp,s3,743",
80007d1c,andi,sp:00000000,,2013f113,3,"andi	x2,x7,513","sp,t2,513",
80007d20,sltiu,s3:00000001,,5e51b993,3,"sltiu	x19,x3,1509","s3,gp,1509",
80007d24,fcvt.wu.s,s6:ffffffff,,c0167b53,3,"fcvt.wu.s	x22,f12","s6,fa2",
80007d28,lui,s7:405be000,,405bebb7,3,"lui	x23,0x405be","s7,0x405be",
80007d2c,fdiv.s,fs7:7fc00000,,188cfbd3,3,"fdiv.s	f23,f25,f8","fs7,fs9,fs0",
80007d30,fmin.s,ft7:4f00040f,,289c03d3,3,"fmin.s	f7,f24,f9","ft7,fs8,fs1",
80007d34,xori,s9:0ab00719,,71974c93,3,"xori	x25,x14,1817","s9,a4,1817",
80007d38,fmul.s,ft3:7fc00000,,108b91d3,3,"fmul.s	f3,f23,f8","ft3,fs7,fs0",
80007d3c,or,t4:7fffffff,,01c26eb3,3,"or	x29,x4,x28","t4,tp,t3",
80007d40,fsqrt.s,fs3:46b50a40,,5804b9d3,3,"fsqrt.s	f19,f9","fs3,fs1",
80007d44,mulhu,s10:00000000,,03e43d33,3,"mulhu	x26,x8,x30","s10,s0,t5",
80007d48,fsgnjx.s,fs4:ffc00000,,21512a53,3,"fsgnjx.s	f20,f2,f21","fs4,ft2,fs5",
80007d4c,fsqrt.s,fa6:7fc00000,,580da853,3,"fsqrt.s	f16,f27","fa6,fs11",
80007d50,fdiv.s,ft6:7fc00000,,18e09353,3,"fdiv.s	f6,f1,f14","ft6,ft1,fa4",
80007d54,fle.s,s3:00000000,,a0d709d3,3,"fle.s	x19,f14,f13","s3,fa4,fa3",
80007d58,andi,s2:7fc00000,,8d037913,3,"andi	x18,x6,-1840","s2,t1,-1840",
80007d5c,sll,s0:7fffffff,,018e1433,3,"sll	x8,x28,x24","s0,t3,s8",
80007d60,mul,s5:00000000,,03a48ab3,3,"mul	x21,x9,x26","s5,s1,s10",
80007d64,fadd.s,fs5:7fc00000,,01a27ad3,3,"fadd.s	f21,f4,f26","fs5,ft4,fs10",
80007d68,fcvt.wu.s,s9:ffffffff,,c0170cd3,3,"fcvt.wu.s	x25,f14","s9,fa4",
80007d6c,fcvt.s.w,fs5:4effffff,,d0047ad3,3,"fcvt.s.w	f21,x8","fs5,s0",
80007d70,mulhu,a2:0a050000,,02e83633,3,"mulhu	x12,x16,x14","a2,a6,a4",
80007d74,remu,a6:7fffffff,,033e7833,3,"remu	x16,x28,x19","a6,t3,s3",
80007d78,slt,a3:00000000,,000826b3,3,"slt	x13,x16,x0","a3,a6,zero",
80007d7c,sltu,t6:00000001,,00ba3fb3,3,"sltu	x31,x20,x11","t6,s4,a1",
80007d80,feq.s,s0:00000001,,a1cc2453,3,"feq.s	x8,f24,f28","s0,fs8,ft8",
80007d84,feq.s,a5:00000000,,a164a7d3,3,"feq.s	x15,f9,f22","a5,fs1,fs6",
80007d88,fadd.s,fs7:46b40a41,,0089fbd3,3,"fadd.s	f23,f19,f8","fs7,fs3,fs0",
80007d8c,rem,a4:80040fe4,,03ade733,3,"rem	x14,x27,x26","a4,s11,s10",
80007d90,sra,s0:00000000,,40b8d433,3,"sra	x8,x17,x11","s0,a7,a1",
80007d94,slti,a3:00000001,,3e9a2693,3,"slti	x13,x20,1001","a3,s4,1001",
80007d98,sra,ra:07fc0000,,41b350b3,3,"sra	x1,x6,x27","ra,t1,s11",
80007d9c,xor,s10:80040fe4,,01bd4d33,3,"xor	x26,x26,x27","s10,s10,s11",
80007da4,addi,s6:0000051c,,51c20b13,3,"addi	x22,x4,1308","s6,tp,1308",
80007da8,ori,a5:fffffba7,,ba746793,3,"ori	x15,x8,-1113","a5,s0,-1113",
80007dac,fmul.s,ft5:7fc00000,,10e872d3,3,"fmul.s	f5,f16,f14","ft5,fa6,fa4",
80007db0,fsgnj.s,fa7:ffc00000,,208808d3,3,"fsgnj.s	f17,f16,f8","fa7,fa6,fs0",
80007db4,xori,s0:bfa41a39,,a39bc413,3,"xori	x8,x23,-1479","s0,s7,-1479",
80007db8,feq.s,t3:00000000,,a13cae53,3,"feq.s	x28,f25,f19","t3,fs9,fs3",
80007dbc,fmin.s,fa7:00000000,,29b908d3,3,"fmin.s	f17,f18,f27","fa7,fs2,fs11",
80007dc0,fsgnjn.s,fa3:cf7fffff,,213c16d3,3,"fsgnjn.s	f13,f24,f19","fa3,fs8,fs3",
80007dc4,mulhu,s11:00000000,,03e8bdb3,3,"mulhu	x27,x17,x30","s11,a7,t5",
80007dc8,srl,s2:00000000,,00e25933,3,"srl	x18,x4,x14","s2,tp,a4",
80007dd0,srai,t4:00000000,,41725e93,3,"srai	x29,x4,0x17","t4,tp,0x17",
80007dd4,fmul.s,fs11:8e020480,,11ae7dd3,3,"fmul.s	f27,f28,f26","fs11,ft8,fs10",
80007dd8,fle.s,t2:00000000,,a11583d3,3,"fle.s	x7,f11,f17","t2,fa1,fa7",
80007ddc,xor,a0:803fffff,,006cc533,3,"xor	x10,x25,x6","a0,s9,t1",
80007de0,divu,ra:00000000,,03f9d0b3,3,"divu	x1,x19,x31","ra,s3,t6",
80007de4,sltiu,s6:00000001,,cf123b13,3,"sltiu	x22,x4,-783","s6,tp,-783",
80007de8,fmul.s,fs3:7fc00000,,10b0f9d3,3,"fmul.s	f19,f1,f11","fs3,ft1,fa1",
80007dec,and,s5:00000000,,01f0fab3,3,"and	x21,x1,x31","s5,ra,t6",
80007df0,fmax.s,ft7:5f7ffffe,,28c513d3,3,"fmax.s	f7,f10,f12","ft7,fa0,fa2",
80007df4,fsgnjx.s,ft2:cf7dda00,,20452153,3,"fsgnjx.s	f2,f10,f4","ft2,fa0,ft4",
80007df8,fsqrt.s,fs8:7fc00000,,58079c53,3,"fsqrt.s	f24,f15","fs8,fa5",
80007dfc,srli,s8:00000002,,01e55c13,3,"srli	x24,x10,0x1e","s8,a0,0x1e",
80007e00,fle.s,t2:00000000,,a12283d3,3,"fle.s	x7,f5,f18","t2,ft5,fs2",
80007e04,fcvt.w.s,s4:80000000,,c006aa53,3,"fcvt.w.s	x20,f13","s4,fa3",
80007e08,flt.s,t6:00000000,,a0419fd3,3,"flt.s	x31,f3,f4","t6,ft3,ft4",
80007e0c,add,s5:80000000,,014f8ab3,3,"add	x21,x31,x20","s5,t6,s4",
80007e10,fmv.x.w,s5:7fc00000,,e00b0ad3,3,"fmv.x.w	x21,f22","s5,fs6",
80007e14,slli,t5:00000000,,00109f13,3,"slli	x30,x1,0x1","t5,ra,0x1",
80007e18,div,s8:00000001,,0254cc33,3,"div	x24,x9,x5","s8,s1,t0",
80007e1c,fcvt.w.s,s0:7fffffff,,c0019453,3,"fcvt.w.s	x8,f3","s0,ft3",
80007e20,sra,s10:80000000,,417a5d33,3,"sra	x26,x20,x23","s10,s4,s7",
80007e24,add,s4:0a04fba7,,00f60a33,3,"add	x20,x12,x15","s4,a2,a5",
80007e28,fmul.s,fs0:7fc00000,,10fef453,3,"fmul.s	f8,f29,f15","fs0,ft9,fa5",
80007e2c,fcvt.wu.s,s6:ffffffff,,c0172b53,3,"fcvt.wu.s	x22,f14","s6,fa4",
80007e30,fsub.s,fs10:7fc00000,,09f9ad53,3,"fsub.s	f26,f19,f31","fs10,fs3,ft11",
80007e34,mulhsu,t2:00000000,,0233a3b3,3,"mulhsu	x7,x7,x3","t2,t2,gp",
80007e38,fadd.s,fa2:7fc00000,,010df653,3,"fadd.s	f12,f27,f16","fa2,fs11,fa6",
80007e3c,fmax.s,fa0:00000000,,29f99553,3,"fmax.s	f10,f19,f31","fa0,fs3,ft11",
80007e40,fadd.s,fs8:7fc00000,,003b7c53,3,"fadd.s	f24,f22,f3","fs8,fs6,ft3",
80007e44,fdiv.s,fa1:7fc00000,,184875d3,3,"fdiv.s	f11,f16,f4","fa1,fa6,ft4",
80007e48,fmv.x.w,gp:7fc00000,,e00981d3,3,"fmv.x.w	x3,f19","gp,fs3",
80007e4c,or,s10:7fc00000,,003aed33,3,"or	x26,x21,x3","s10,s5,gp",
80007e50,mulh,t2:00000000,,021713b3,3,"mulh	x7,x14,x1","t2,a4,ra",
80007e54,remu,a2:00000000,,0378f633,3,"remu	x12,x17,x23","a2,a7,s7",
80007e58,fmul.s,ft1:7fc00000,,115800d3,3,"fmul.s	f1,f16,f21","ft1,fa6,fs5",
80007e5c,add,a2:ffffffff,,01690633,3,"add	x12,x18,x22","a2,s2,s6",
80007e60,xori,a5:fffffc5a,,c5a14793,3,"xori	x15,x2,-934","a5,sp,-934",
80007e64,and,tp:00000000,,01137233,3,"and	x4,x6,x17","tp,t1,a7",
80007e68,ori,s3:7fc00145,,1451e993,3,"ori	x19,x3,325","s3,gp,325",
80007e6c,fsgnjn.s,ft8:00000000,,20df9e53,3,"fsgnjn.s	f28,f31,f13","ft8,ft11,fa3",
80007e70,slli,s8:00004000,,00e69c13,3,"slli	x24,x13,0xe","s8,a3,0xe",
80007e74,addi,tp:8004088b,,86728213,3,"addi	x4,x5,-1945","tp,t0,-1945",
80007e78,fcvt.wu.s,s9:ffffffff,,c01f0cd3,3,"fcvt.wu.s	x25,f30","s9,ft10",
80007e7c,xori,s7:ffffff13,,3497cb93,3,"xori	x23,x15,841","s7,a5,841",
80007e80,srl,t4:ffffffff,,01bb5eb3,3,"srl	x29,x22,x27","t4,s6,s11",
80007e84,fclass.s,s7:00000200,,e0009bd3,3,"fclass.s	x23,f1","s7,ft1",
80007e88,fsgnj.s,ft8:00000721,,21f00e53,3,"fsgnj.s	f28,f0,f31","ft8,ft0,ft11",
80007e8c,slli,a6:ffff1680,,00679813,3,"slli	x16,x15,0x6","a6,a5,0x6",
80007e90,auipc,s6:9f574e90,,1f56db17,3,"auipc	x22,0x1f56d","s6,0x1f56d",
80007e94,sub,a5:7fc00001,,40af87b3,3,"sub	x15,x31,x10","a5,t6,a0",
80007e9c,fmv.w.x,fs11:00000000,,f0008dd3,3,"fmv.w.x	f27,x1","fs11,ra",
80007ea0,sltu,t6:00000001,,01d3bfb3,3,"sltu	x31,x7,x29","t6,t2,t4",
80007ea4,fmv.x.w,s8:00000721,,e00e0c53,3,"fmv.x.w	x24,f28","s8,ft8",
80007ea8,or,a7:ffffffff,,00b668b3,3,"or	x17,x12,x11","a7,a2,a1",
80007eac,and,t3:00000000,,01e37e33,3,"and	x28,x6,x30","t3,t1,t5",
80007eb0,fcvt.wu.s,s4:ffffffff,,c01c2a53,3,"fcvt.wu.s	x20,f24","s4,fs8",
80007eb4,divu,a0:ffffffff,,03cd5533,3,"divu	x10,x26,x28","a0,s10,t3",
80007eb8,fsqrt.s,fa7:7fc00000,,5806a8d3,3,"fsqrt.s	f17,f13","fa7,fa3",
80007ebc,or,s2:ffff1680,,01e86933,3,"or	x18,x16,x30","s2,a6,t5",
80007ec0,ori,t4:ffffffff,,d6146e93,3,"ori	x29,x8,-671","t4,s0,-671",
80007ec4,srli,ra:00000000,,00905093,3,"srli	x1,x0,0x9","ra,zero,0x9",
80007ec8,addi,t2:7fc0086d,,72898393,3,"addi	x7,x19,1832","t2,s3,1832",
80007ecc,sra,s5:ffffffff,,40f55ab3,3,"sra	x21,x10,x15","s5,a0,a5",
80007ed0,fmax.s,fa3:7fc00000,,288196d3,3,"fmax.s	f13,f3,f8","fa3,ft3,fs0",
80007ed4,fdiv.s,fs9:7fc00000,,19971cd3,3,"fdiv.s	f25,f14,f25","fs9,fa4,fs9",
80007ed8,lui,a0:15b90000,,15b90537,3,"lui	x10,0x15b90","a0,0x15b90",
80007edc,fcvt.wu.s,s9:7fffff80,,c01accd3,3,"fcvt.wu.s	x25,f21","s9,fs5",
80007ee4,fcvt.w.s,s9:7fffffff,,c00f7cd3,3,"fcvt.w.s	x25,f30","s9,ft10",
80007ee8,slli,t4:da000000,,01939e93,3,"slli	x29,x7,0x19","t4,t2,0x19",
80007eec,fsqrt.s,fa4:7fc00000,,5805f753,3,"fsqrt.s	f14,f11","fa4,fa1",
80007ef0,fle.s,a2:00000000,,a0c40653,3,"fle.s	x12,f8,f12","a2,fs0,fa2",
80007ef4,slt,t5:00000000,,01ddaf33,3,"slt	x30,x27,x29","t5,s11,t4",
80007efc,fcvt.wu.s,a0:ffffffff,,c0137553,3,"fcvt.wu.s	x10,f6","a0,ft6",
80007f00,sub,s3:00440fe3,,40f709b3,3,"sub	x19,x14,x15","s3,a4,a5",
80007f04,slti,a7:00000001,,5644a893,3,"slti	x17,x9,1380","a7,s1,1380",
80007f08,sltu,s11:00000001,,015b3db3,3,"sltu	x27,x22,x21","s11,s6,s5",
80007f0c,fclass.s,s3:00000200,,e00219d3,3,"fclass.s	x19,f4","s3,ft4",
80007f10,flt.s,s9:00000001,,a07d9cd3,3,"flt.s	x25,f27,f7","s9,fs11,ft7",
80007f14,fcvt.w.s,a5:7fffffff,,c00307d3,3,"fcvt.w.s	x15,f6","a5,ft6",
80007f18,sltu,s3:00000000,,0016b9b3,3,"sltu	x19,x13,x1","s3,a3,ra",
80007f1c,divu,t1:ffffffff,,03cb5333,3,"divu	x6,x22,x28","t1,s6,t3",
80007f20,fsgnjn.s,ft10:80000721,,216e1f53,3,"fsgnjn.s	f30,f28,f22","ft10,ft8,fs6",
80007f24,addi,s6:fffff9c2,,9c2e0b13,3,"addi	x22,x28,-1598","s6,t3,-1598",
80007f28,add,s5:f7506410,,01e58ab3,3,"add	x21,x11,x30","s5,a1,t5",
80007f2c,divu,s2:00000001,,02e75933,3,"divu	x18,x14,x14","s2,a4,a4",
80007f30,sll,s8:80040fe4,,01349c33,3,"sll	x24,x9,x19","s8,s1,s3",
80007f34,andi,s11:0000049c,,49c47d93,3,"andi	x27,x8,1180","s11,s0,1180",
80007f38,fsgnjx.s,ft9:00000e42,,21aeaed3,3,"fsgnjx.s	f29,f29,f26","ft9,ft9,fs10",
80007f40,fcvt.wu.s,t5:00000000,,c0197f53,3,"fcvt.wu.s	x30,f18","t5,fs2",
80007f44,fcvt.s.w,fs2:4eff8010,,d003f953,3,"fcvt.s.w	f18,x7","fs2,t2",
80007f48,andi,s3:80040920,,922c7993,3,"andi	x19,x24,-1758","s3,s8,-1758",
80007f4c,fdiv.s,fs3:7fc00000,,18d689d3,3,"fdiv.s	f19,f13,f13","fs3,fa3,fa3",
80007f50,slti,s9:00000000,,cca12c93,3,"slti	x25,x2,-822","s9,sp,-822",
80007f54,fclass.s,a0:00000200,,e0031553,3,"fclass.s	x10,f6","a0,ft6",
80007f58,divu,a7:ffffffff,,021a58b3,3,"divu	x17,x20,x1","a7,s4,ra",
80007f5c,sltu,s9:00000001,,0059bcb3,3,"sltu	x25,x19,x5","s9,s3,t0",
80007f60,ori,s3:ffffff32,,f3206993,3,"ori	x19,x0,-206","s3,zero,-206",
80007f64,div,a4:fffff9c2,,03fb4733,3,"div	x14,x22,x31","a4,s6,t6",
80007f6c,and,s8:00000000,,01f67c33,3,"and	x24,x12,x31","s8,a2,t6",
80007f70,fmv.x.w,tp:7fc00000,,e0008253,3,"fmv.x.w	x4,f1","tp,ft1",
80007f74,xori,t6:fffffd31,,2cea4f93,3,"xori	x31,x20,718","t6,s4,718",
80007f78,remu,s11:0000049c,,036dfdb3,3,"remu	x27,x27,x22","s11,s11,s6",
80007f7c,fsub.s,fs9:7fc00000,,081e7cd3,3,"fsub.s	f25,f28,f1","fs9,ft8,ft1",
80007f84,xori,a5:ffffff99,,f9964793,3,"xori	x15,x12,-103","a5,a2,-103",
80007f88,slti,ra:00000001,,12ba2093,3,"slti	x1,x20,299","ra,s4,299",
80007f8c,addi,s3:00000550,,55060993,3,"addi	x19,x12,1360","s3,a2,1360",
80007f90,fsgnj.s,fa7:c6b40a41,,21eb88d3,3,"fsgnj.s	f17,f23,f30","fa7,fs7,ft10",
80007f94,auipc,s6:fe74ff94,,7e748b17,3,"auipc	x22,0x7e748","s6,0x7e748",
80007f98,add,s8:0000049c,,01b60c33,3,"add	x24,x12,x27","s8,a2,s11",
80007f9c,ori,a5:ffffffff,,85546793,3,"ori	x15,x8,-1963","a5,s0,-1963",
80007fa0,fmin.s,fs3:00000000,,29dd89d3,3,"fmin.s	f19,f27,f29","fs3,fs11,ft9",
80007fa4,sra,t2:00000200,,41dbd3b3,3,"sra	x7,x23,x29","t2,s7,t4",
80007fa8,slli,tp:c0000000,,01e31213,3,"slli	x4,x6,0x1e","tp,t1,0x1e",
80007fac,add,ra:0000049c,,002d80b3,3,"add	x1,x27,x2","ra,s11,sp",
80007fb0,fadd.s,ft2:7fc00000,,00c32153,3,"fadd.s	f2,f6,f12","ft2,ft6,fa2",
80007fb4,fcvt.s.w,ft2:cbc58036,,d00b7153,3,"fcvt.s.w	f2,x22","ft2,s6",
80007fb8,xor,s0:bfc00000,,004d4433,3,"xor	x8,x26,x4","s0,s10,tp",
80007fbc,fdiv.s,ft1:7fc00000,,183570d3,3,"fdiv.s	f1,f10,f3","ft1,fa0,ft3",
80007fc0,div,s3:ffffffff,,03e8c9b3,3,"div	x19,x17,x30","s3,a7,t5",
80007fc4,fcvt.w.s,a3:00005a05,,c00bf6d3,3,"fcvt.w.s	x13,f23","a3,fs7",
80007fc8,mulhu,a7:00000000,,03e3b8b3,3,"mulhu	x17,x7,x30","a7,t2,t5",
80007fcc,fcvt.w.s,s3:00005a05,,c00bf9d3,3,"fcvt.w.s	x19,f23","s3,fs7",
80007fd0,fmul.s,ft1:7fc00000,,1160f0d3,3,"fmul.s	f1,f1,f22","ft1,ft1,fs6",
80007fd4,sra,gp:00000000,,41d8d1b3,3,"sra	x3,x17,x29","gp,a7,t4",
80007fd8,sra,s4:00000000,,40ecda33,3,"sra	x20,x25,x14","s4,s9,a4",
80007fdc,div,s5:ffff4949,,02d44ab3,3,"div	x21,x8,x13","s5,s0,a3",
80007fe0,auipc,a6:4ce2cfe0,,cce25817,3,"auipc	x16,0xcce25","a6,0xcce25",
80007fe4,fmin.s,fs9:c6b40a41,,28888cd3,3,"fmin.s	f25,f17,f8","fs9,fa7,fs0",
80007fe8,sra,t2:00000000,,40ce53b3,3,"sra	x7,x28,x12","t2,t3,a2",
80007fec,remu,s6:00000000,,03287b33,3,"remu	x22,x16,x18","s6,a6,s2",
80007ff0,slli,t4:00000000,,01e41e93,3,"slli	x29,x8,0x1e","t4,s0,0x1e",
80007ff4,srl,s8:00000000,,00fcdc33,3,"srl	x24,x25,x15","s8,s9,a5",
80007ff8,ori,ra:0000078e,,78e16093,3,"ori	x1,x2,1934","ra,sp,1934",
80007ffc,rem,a2:00000000,,03e66633,3,"rem	x12,x12,x30","a2,a2,t5",
80008004,srl,a0:00005a05,,00a6d533,3,"srl	x10,x13,x10","a0,a3,a0",
80008008,sltiu,s9:00000001,,5b3f3c93,3,"sltiu	x25,x30,1459","s9,t5,1459",
8000800c,srli,a4:000002d0,,0059d713,3,"srli	x14,x19,0x5","a4,s3,0x5",
80008010,sltiu,t3:00000000,,5ee33e13,3,"sltiu	x28,x6,1518","t3,t1,1518",
80008014,fmin.s,fs0:c6b40a41,,28188453,3,"fmin.s	f8,f17,f1","fs0,fa7,ft1",
80008018,lui,s4:20009000,,20009a37,3,"lui	x20,0x20009","s4,0x20009",
8000801c,sltiu,t6:00000001,,fadbbf93,3,"sltiu	x31,x23,-83","t6,s7,-83",
80008020,ori,a2:800412f7,,2d32e613,3,"ori	x12,x5,723","a2,t0,723",
80008024,fcvt.w.s,t2:7fffff80,,c00ac3d3,3,"fcvt.w.s	x7,f21","t2,fs5",
80008028,mulhsu,s7:e0100000,,03a22bb3,3,"mulhsu	x23,x4,x26","s7,tp,s10",
8000802c,srai,s9:00000000,,407fdc93,3,"srai	x25,x31,0x7","s9,t6,0x7",
80008030,add,s5:80041024,,005e8ab3,3,"add	x21,x29,x5","s5,t4,t0",
80008034,flt.s,t4:00000001,,a1311ed3,3,"flt.s	x29,f2,f19","t4,ft2,fs3",
80008038,fmv.x.w,a4:7fc00000,,e0068753,3,"fmv.x.w	x14,f13","a4,fa3",
8000803c,flt.s,s10:00000000,,a1e31d53,3,"flt.s	x26,f6,f30","s10,ft6,ft10",
80008040,divu,s2:ffffffff,,02065933,3,"divu	x18,x12,x0","s2,a2,zero",
80008044,srli,t1:80041024,,000ad313,3,"srli	x6,x21,0x0","t1,s5,0x0",
80008048,or,t2:ffffffff,,0027e3b3,3,"or	x7,x15,x2","t2,a5,sp",
8000804c,slt,s8:00000000,,01eeac33,3,"slt	x24,x29,x30","s8,t4,t5",
80008050,srai,t1:ffffc002,,41135313,3,"srai	x6,x6,0x11","t1,t1,0x11",
80008054,xori,gp:000038f6,,8f434193,3,"xori	x3,x6,-1804","gp,t1,-1804",
80008058,srai,a0:ffffffff,,40e95513,3,"srai	x10,x18,0xe","a0,s2,0xe",
80008060,fmax.s,ft2:cbc58036,,282b1153,3,"fmax.s	f2,f22,f2","ft2,fs6,ft2",
80008064,lui,t1:243e5000,,243e5337,3,"lui	x6,0x243e5","t1,0x243e5",
8000806c,andi,a3:f7506010,,87b5f693,3,"andi	x13,x11,-1925","a3,a1,-1925",
80008070,sub,s8:00000000,,402d0c33,3,"sub	x24,x26,x2","s8,s10,sp",
80008074,xor,t4:80041024,,015b4eb3,3,"xor	x29,x22,x21","t4,s6,s5",
80008078,sltiu,s8:00000001,,d794bc13,3,"sltiu	x24,x9,-647","s8,s1,-647",
8000807c,srai,a5:fffe0100,,40cbd793,3,"srai	x15,x23,0xc","a5,s7,0xc",
80008080,divu,t3:00000000,,02fcde33,3,"divu	x28,x25,x15","t3,s9,a5",
80008084,srli,s9:00000020,,01aadc93,3,"srli	x25,x21,0x1a","s9,s5,0x1a",
80008088,andi,a2:00000000,,18107613,3,"andi	x12,x0,385","a2,zero,385",
8000808c,fmul.s,fa5:89e3adfe,,112f77d3,3,"fmul.s	f15,f30,f18","fa5,ft10,fs2",
80008090,flt.s,a6:00000000,,a0831853,3,"flt.s	x16,f6,f8","a6,ft6,fs0",
80008094,sra,t2:00000000,,407dd3b3,3,"sra	x7,x27,x7","t2,s11,t2",
80008098,fmul.s,fs0:7fc00000,,10d98453,3,"fmul.s	f8,f19,f13","fs0,fs3,fa3",
8000809c,and,s2:00000000,,0041f933,3,"and	x18,x3,x4","s2,gp,tp",
800080a4,or,t5:7fc0078e,,00e0ef33,3,"or	x30,x1,x14","t5,ra,a4",
800080a8,xori,sp:fffffbf2,,bf204113,3,"xori	x2,x0,-1038","sp,zero,-1038",
800080ac,fsgnjx.s,fa0:00000721,,212e2553,3,"fsgnjx.s	f10,f28,f18","fa0,ft8,fs2",
800080b0,fsqrt.s,fa6:1f3518ae,,580ef853,3,"fsqrt.s	f16,f29","fa6,ft9",
800080b4,fmin.s,fa6:00000000,,285d8853,3,"fmin.s	f16,f27,f5","fa6,fs11,ft5",
800080b8,fsgnj.s,ft11:7fc00000,,212b0fd3,3,"fsgnj.s	f31,f22,f18","ft11,fs6,fs2",
800080bc,fcvt.w.s,t5:00000000,,c00f7f53,3,"fcvt.w.s	x30,f30","t5,ft10",
800080c0,lui,a7:7be10000,,7be108b7,3,"lui	x17,0x7be10","a7,0x7be10",
800080c4,slli,t4:00000000,,01db1e93,3,"slli	x29,x22,0x1d","t4,s6,0x1d",
800080c8,slti,t5:00000001,,24212f13,3,"slti	x30,x2,578","t5,sp,578",
800080cc,mulhu,s9:00000000,,02e03cb3,3,"mulhu	x25,x0,x14","s9,zero,a4",
800080d0,fadd.s,fs4:7fc00000,,01bf9a53,3,"fadd.s	f20,f31,f27","fs4,ft11,fs11",
800080d4,sltiu,t4:00000001,,a95c3e93,3,"sltiu	x29,x24,-1387","t4,s8,-1387",
800080d8,fclass.s,a5:00000020,,e00517d3,3,"fclass.s	x15,f10","a5,fa0",
800080dc,fsub.s,ft11:7fc00000,,09b1ffd3,3,"fsub.s	f31,f3,f27","ft11,ft3,fs11",
800080e0,remu,s11:00000001,,030efdb3,3,"remu	x27,x29,x16","s11,t4,a6",
800080e4,fmul.s,ft8:7fc00000,,11af7e53,3,"fmul.s	f28,f30,f26","ft8,ft10,fs10",
800080e8,srl,sp:e0100000,,008bd133,3,"srl	x2,x23,x8","sp,s7,s0",
800080ec,fmul.s,fs0:7fc00000,,11747453,3,"fmul.s	f8,f8,f23","fs0,fs0,fs7",
800080f0,fle.s,t1:00000000,,a0358353,3,"fle.s	x6,f11,f3","t1,fa1,ft3",
800080f4,sub,a4:20500000,,40810733,3,"sub	x14,x2,x8","a4,sp,s0",
800080f8,xori,s3:000001ae,,1aff4993,3,"xori	x19,x30,431","s3,t5,431",
800080fc,fsgnjn.s,fa2:4bc58036,,20411653,3,"fsgnjn.s	f12,f2,f4","fa2,ft2,ft4",
80008100,fmin.s,ft0:4effffff,,29530053,3,"fmin.s	f0,f6,f21","ft0,ft6,fs5",
80008104,slti,s6:00000001,,4c83ab13,3,"slti	x22,x7,1224","s6,t2,1224",
80008108,sub,s9:fffff892,,40178cb3,3,"sub	x25,x15,x1","s9,a5,ra",
8000810c,sub,a4:1ff038f6,,41718733,3,"sub	x14,x3,x23","a4,gp,s7",
80008110,or,t4:e0100000,,01726eb3,3,"or	x29,x4,x23","t4,tp,s7",
80008118,auipc,t3:c5b3c118,,45b34e17,3,"auipc	x28,0x45b34","t3,0x45b34",
8000811c,mulhsu,s4:fffffff1,,0336aa33,3,"mulhsu	x20,x13,x19","s4,a3,s3",
80008120,fmv.w.x,fs10:ffffffff,,f0050d53,3,"fmv.w.x	f26,x10","fs10,a0",
80008124,fsgnjx.s,fs11:cbc58036,,21412dd3,3,"fsgnjx.s	f27,f2,f20","fs11,ft2,fs4",
80008128,sub,a4:7ffbefdc,,41560733,3,"sub	x14,x12,x21","a4,a2,s5",
8000812c,sra,t5:00000000,,41035f33,3,"sra	x30,x6,x16","t5,t1,a6",
80008130,fadd.s,fs1:7fc00000,,0069f4d3,3,"fadd.s	f9,f19,f6","fs1,fs3,ft6",
80008134,fle.s,a5:00000001,,a15d87d3,3,"fle.s	x15,f27,f21","a5,fs11,fs5",
80008138,fcvt.s.wu,ft1:3f800000,,d01f90d3,3,"fcvt.s.wu	f1,x31","ft1,t6",
8000813c,fcvt.s.wu,fa4:3f800000,,d01da753,3,"fcvt.s.wu	f14,x27","fa4,s11",
80008140,sltu,s0:00000000,,007eb433,3,"sltu	x8,x29,x7","s0,t4,t2",
80008144,slti,s5:00000001,,25f4aa93,3,"slti	x21,x9,607","s5,s1,607",
80008148,srl,s8:3df08000,,00f8dc33,3,"srl	x24,x17,x15","s8,a7,a5",
8000814c,fsgnjx.s,ft3:00000000,,2129a1d3,3,"fsgnjx.s	f3,f19,f18","ft3,fs3,fs2",
80008150,fmv.w.x,fs3:00000000,,f00409d3,3,"fmv.w.x	f19,x8","fs3,s0",
80008154,or,s7:fffbefdc,,00e16bb3,3,"or	x23,x2,x14","s7,sp,a4",
80008158,xori,t4:00003d5c,,5aa1ce93,3,"xori	x29,x3,1450","t4,gp,1450",
8000815c,fmul.s,ft11:7fc00000,,1087afd3,3,"fmul.s	f31,f15,f8","ft11,fa5,fs0",
80008160,srai,a0:00000000,,4133d513,3,"srai	x10,x7,0x13","a0,t2,0x13",
80008168,fmv.w.x,ft5:7ffbefdc,,f00702d3,3,"fmv.w.x	f5,x14","ft5,a4",
8000816c,sra,a4:00000000,,40ded733,3,"sra	x14,x29,x13","a4,t4,a3",
80008170,mulhsu,a0:00000000,,020da533,3,"mulhsu	x10,x27,x0","a0,s11,zero",
80008174,auipc,s8:a39c8174,,239c0c17,3,"auipc	x24,0x239c0","s8,0x239c0",
80008178,fcvt.s.w,ft10:00000000,,d003ff53,3,"fcvt.s.w	f30,x7","ft10,t2",
8000817c,sltu,a6:00000000,,01063833,3,"sltu	x16,x12,x16","a6,a2,a6",
80008180,auipc,ra:f587a180,,75872097,3,"auipc	x1,0x75872","ra,0x75872",
80008184,ori,t1:fffffea0,,ea046313,3,"ori	x6,x8,-352","t1,s0,-352",
80008188,fmin.s,ft2:7fc00000,,289b0153,3,"fmin.s	f2,f22,f9","ft2,fs6,fs1",
8000818c,srai,a3:fffffffe,,41b5d693,3,"srai	x13,x11,0x1b","a3,a1,0x1b",
80008190,mulhu,s5:00000000,,02073ab3,3,"mulhu	x21,x14,x0","s5,a4,zero",
80008194,sra,t2:00000000,,412053b3,3,"sra	x7,x0,x18","t2,zero,s2",
80008198,srai,s2:ffffffff,,41bcd913,3,"srai	x18,x25,0x1b","s2,s9,0x1b",
8000819c,div,a6:00000000,,03674833,3,"div	x16,x14,x22","a6,a4,s6",
800081a0,srli,t2:00000003,,00ced393,3,"srli	x7,x29,0xc","t2,t4,0xc",
800081a4,fmul.s,ft4:7fc00000,,1076f253,3,"fmul.s	f4,f13,f7","ft4,fa3,ft7",
800081a8,mulh,s8:ffffffff,,026b1c33,3,"mulh	x24,x22,x6","s8,s6,t1",
800081ac,fsqrt.s,fs4:7fc00000,,580ffa53,3,"fsqrt.s	f20,f31","fs4,ft11",
800081b0,fsgnjn.s,fs0:80000e42,,217e9453,3,"fsgnjn.s	f8,f29,f23","fs0,ft9,fs7",
800081b4,mulh,tp:ffffffff,,025f9233,3,"mulh	x4,x31,x5","tp,t6,t0",
800081b8,fdiv.s,ft4:7fc00000,,18aff253,3,"fdiv.s	f4,f31,f10","ft4,ft11,fa0",
800081bc,fdiv.s,fs11:ff800000,,19389dd3,3,"fdiv.s	f27,f17,f19","fs11,fa7,fs3",
800081c0,remu,ra:00000000,,035f70b3,3,"remu	x1,x30,x21","ra,t5,s5",
800081c4,fclass.s,t4:00000002,,e0089ed3,3,"fclass.s	x29,f17","t4,fa7",
800081c8,rem,t5:f99e9704,,02b4ef33,3,"rem	x30,x9,x11","t5,s1,a1",
800081cc,add,s11:80040e84,,00930db3,3,"add	x27,x6,x9","s11,t1,s1",
800081d4,fle.s,t5:00000000,,a1d38f53,3,"fle.s	x30,f7,f29","t5,ft7,ft9",
800081d8,fdiv.s,fs9:7fc00000,,19859cd3,3,"fdiv.s	f25,f11,f24","fs9,fa1,fs8",
800081dc,fsgnjx.s,ft10:89e3adfe,,20d7af53,3,"fsgnjx.s	f30,f15,f13","ft10,fa5,fa3",
800081e0,fdiv.s,ft7:7fc00000,,18e273d3,3,"fdiv.s	f7,f4,f14","ft7,ft4,fa4",
800081e4,fmax.s,fa3:4effffff,,280b96d3,3,"fmax.s	f13,f23,f0","fa3,fs7,ft0",
800081e8,fmv.x.w,t4:4bc58036,,e0060ed3,3,"fmv.x.w	x29,f12","t4,fa2",
800081ec,sltiu,gp:00000001,,06c0b193,3,"sltiu	x3,x1,108","gp,ra,108",
800081f0,xor,t2:000001af,,00f9c3b3,3,"xor	x7,x19,x15","t2,s3,a5",
800081f4,sltiu,s2:00000001,,541fb913,3,"sltiu	x18,x31,1345","s2,t6,1345",
800081f8,sra,a6:00000000,,40bf5833,3,"sra	x16,x30,x11","a6,t5,a1",
800081fc,lui,s0:c005a000,,c005a437,3,"lui	x8,0xc005a","s0,0xc005a",
80008200,sll,s4:00000000,,01161a33,3,"sll	x20,x12,x17","s4,a2,a7",
80008204,srl,a2:e0100000,,01a15633,3,"srl	x12,x2,x26","a2,sp,s10",
80008208,fmv.w.x,fa2:00000000,,f0080653,3,"fmv.w.x	f12,x16","fa2,a6",
8000820c,div,s2:ffffffff,,030d4933,3,"div	x18,x26,x16","s2,s10,a6",
80008210,andi,s8:fffff882,,acfcfc13,3,"andi	x24,x25,-1329","s8,s9,-1329",
80008214,mulh,t1:00000000,,02181333,3,"mulh	x6,x16,x1","t1,a6,ra",
80008218,auipc,tp:208af218,,a08a7217,3,"auipc	x4,0xa08a7","tp,0xa08a7",
8000821c,and,t5:00000000,,013a7f33,3,"and	x30,x20,x19","t5,s4,s3",
80008220,andi,s6:0000042c,,42c97b13,3,"andi	x22,x18,1068","s6,s2,1068",
80008224,sltu,a3:00000000,,0144b6b3,3,"sltu	x13,x9,x20","a3,s1,s4",
80008228,sub,gp:fffffbd4,,416f01b3,3,"sub	x3,x30,x22","gp,t5,s6",
8000822c,fsgnj.s,fs11:00000000,,21098dd3,3,"fsgnj.s	f27,f19,f16","fs11,fs3,fa6",
80008230,fmv.x.w,s6:3f800000,,e0070b53,3,"fmv.x.w	x22,f14","s6,fa4",
80008234,sub,s4:ffffffff,,41f30a33,3,"sub	x20,x6,x31","s4,t1,t6",
80008238,fmin.s,ft5:00000e42,,29d682d3,3,"fmin.s	f5,f13,f29","ft5,fa3,ft9",
8000823c,fle.s,s11:00000000,,a05c0dd3,3,"fle.s	x27,f24,f5","s11,fs8,ft5",
80008240,andi,t4:00000000,,b1c07e93,3,"andi	x29,x0,-1252","t4,zero,-1252",
80008244,div,s10:fffffffd,,0228cd33,3,"div	x26,x17,x2","s10,a7,sp",
80008248,sltu,s5:00000000,,010f3ab3,3,"sltu	x21,x30,x16","s5,t5,a6",
8000824c,feq.s,t1:00000000,,a141a353,3,"feq.s	x6,f3,f20","t1,ft3,fs4",
80008250,mulhsu,tp:00000000,,02b0a233,3,"mulhsu	x4,x1,x11","tp,ra,a1",
80008254,fdiv.s,fs8:fa63adfe,,18d7fc53,3,"fdiv.s	f24,f15,f13","fs8,fa5,fa3",
80008258,div,s8:ffffffff,,03decc33,3,"div	x24,x29,x29","s8,t4,t4",
8000825c,auipc,a4:f278425c,,7277c717,3,"auipc	x14,0x7277c","a4,0x7277c",
80008260,remu,t6:00000000,,03e27fb3,3,"remu	x31,x4,x30","t6,tp,t5",
80008264,rem,tp:fffffbd4,,0311e233,3,"rem	x4,x3,x17","tp,gp,a7",
80008268,slti,s0:00000001,,3c0a2413,3,"slti	x8,x20,960","s0,s4,960",
8000826c,fadd.s,ft0:7fc00000,,009dc053,3,"fadd.s	f0,f27,f9","ft0,fs11,fs1",
80008270,andi,a5:00000010,,371cf793,3,"andi	x15,x25,881","a5,s9,881",
80008274,sltiu,a2:00000001,,2947b613,3,"sltiu	x12,x15,660","a2,a5,660",
80008278,mul,s4:00000000,,037a8a33,3,"mul	x20,x21,x23","s4,s5,s7",
8000827c,fsqrt.s,ft5:7fc00000,,580022d3,3,"fsqrt.s	f5,f0","ft5,ft0",
80008280,flt.s,s0:00000001,,a0a79453,3,"flt.s	x8,f15,f10","s0,fa5,fa0",
80008284,mulh,t5:00000000,,02169f33,3,"mulh	x30,x13,x1","t5,a3,ra",
80008288,div,t6:00000000,,03c24fb3,3,"div	x31,x4,x28","t6,tp,t3",
8000828c,slt,t6:00000000,,0029afb3,3,"slt	x31,x19,x2","t6,s3,sp",
80008290,ori,s9:ffffffff,,b13d6c93,3,"ori	x25,x26,-1261","s9,s10,-1261",
80008294,fmv.x.w,a2:c6b40a41,,e0088653,3,"fmv.x.w	x12,f17","a2,fa7",
80008298,slti,s9:00000000,,abd7ac93,3,"slti	x25,x15,-1347","s9,a5,-1347",
8000829c,fle.s,a0:00000000,,a0400553,3,"fle.s	x10,f0,f4","a0,ft0,ft4",
800082a0,remu,t2:fffbefdc,,026bf3b3,3,"remu	x7,x23,x6","t2,s7,t1",
800082a4,remu,s9:00000000,,02707cb3,3,"remu	x25,x0,x7","s9,zero,t2",
800082a8,xor,t6:f7506410,,0145cfb3,3,"xor	x31,x11,x20","t6,a1,s4",
800082b0,fmax.s,fa0:4effffff,,28669553,3,"fmax.s	f10,f13,f6","fa0,fa3,ft6",
800082b4,slli,t1:00000000,,015e9313,3,"slli	x6,x29,0x15","t1,t4,0x15",
800082b8,slti,t4:00000001,,73032e93,3,"slti	x29,x6,1840","t4,t1,1840",
800082bc,fsgnj.s,fs0:7fc00000,,20600453,3,"fsgnj.s	f8,f0,f6","fs0,ft0,ft6",
800082c0,fmax.s,ft0:c6b40a41,,291f9053,3,"fmax.s	f0,f31,f17","ft0,ft11,fa7",
800082c4,addi,gp:fffffc40,,a9298193,3,"addi	x3,x19,-1390","gp,s3,-1390",
800082c8,fmul.s,fa5:7fc00000,,1142f7d3,3,"fmul.s	f15,f5,f20","fa5,ft5,fs4",
800082cc,xor,sp:fffffc40,,003dc133,3,"xor	x2,x27,x3","sp,s11,gp",
800082d0,xor,a4:fffffc40,,01414733,3,"xor	x14,x2,x20","a4,sp,s4",
800082d4,fmv.x.w,s0:00000000,,e0018453,3,"fmv.x.w	x8,f3","s0,ft3",
800082d8,mulhsu,a6:00000000,,02dba833,3,"mulhsu	x16,x23,x13","a6,s7,a3",
800082dc,andi,gp:fffff840,,be677193,3,"andi	x3,x14,-1050","gp,a4,-1050",
800082e0,fsub.s,fa6:7fc00000,,08e39853,3,"fsub.s	f16,f7,f14","fa6,ft7,fa4",
800082ec,sltiu,s0:00000001,,64b0b413,3,"sltiu	x8,x1,1611","s0,ra,1611",
800082f0,mulh,gp:ffffffff,,03c411b3,3,"mulh	x3,x8,x28","gp,s0,t3",
800082f4,add,s7:00000010,,00178bb3,3,"add	x23,x15,x1","s7,a5,ra",
800082f8,and,s9:00000000,,0196fcb3,3,"and	x25,x13,x25","s9,a3,s9",
800082fc,srai,s3:00000000,,40785993,3,"srai	x19,x16,0x7","s3,a6,0x7",
80008300,rem,ra:00000000,,031060b3,3,"rem	x1,x0,x17","ra,zero,a7",
80008304,and,t5:c5b3c118,,01ce7f33,3,"and	x30,x28,x28","t5,t3,t3",
80008308,mul,a5:00000000,,031a87b3,3,"mul	x15,x21,x17","a5,s5,a7",
8000830c,remu,a0:fffffffd,,023d7533,3,"remu	x10,x26,x3","a0,s10,gp",
80008310,slt,t3:00000000,,0099ae33,3,"slt	x28,x19,x9","t3,s3,s1",
80008314,fmin.s,fs9:fa63adfe,,29828cd3,3,"fmin.s	f25,f5,f24","fs9,ft5,fs8",
80008318,ori,a0:c5b3c518,,408f6513,3,"ori	x10,x30,1032","a0,t5,1032",
8000831c,or,s2:c6b40a41,,00cde933,3,"or	x18,x27,x12","s2,s11,a2",
80008320,fle.s,s5:00000001,,a1df0ad3,3,"fle.s	x21,f30,f29","s5,ft10,ft9",
80008324,auipc,s5:ec4c8324,,6c4c0a97,3,"auipc	x21,0x6c4c0","s5,0x6c4c0",
80008328,fcvt.w.s,s4:7fffff80,,c0068a53,3,"fcvt.w.s	x20,f13","s4,fa3",
8000832c,remu,s4:7fffff80,,021a7a33,3,"remu	x20,x20,x1","s4,s4,ra",
80008330,addi,s7:00000635,,635c8b93,3,"addi	x23,x25,1589","s7,s9,1589",
80008334,slti,s0:00000001,,4e42a413,3,"slti	x8,x5,1252","s0,t0,1252",
80008338,div,t3:7ffbf01c,,0234ce33,3,"div	x28,x9,x3","t3,s1,gp",
80008340,fsqrt.s,fs4:473504ab,,58054a53,3,"fsqrt.s	f20,f10","fs4,fa0",
80008344,slli,s4:fff88000,,00971a13,3,"slli	x20,x14,0x9","s4,a4,0x9",
80008348,sltiu,t6:00000000,,59d3bf93,3,"sltiu	x31,x7,1437","t6,t2,1437",
8000834c,fle.s,a6:00000000,,a0fe0853,3,"fle.s	x16,f28,f15","a6,ft8,fa5",
80008350,sra,t3:00000000,,40535e33,3,"sra	x28,x6,x5","t3,t1,t0",
80008354,fcvt.s.w,fs0:00000000,,d00e0453,3,"fcvt.s.w	f8,x28","fs0,t3",
80008358,fcvt.wu.s,s4:ffffffff,,c017fa53,3,"fcvt.wu.s	x20,f15","s4,fa5",
8000835c,fsgnjn.s,fs10:ffc00000,,20f59d53,3,"fsgnjn.s	f26,f11,f15","fs10,fa1,fa5",
80008360,slli,t5:00000000,,01809f13,3,"slli	x30,x1,0x18","t5,ra,0x18",
80008364,fsgnj.s,fa6:7fc00000,,20a30853,3,"fsgnj.s	f16,f6,f10","fa6,ft6,fa0",
80008368,rem,s9:00000000,,02486cb3,3,"rem	x25,x16,x4","s9,a6,tp",
8000836c,rem,s3:ee1b03f9,,035969b3,3,"rem	x19,x18,x21","s3,s2,s5",
80008370,fdiv.s,fs10:7fc00000,,18647d53,3,"fdiv.s	f26,f8,f6","fs10,fs0,ft6",
80008374,sltiu,t3:00000000,,5b793e13,3,"sltiu	x28,x18,1463","t3,s2,1463",
80008378,fcvt.w.s,s2:7fffffff,,c007f953,3,"fcvt.w.s	x18,f15","s2,fa5",
8000837c,rem,a5:3f800000,,026b67b3,3,"rem	x15,x22,x6","a5,s6,t1",
80008380,fmul.s,fs5:7fc00000,,11c47ad3,3,"fmul.s	f21,f8,f28","fs5,fs0,ft8",
80008384,slt,s0:00000000,,015c2433,3,"slt	x8,x24,x21","s0,s8,s5",
8000838c,mulhsu,tp:fb1cfa87,,036aa233,3,"mulhsu	x4,x21,x22","tp,s5,s6",
80008390,fsgnj.s,fs3:7fc00000,,212589d3,3,"fsgnj.s	f19,f11,f18","fs3,fa1,fs2",
80008394,flt.s,t2:00000000,,a0f593d3,3,"flt.s	x7,f11,f15","t2,fa1,fa5",
80008398,fcvt.s.wu,ft2:00000000,,d0103153,3,"fcvt.s.wu	f2,x0","ft2,zero",
8000839c,xori,a6:00000639,,63984813,3,"xori	x16,x16,1593","a6,a6,1593",
800083a0,ori,t6:fffffbed,,bc9aef93,3,"ori	x31,x21,-1079","t6,s5,-1079",
800083a4,add,s11:fffffffc,,018d0db3,3,"add	x27,x26,x24","s11,s10,s8",
800083a8,feq.s,t2:00000000,,a09f23d3,3,"feq.s	x7,f30,f9","t2,ft10,fs1",
800083ac,sub,tp:7be0ffff,,41d88233,3,"sub	x4,x17,x29","tp,a7,t4",
800083b0,andi,s2:00000440,,7e517913,3,"andi	x18,x2,2021","s2,sp,2021",
800083b4,lui,t5:92a25000,,92a25f37,3,"lui	x30,0x92a25","t5,0x92a25",
800083bc,divu,t3:ffffffff,,0200de33,3,"divu	x28,x1,x0","t3,ra,zero",
800083c0,feq.s,s0:00000000,,a15f2453,3,"feq.s	x8,f30,f21","s0,ft10,fs5",
800083c4,sltiu,tp:00000000,,c4adb213,3,"sltiu	x4,x27,-950","tp,s11,-950",
800083c8,slt,a2:00000000,,01ab2633,3,"slt	x12,x22,x26","a2,s6,s10",
800083cc,add,s8:80041024,,00d28c33,3,"add	x24,x5,x13","s8,t0,a3",
800083d0,feq.s,t3:00000000,,a1d92e53,3,"feq.s	x28,f18,f29","t3,fs2,ft9",
800083d4,mulhu,s2:00000000,,03deb933,3,"mulhu	x18,x29,x29","s2,t4,t4",
800083d8,rem,t6:92a25000,,021f6fb3,3,"rem	x31,x30,x1","t6,t5,ra",
800083dc,rem,t6:fffffffc,,039defb3,3,"rem	x31,x27,x25","t6,s11,s9",
800083e0,auipc,s7:ff8c43e0,,7f8bcb97,3,"auipc	x23,0x7f8bc","s7,0x7f8bc",
800083e4,srli,ra:00000000,,0070d093,3,"srli	x1,x1,0x7","ra,ra,0x7",
800083e8,fmv.x.w,s6:00000000,,e00d8b53,3,"fmv.x.w	x22,f27","s6,fs11",
800083ec,auipc,t3:adb483ec,,2db40e17,3,"auipc	x28,0x2db40","t3,0x2db40",
800083f0,or,tp:00000000,,00c3e233,3,"or	x4,x7,x12","tp,t2,a2",
800083f4,ori,a3:adb483ec,,180e6693,3,"ori	x13,x28,384","a3,t3,384",
800083f8,xori,a6:00000340,,cbcfc813,3,"xori	x16,x31,-836","a6,t6,-836",
800083fc,xor,a3:00000000,,007446b3,3,"xor	x13,x8,x7","a3,s0,t2",
80008400,fadd.s,fs0:7fc00000,,01ae8453,3,"fadd.s	f8,f29,f26","fs0,ft9,fs10",
80008404,fmul.s,fs8:7fc00000,,11c2fc53,3,"fmul.s	f24,f5,f28","fs8,ft5,ft8",
80008408,srai,s4:00000000,,41405a13,3,"srai	x20,x0,0x14","s4,zero,0x14",
8000840c,slt,a2:00000001,,0105a633,3,"slt	x12,x11,x16","a2,a1,a6",
80008410,fadd.s,fa4:7fc00000,,0162f753,3,"fadd.s	f14,f5,f22","fa4,ft5,fs6",
80008414,srli,s6:00000000,,002a5b13,3,"srli	x22,x20,0x2","s6,s4,0x2",
80008418,fdiv.s,ft5:7fc00000,,190e42d3,3,"fdiv.s	f5,f28,f16","ft5,ft8,fa6",
8000841c,mulhu,s8:56dd03bb,,03cc3c33,3,"mulhu	x24,x24,x28","s8,s8,t3",
80008420,fcvt.w.s,s3:7fffffff,,c00f99d3,3,"fcvt.w.s	x19,f31","s3,ft11",
80008428,xor,t4:800003bf,,0029ceb3,3,"xor	x29,x19,x2","t4,s3,sp",
8000842c,or,a7:fffffffc,,01f7e8b3,3,"or	x17,x15,x31","a7,a5,t6",
80008430,divu,s2:00000000,,02ae5933,3,"divu	x18,x28,x10","s2,t3,a0",
80008434,sltiu,s7:00000000,,21de3b93,3,"sltiu	x23,x28,541","s7,t3,541",
80008438,remu,s2:3f800000,,0217f933,3,"remu	x18,x15,x1","s2,a5,ra",
8000843c,feq.s,s6:00000000,,a192ab53,3,"feq.s	x22,f5,f25","s6,ft5,fs9",
80008440,flt.s,s0:00000000,,a01a9453,3,"flt.s	x8,f21,f1","s0,fs5,ft1",
80008444,fclass.s,a5:00000040,,e00697d3,3,"fclass.s	x15,f13","a5,fa3",
80008448,fsub.s,ft4:7fc00000,,0848f253,3,"fsub.s	f4,f17,f4","ft4,fa7,ft4",
8000844c,srl,s7:0f750641,,0155dbb3,3,"srl	x23,x11,x21","s7,a1,s5",
80008450,auipc,a5:c7757450,,4774f797,3,"auipc	x15,0x4774f","a5,0x4774f",
80008454,mulhu,s8:00000000,,02b03c33,3,"mulhu	x24,x0,x11","s8,zero,a1",
80008458,srl,a5:00000001,,0138d7b3,3,"srl	x15,x17,x19","a5,a7,s3",
8000845c,mulhu,t5:92a24ffd,,03e8bf33,3,"mulhu	x30,x17,x30","t5,a7,t5",
80008460,fcvt.s.w,ft11:cd0af9bf,,d0059fd3,3,"fcvt.s.w	f31,x11","ft11,a1",
80008464,slti,a2:00000001,,068c2613,3,"slti	x12,x24,104","a2,s8,104",
80008468,and,a4:800003ac,,01de7733,3,"and	x14,x28,x29","a4,t3,t4",
8000846c,mulhu,t4:00000000,,02d03eb3,3,"mulhu	x29,x0,x13","t4,zero,a3",
80008470,slti,s4:00000001,,43a22a13,3,"slti	x20,x4,1082","s4,tp,1082",
80008474,srl,a5:0000000f,,011d57b3,3,"srl	x15,x26,x17","a5,s10,a7",
80008478,fcvt.wu.s,a6:00000000,,c01ea853,3,"fcvt.wu.s	x16,f29","a6,ft9",
8000847c,div,s8:ffffffff,,0389cc33,3,"div	x24,x19,x24","s8,s3,s8",
80008480,fmul.s,fs4:7fc00000,,11e43a53,3,"fmul.s	f20,f8,f30","fs4,fs0,ft10",
80008484,div,s0:00000001,,03c74433,3,"div	x8,x14,x28","s0,a4,t3",
80008488,addi,t6:fffffab2,,ab220f93,3,"addi	x31,x4,-1358","t6,tp,-1358",
8000848c,fadd.s,ft9:7fc00000,,00cc7ed3,3,"fadd.s	f29,f24,f12","ft9,fs8,fa2",
80008490,auipc,s7:28e44490,,a8e3cb97,3,"auipc	x23,0xa8e3c","s7,0xa8e3c",
80008494,slti,a2:00000001,,3d142613,3,"slti	x12,x8,977","a2,s0,977",
80008498,fmin.s,ft5:89e3adfe,,298f02d3,3,"fmin.s	f5,f30,f24","ft5,ft10,fs8",
8000849c,fmul.s,fa4:7fc00000,,11aa4753,3,"fmul.s	f14,f20,f26","fa4,fs4,fs10",
800084a0,fmul.s,fa2:7fc00000,,111c4653,3,"fmul.s	f12,f24,f17","fa2,fs8,fa7",
800084a4,addi,t1:fffffd9b,,d9fd8313,3,"addi	x6,x27,-609","t1,s11,-609",
800084a8,mulh,s2:00000001,,03b29933,3,"mulh	x18,x5,x27","s2,t0,s11",
800084ac,fsub.s,fs9:ceffffff,,08d1ccd3,3,"fsub.s	f25,f3,f13","fs9,ft3,fa3",
800084b0,mulh,sp:00000000,,02bc9133,3,"mulh	x2,x25,x11","sp,s9,a1",
800084b4,fle.s,a4:00000000,,a1fe8753,3,"fle.s	x14,f29,f31","a4,ft9,ft11",
800084b8,sltu,t6:00000001,,01fb3fb3,3,"sltu	x31,x22,x31","t6,s6,t6",
800084bc,slti,sp:00000000,,92aa2113,3,"slti	x2,x20,-1750","sp,s4,-1750",
800084c0,srai,s3:ffffffff,,41bc5993,3,"srai	x19,x24,0x1b","s3,s8,0x1b",
800084c4,mulh,s7:ffffffff,,03179bb3,3,"mulh	x23,x15,x17","s7,a5,a7",
800084c8,srl,a3:00000001,,0174d6b3,3,"srl	x13,x9,x23","a3,s1,s7",
800084cc,addi,a0:ffffffd9,,fddd8513,3,"addi	x10,x27,-35","a0,s11,-35",
800084d0,sltiu,a6:00000000,,814bb813,3,"sltiu	x16,x23,-2028","a6,s7,-2028",
800084d8,mulhsu,s10:ffffffff,,028d2d33,3,"mulhsu	x26,x26,x8","s10,s10,s0",
800084e0,fmax.s,fs0:7fc00000,,294c1453,3,"fmax.s	f8,f24,f20","fs0,fs8,fs4",
800084e4,fcvt.s.w,ft0:00000000,,d0013053,3,"fcvt.s.w	f0,x2","ft0,sp",
800084e8,srli,s3:00000000,,00fcd993,3,"srli	x19,x25,0xf","s3,s9,0xf",
800084ec,mulhu,tp:00000000,,03fdb233,3,"mulhu	x4,x27,x31","tp,s11,t6",
800084f0,fmin.s,fs9:7fc00000,,294b0cd3,3,"fmin.s	f25,f22,f20","fs9,fs6,fs4",
800084f4,fsub.s,fa4:7fc00000,,08a67753,3,"fsub.s	f14,f12,f10","fa4,fa2,fa0",
800084fc,fsgnjx.s,fs3:7fc00000,,2033a9d3,3,"fsgnjx.s	f19,f7,f3","fs3,ft7,ft3",
80008500,fmul.s,ft0:7fc00000,,10792053,3,"fmul.s	f0,f18,f7","ft0,fs2,ft7",
80008504,ori,ra:000007b9,,7b86e093,3,"ori	x1,x13,1976","ra,a3,1976",
80008508,sub,t1:fffff847,,401e8333,3,"sub	x6,x29,x1","t1,t4,ra",
8000850c,fcvt.s.wu,ft0:4f7fffff,,d01df053,3,"fcvt.s.wu	f0,x27","ft0,s11",
80008510,srl,a6:00000008,,01b2d833,3,"srl	x16,x5,x27","a6,t0,s11",
80008514,divu,a2:00000000,,03415633,3,"divu	x12,x2,x20","a2,sp,s4",
80008518,mul,s10:ffffffff,,03868d33,3,"mul	x26,x13,x24","s10,a3,s8",
8000851c,fadd.s,fs9:7fc00000,,00334cd3,3,"fadd.s	f25,f6,f3","fs9,ft6,ft3",
80008520,add,t5:00000001,,01f38f33,3,"add	x30,x7,x31","t5,t2,t6",
80008524,fmv.x.w,a7:7fc00000,,e00488d3,3,"fmv.x.w	x17,f9","a7,fs1",
80008528,mulhu,t1:00000000,,022b3333,3,"mulhu	x6,x22,x2","t1,s6,sp",
8000852c,divu,t6:00000000,,02acdfb3,3,"divu	x31,x25,x10","t6,s9,a0",
80008530,mul,s8:00000000,,027a0c33,3,"mul	x24,x20,x7","s8,s4,t2",
80008534,xor,t5:00000000,,007b4f33,3,"xor	x30,x22,x7","t5,s6,t2",
80008538,fsqrt.s,ft0:00000000,,580df053,3,"fsqrt.s	f0,f27","ft0,fs11",
8000853c,div,s7:ffffffff,,03854bb3,3,"div	x23,x10,x24","s7,a0,s8",
80008540,fmax.s,ft0:7fc00000,,29871053,3,"fmax.s	f0,f14,f24","ft0,fa4,fs8",
80008544,mulhu,s7:00000000,,0262bbb3,3,"mulhu	x23,x5,x6","s7,t0,t1",
80008548,mulhu,s5:00000000,,03943ab3,3,"mulhu	x21,x8,x25","s5,s0,s9",
8000854c,fcvt.s.wu,fa2:4f00040f,,d014f653,3,"fcvt.s.wu	f12,x9","fa2,s1",
80008550,addi,s5:0000047e,,47d40a93,3,"addi	x21,x8,1149","s5,s0,1149",
80008554,srli,ra:00000000,,009f5093,3,"srli	x1,x30,0x9","ra,t5,0x9",
80008558,fsub.s,ft5:7fc00000,,099a32d3,3,"fsub.s	f5,f20,f25","ft5,fs4,fs9",
8000855c,fadd.s,ft3:7fc00000,,005801d3,3,"fadd.s	f3,f16,f5","ft3,fa6,ft5",
80008560,xori,s11:00000191,,19114d93,3,"xori	x27,x2,401","s11,sp,401",
80008564,fdiv.s,ft0:7fc00000,,18f2f053,3,"fdiv.s	f0,f5,f15","ft0,ft5,fa5",
80008568,and,s10:00000001,,01497d33,3,"and	x26,x18,x20","s10,s2,s4",
8000856c,fmul.s,fs1:80000000,,11b8f4d3,3,"fmul.s	f9,f17,f27","fs1,fa7,fs11",
80008570,fsgnjn.s,ft0:ffc00000,,202d1053,3,"fsgnjn.s	f0,f26,f2","ft0,fs10,ft2",
80008574,auipc,t1:c8bbf574,,48bb7317,3,"auipc	x6,0x48bb7","t1,0x48bb7",
80008578,fclass.s,s5:00000200,,e0079ad3,3,"fclass.s	x21,f15","s5,fa5",
8000857c,fsub.s,fa1:c881e000,,08c575d3,3,"fsub.s	f11,f10,f12","fa1,fa0,fa2",
80008580,feq.s,a0:00000000,,a1eba553,3,"feq.s	x10,f23,f30","a0,fs7,ft10",
80008584,fsub.s,ft5:7fc00000,,09a492d3,3,"fsub.s	f5,f9,f26","ft5,fs1,fs10",
80008588,div,a0:c8bbf574,,03234533,3,"div	x10,x6,x18","a0,t1,s2",
8000858c,rem,a5:00000000,,028ee7b3,3,"rem	x15,x29,x8","a5,t4,s0",
80008590,fle.s,s7:00000000,,a0368bd3,3,"fle.s	x23,f13,f3","s7,fa3,ft3",
80008594,auipc,t2:98e7a594,,18e72397,3,"auipc	x7,0x18e72","t2,0x18e72",
80008598,fsgnjx.s,fa0:00000000,,20c12553,3,"fsgnjx.s	f10,f2,f12","fa0,ft2,fa2",
800085a0,mulhsu,gp:00000000,,028fa1b3,3,"mulhsu	x3,x31,x8","gp,t6,s0",
800085a4,srl,s11:00000001,,00ea5db3,3,"srl	x27,x20,x14","s11,s4,a4",
800085a8,fsgnjn.s,fs2:c6b40a41,,21689953,3,"fsgnjn.s	f18,f17,f22","fs2,fa7,fs6",
800085ac,fdiv.s,fs5:7fc00000,,18ba7ad3,3,"fdiv.s	f21,f20,f11","fs5,fs4,fa1",
800085b0,divu,a5:00000000,,025757b3,3,"divu	x15,x14,x5","a5,a4,t0",
800085b4,remu,a4:00000000,,02dbf733,3,"remu	x14,x23,x13","a4,s7,a3",
800085b8,xori,t3:00000479,,478d4e13,3,"xori	x28,x26,1144","t3,s10,1144",
800085bc,fcvt.s.w,ft1:4eff8000,,d008f0d3,3,"fcvt.s.w	f1,x17","ft1,a7",
800085c0,fcvt.wu.s,ra:00000000,,c01f70d3,3,"fcvt.wu.s	x1,f30","ra,ft10",
800085c4,remu,sp:00000001,,039df133,3,"remu	x2,x27,x25","sp,s11,s9",
800085c8,mulhsu,a2:000002ab,,027e2633,3,"mulhsu	x12,x28,x7","a2,t3,t2",
800085cc,fcvt.s.wu,fs9:00000000,,d01fccd3,3,"fcvt.s.wu	f25,x31","fs9,t6",
800085d0,rem,a6:00000001,,02416833,3,"rem	x16,x2,x4","a6,sp,tp",
800085d4,slti,t6:00000000,,eac0af93,3,"slti	x31,x1,-340","t6,ra,-340",
800085d8,fle.s,s8:00000001,,a1b90c53,3,"fle.s	x24,f18,f27","s8,fs2,fs11",
800085dc,slt,tp:00000000,,01df2233,3,"slt	x4,x30,x29","tp,t5,t4",
800085e0,fmax.s,ft9:89e3adfe,,284f1ed3,3,"fmax.s	f29,f30,f4","ft9,ft10,ft4",
800085e4,srli,t2:00000000,,01cd5393,3,"srli	x7,x26,0x1c","t2,s10,0x1c",
800085e8,mulhsu,a7:00000000,,03bd28b3,3,"mulhsu	x17,x26,x27","a7,s10,s11",
800085ec,fmul.s,fa0:4fb6ad68,,1115f553,3,"fmul.s	f10,f11,f17","fa0,fa1,fa7",
800085f0,addi,tp:fffff826,,82600213,3,"addi	x4,x0,-2010","tp,zero,-2010",
800085f4,srl,t4:00000000,,01895eb3,3,"srl	x29,x18,x24","t4,s2,s8",
800085f8,slti,s7:00000000,,94f7ab93,3,"slti	x23,x15,-1713","s7,a5,-1713",
800085fc,xori,gp:fffffa6a,,a6a0c193,3,"xori	x3,x1,-1430","gp,ra,-1430",
80008600,sltu,s4:00000000,,0176ba33,3,"sltu	x20,x13,x23","s4,a3,s7",
80008604,add,a2:f7506410,,00e58633,3,"add	x12,x11,x14","a2,a1,a4",
80008608,add,t3:c8bbf575,,006c0e33,3,"add	x28,x24,x6","t3,s8,t1",
8000860c,rem,a7:00000200,,03eae8b3,3,"rem	x17,x21,x30","a7,s5,t5",
80008610,fsgnjn.s,ft11:7fc00000,,21e79fd3,3,"fsgnjn.s	f31,f15,f30","ft11,fa5,ft10",
80008614,fsgnjx.s,fa2:7fc00000,,21f9a653,3,"fsgnjx.s	f12,f19,f31","fa2,fs3,ft11",
80008618,fmul.s,ft9:80000000,,1174aed3,3,"fmul.s	f29,f9,f23","ft9,fs1,fs7",
80008620,remu,tp:80041024,,0332f233,3,"remu	x4,x5,x19","tp,t0,s3",
80008624,fsgnj.s,ft4:80000000,,21210253,3,"fsgnj.s	f4,f2,f18","ft4,ft2,fs2",
80008628,mulh,a3:00000000,,034e96b3,3,"mulh	x13,x29,x20","a3,t4,s4",
8000862c,div,t2:ffffffff,,034243b3,3,"div	x7,x4,x20","t2,tp,s4",
80008630,feq.s,t2:00000000,,a0cc23d3,3,"feq.s	x7,f24,f12","t2,fs8,fa2",
80008634,fmul.s,ft10:7fc00000,,11833f53,3,"fmul.s	f30,f6,f24","ft10,ft6,fs8",
80008638,fsgnjx.s,ft7:7fc00000,,21b823d3,3,"fsgnjx.s	f7,f16,f27","ft7,fa6,fs11",
8000863c,fadd.s,ft3:80000000,,004df1d3,3,"fadd.s	f3,f27,f4","ft3,fs11,ft4",
80008640,fcvt.wu.s,s11:ffffffff,,c0177dd3,3,"fcvt.wu.s	x27,f14","s11,fa4",
80008644,add,a5:80041224,,015287b3,3,"add	x15,x5,x21","a5,t0,s5",
80008648,lui,sp:35e9a000,,35e9a137,3,"lui	x2,0x35e9a","sp,0x35e9a",
8000864c,sub,s0:37440a8c,,40a00433,3,"sub	x8,x0,x10","s0,zero,a0",
80008650,fmv.x.w,a4:4eff8000,,e0008753,3,"fmv.x.w	x14,f1","a4,ft1",
80008654,srai,a3:fffba832,,4095d693,3,"srai	x13,x11,0x9","a3,a1,0x9",
80008658,fmin.s,fs8:80000000,,29d28c53,3,"fmin.s	f24,f5,f29","fs8,ft5,ft9",
8000865c,addi,a4:f7506516,,10660713,3,"addi	x14,x12,262","a4,a2,262",
80008660,srl,a5:00000000,,00c3d7b3,3,"srl	x15,x7,x12","a5,t2,a2",
80008664,xor,sp:fffba832,,0166c133,3,"xor	x2,x13,x22","sp,a3,s6",
80008668,srl,t5:00000000,,0009df33,3,"srl	x30,x19,x0","t5,s3,zero",
8000866c,add,a7:80041024,,005c88b3,3,"add	x17,x25,x5","a7,s9,t0",
80008670,sra,a6:00000000,,419f5833,3,"sra	x16,x30,x25","a6,t5,s9",
80008674,and,t2:00000000,,01ab73b3,3,"and	x7,x22,x26","t2,s6,s10",
80008678,mul,tp:00000000,,03fc8233,3,"mul	x4,x25,x31","tp,s9,t6",
8000867c,rem,s5:00000000,,037f6ab3,3,"rem	x21,x30,x23","s5,t5,s7",
80008680,rem,tp:ee8c253a,,03c8e233,3,"rem	x4,x17,x28","tp,a7,t3",
80008684,srli,t4:0000f750,,01075e93,3,"srli	x29,x14,0x10","t4,a4,0x10",
80008688,fsgnjn.s,fa0:ffc00000,,21e99553,3,"fsgnjn.s	f10,f19,f30","fa0,fs3,ft10",
8000868c,sll,s7:00000001,,01091bb3,3,"sll	x23,x18,x16","s7,s2,a6",
80008690,fcvt.w.s,t5:00000000,,c001af53,3,"fcvt.w.s	x30,f3","t5,ft3",
80008694,fsgnjn.s,ft7:c881e000,,20e593d3,3,"fsgnjn.s	f7,f11,f14","ft7,fa1,fa4",
80008698,slli,s7:00000000,,008a9b93,3,"slli	x23,x21,0x8","s7,s5,0x8",
8000869c,sltiu,s7:00000001,,2dd7bb93,3,"sltiu	x23,x15,733","s7,a5,733",
800086a0,div,a6:c8bbf574,,03834833,3,"div	x16,x6,x24","a6,t1,s8",
800086a4,mulhu,tp:00000000,,03c7b233,3,"mulhu	x4,x15,x28","tp,a5,t3",
800086a8,fcvt.wu.s,sp:ffffffff,,c0147153,3,"fcvt.wu.s	x2,f8","sp,fs0",
800086ac,fsgnjx.s,fs3:c6b40a41,,212ba9d3,3,"fsgnjx.s	f19,f23,f18","fs3,fs7,fs2",
800086b0,remu,a0:00000000,,033a7533,3,"remu	x10,x20,x19","a0,s4,s3",
800086b8,fsqrt.s,ft8:00000000,,58017e53,3,"fsqrt.s	f28,f2","ft8,ft2",
800086bc,mulhu,a3:00000000,,031a36b3,3,"mulhu	x13,x20,x17","a3,s4,a7",
800086c0,fsqrt.s,fs6:7fc00000,,58037b53,3,"fsqrt.s	f22,f6","fs6,ft6",
800086c4,remu,a4:00000000,,0210f733,3,"remu	x14,x1,x1","a4,ra,ra",
800086c8,auipc,tp:06a3f6c8,,86a37217,3,"auipc	x4,0x86a37","tp,0x86a37",
800086cc,lui,a0:cb62f000,,cb62f537,3,"lui	x10,0xcb62f","a0,0xcb62f",
800086d0,sra,t3:00000000,,402d5e33,3,"sra	x28,x26,x2","t3,s10,sp",
800086d4,fsgnjn.s,ft2:7fc00000,,209d1153,3,"fsgnjn.s	f2,f26,f9","ft2,fs10,fs1",
800086d8,fmv.w.x,fa3:00000000,,f00086d3,3,"fmv.w.x	f13,x1","fa3,ra",
800086dc,fdiv.s,fa6:7fc00000,,186c7853,3,"fdiv.s	f16,f24,f6","fa6,fs8,ft6",
800086e0,fmul.s,fs5:7fc00000,,10487ad3,3,"fmul.s	f21,f16,f4","fs5,fa6,ft4",
800086e4,add,s8:ffffffff,,01910c33,3,"add	x24,x2,x25","s8,sp,s9",
800086e8,fclass.s,t4:00000008,,e0019ed3,3,"fclass.s	x29,f3","t4,ft3",
800086ec,fcvt.s.w,fs3:3f800000,,d00d79d3,3,"fcvt.s.w	f19,x26","fs3,s10",
800086f0,mulhsu,s7:00000000,,03322bb3,3,"mulhsu	x23,x4,x19","s7,tp,s3",
800086f8,fcvt.wu.s,tp:ffffffff,,c01f1253,3,"fcvt.wu.s	x4,f30","tp,ft10",
800086fc,mulh,t2:00000000,,021613b3,3,"mulh	x7,x12,x1","t2,a2,ra",
80008700,fmv.x.w,tp:00000000,,e0068253,3,"fmv.x.w	x4,f13","tp,fa3",
80008704,rem,gp:ffffffff,,02bde1b3,3,"rem	x3,x27,x11","gp,s11,a1",
80008708,slt,s6:00000000,,0101ab33,3,"slt	x22,x3,x16","s6,gp,a6",
8000870c,fsgnj.s,ft8:00000000,,205e8e53,3,"fsgnj.s	f28,f29,f5","ft8,ft9,ft5",
80008710,addi,a4:c8bbf922,,3ae30713,3,"addi	x14,x6,942","a4,t1,942",
80008714,fsgnj.s,ft8:ceff8000,,21d08e53,3,"fsgnj.s	f28,f1,f29","ft8,ft1,ft9",
80008718,add,a4:37440a8c,,01640733,3,"add	x14,x8,x22","a4,s0,s6",
8000871c,fle.s,s2:00000000,,a03f0953,3,"fle.s	x18,f30,f3","s2,ft10,ft3",
80008720,andi,t2:00000000,,a3de7393,3,"andi	x7,x28,-1475","t2,t3,-1475",
80008724,slti,t5:00000001,,32462f13,3,"slti	x30,x12,804","t5,a2,804",
80008728,sltu,t6:00000000,,001dbfb3,3,"sltu	x31,x27,x1","t6,s11,ra",
8000872c,mulhsu,s3:00000000,,026a29b3,3,"mulhsu	x19,x20,x6","s3,s4,t1",
80008730,sltiu,s8:00000001,,54403c13,3,"sltiu	x24,x0,1348","s8,zero,1348",
80008734,fadd.s,fs6:00000000,,001e7b53,3,"fadd.s	f22,f28,f1","fs6,ft8,ft1",
80008738,sltu,s2:00000000,,013cb933,3,"sltu	x18,x25,x19","s2,s9,s3",
8000873c,div,a7:00000000,,03df48b3,3,"div	x17,x30,x29","a7,t5,t4",
80008740,sra,a0:ffffffff,,40715533,3,"sra	x10,x2,x7","a0,sp,t2",
80008744,ori,s2:fffffc49,,c49e6913,3,"ori	x18,x28,-951","s2,t3,-951",
80008748,or,s4:fffffc49,,01396a33,3,"or	x20,x18,x19","s4,s2,s3",
8000874c,fmax.s,fa1:4eff8000,,283095d3,3,"fmax.s	f11,f1,f3","fa1,ft1,ft3",
80008750,auipc,a3:d6d1e750,,56d16697,3,"auipc	x13,0x56d16","a3,0x56d16",
80008754,ori,a0:f75067be,,3be66513,3,"ori	x10,x12,958","a0,a2,958",
80008758,auipc,t1:6426c758,,e4264317,3,"auipc	x6,0xe4264","t1,0xe4264",
8000875c,slt,ra:00000001,,0082a0b3,3,"slt	x1,x5,x8","ra,t0,s0",
80008764,srl,s6:00000000,,018adb33,3,"srl	x22,x21,x24","s6,s5,s8",
80008768,sltu,s6:00000001,,00cbbb33,3,"sltu	x22,x23,x12","s6,s7,a2",
8000876c,fcvt.s.wu,ft9:4f775064,,d0159ed3,3,"fcvt.s.wu	f29,x11","ft9,a1",
80008770,mulhsu,sp:00000004,,029ea133,3,"mulhsu	x2,x29,x9","sp,t4,s1",
80008774,srai,s6:00000000,,41405b13,3,"srai	x22,x0,0x14","s6,zero,0x14",
80008778,fcvt.s.wu,fs9:00000000,,d0107cd3,3,"fcvt.s.wu	f25,x0","fs9,zero",
8000877c,flt.s,ra:00000000,,a08a90d3,3,"flt.s	x1,f21,f8","ra,fs5,fs0",
80008780,div,ra:00000000,,02cf40b3,3,"div	x1,x30,x12","ra,t5,a2",
80008784,slt,a4:00000001,,00052733,3,"slt	x14,x10,x0","a4,a0,zero",
80008788,srl,a4:00000000,,00345733,3,"srl	x14,x8,x3","a4,s0,gp",
8000878c,fsgnjn.s,fs1:80000000,,20d194d3,3,"fsgnjn.s	f9,f3,f13","fs1,ft3,fa3",
80008790,xori,a0:fffffc3a,,c3a0c513,3,"xori	x10,x1,-966","a0,ra,-966",
80008794,sltiu,t3:00000001,,f152be13,3,"sltiu	x28,x5,-235","t3,t0,-235",
80008798,mul,t5:00000000,,033b8f33,3,"mul	x30,x23,x19","t5,s7,s3",
8000879c,slli,a3:00000000,,013c9693,3,"slli	x13,x25,0x13","a3,s9,0x13",
800087a4,fadd.s,ft6:c6b40a41,,012b0353,3,"fadd.s	f6,f22,f18","ft6,fs6,fs2",
800087ac,divu,t2:00000000,,03c8d3b3,3,"divu	x7,x17,x28","t2,a7,t3",
800087b0,and,a4:00000000,,01857733,3,"and	x14,x10,x24","a4,a0,s8",
800087b4,fmv.w.x,fa6:00000000,,f0000853,3,"fmv.w.x	f16,x0","fa6,zero",
800087b8,fsub.s,fs0:46b40a41,,08621453,3,"fsub.s	f8,f4,f6","fs0,ft4,ft6",
800087bc,rem,gp:00000008,,021ee1b3,3,"rem	x3,x29,x1","gp,t4,ra",
800087c0,sra,s9:ffffff80,,4064dcb3,3,"sra	x25,x9,x6","s9,s1,t1",
800087c4,fcvt.w.s,a5:7fffffff,,c00527d3,3,"fcvt.w.s	x15,f10","a5,fa0",
800087c8,sub,t3:ffffffc0,,40548e33,3,"sub	x28,x9,x5","t3,s1,t0",
800087cc,fle.s,a6:00000000,,a0508853,3,"fle.s	x16,f1,f5","a6,ft1,ft5",
800087d0,srli,s0:000000ff,,01895413,3,"srli	x8,x18,0x18","s0,s2,0x18",
800087d4,fclass.s,sp:00000200,,e00d1153,3,"fclass.s	x2,f26","sp,fs10",
800087d8,fmv.w.x,fs2:00000008,,f0018953,3,"fmv.w.x	f18,x3","fs2,gp",
800087dc,xori,t2:00000026,,02eec393,3,"xori	x7,x29,46","t2,t4,46",
800087e0,fmin.s,ft7:c6b40a41,,29f303d3,3,"fmin.s	f7,f6,f31","ft7,ft6,ft11",
800087e4,andi,t4:fffff800,,86bcfe93,3,"andi	x29,x25,-1941","t4,s9,-1941",
800087e8,fsgnjx.s,ft1:00000008,,202920d3,3,"fsgnjx.s	f1,f18,f2","ft1,fs2,ft2",
800087ec,fmv.w.x,ft0:00000026,,f0038053,3,"fmv.w.x	f0,x7","ft0,t2",
800087f0,fmul.s,ft6:de7f0040,,10be7353,3,"fmul.s	f6,f28,f11","ft6,ft8,fa1",
800087f4,divu,s6:00000000,,03875b33,3,"divu	x22,x14,x24","s6,a4,s8",
800087f8,fsqrt.s,fs5:4317ce51,,580b8ad3,3,"fsqrt.s	f21,f23","fs5,fs7",
800087fc,rem,t2:00000000,,024b63b3,3,"rem	x7,x22,x4","t2,s6,tp",
80008800,feq.s,a7:00000000,,a0fda8d3,3,"feq.s	x17,f27,f15","a7,fs11,fa5",
80008804,fclass.s,a3:00000010,,e00c96d3,3,"fclass.s	x13,f25","a3,fs9",
80008808,srl,t1:00000000,,00ac5333,3,"srl	x6,x24,x10","t1,s8,a0",
8000880c,fmax.s,ft11:00000000,,29fb1fd3,3,"fmax.s	f31,f22,f31","ft11,fs6,ft11",
80008810,and,gp:00000000,,000371b3,3,"and	x3,x6,x0","gp,t1,zero",
80008814,remu,sp:00000000,,02a57133,3,"remu	x2,x10,x10","sp,a0,a0",
80008818,fmin.s,ft9:7fc00000,,28570ed3,3,"fmin.s	f29,f14,f5","ft9,fa4,ft5",
8000881c,andi,a4:00000448,,6ec97713,3,"andi	x14,x18,1772","a4,s2,1772",
80008820,mul,s2:08af9bf0,,03b58933,3,"mul	x18,x11,x27","s2,a1,s11",
80008824,divu,s8:00000000,,0321dc33,3,"divu	x24,x3,x18","s8,gp,s2",
80008828,fmv.x.w,s0:00000008,,e0008453,3,"fmv.x.w	x8,f1","s0,ft1",
8000882c,fcvt.s.wu,fa2:00000000,,d0107653,3,"fcvt.s.wu	f12,x0","fa2,zero",
80008830,fcvt.wu.s,s10:00000000,,c01dfd53,3,"fcvt.wu.s	x26,f27","s10,fs11",
80008834,srai,a4:ffffffff,,40bcd713,3,"srai	x14,x25,0xb","a4,s9,0xb",
80008838,mulhu,s2:00000000,,028ab933,3,"mulhu	x18,x21,x8","s2,s5,s0",
8000883c,fsub.s,ft3:7fc00000,,08d531d3,3,"fsub.s	f3,f10,f13","ft3,fa0,fa3",
80008840,fle.s,s3:00000001,,a04d89d3,3,"fle.s	x19,f27,f4","s3,fs11,ft4",
80008844,mulhsu,sp:00000000,,036c2133,3,"mulhsu	x2,x24,x22","sp,s8,s6",
80008848,fsgnjn.s,fa3:80000026,,213016d3,3,"fsgnjn.s	f13,f0,f19","fa3,ft0,fs3",
8000884c,fcvt.s.w,ft0:00000000,,d008c053,3,"fcvt.s.w	f0,x17","ft0,a7",
80008850,slli,s3:00000000,,002f1993,3,"slli	x19,x30,0x2","s3,t5,0x2",
80008854,fsgnjx.s,fa3:4317ce51,,213aa6d3,3,"fsgnjx.s	f13,f21,f19","fa3,fs5,fs3",
8000885c,fsgnj.s,fs8:7fc00000,,20878c53,3,"fsgnj.s	f24,f15,f8","fs8,fa5,fs0",
80008860,slti,t3:00000001,,f1ba2e13,3,"slti	x28,x20,-229","t3,s4,-229",
80008864,fcvt.s.wu,fs0:00000000,,d01ff453,3,"fcvt.s.wu	f8,x31","fs0,t6",
80008868,xor,gp:7ffbefa4,,005cc1b3,3,"xor	x3,x25,x5","gp,s9,t0",
8000886c,sltiu,ra:00000001,,168c3093,3,"sltiu	x1,x24,360","ra,s8,360",
80008870,sltu,a0:00000001,,0196b533,3,"sltu	x10,x13,x25","a0,a3,s9",
80008874,and,sp:00000001,,00177133,3,"and	x2,x14,x1","sp,a4,ra",
80008878,fdiv.s,fa7:7fc00000,,181a18d3,3,"fdiv.s	f17,f20,f1","fa7,fs4,ft1",
8000887c,flt.s,s8:00000001,,a1201c53,3,"flt.s	x24,f0,f18","s8,ft0,fs2",
80008880,fsgnj.s,fs10:4eff8000,,21fe0d53,3,"fsgnj.s	f26,f28,f31","fs10,ft8,ft11",
80008884,ori,s11:ffffffff,,2b8ded93,3,"ori	x27,x27,696","s11,s11,696",
80008888,fcvt.wu.s,a3:00000000,,c01c96d3,3,"fcvt.wu.s	x13,f25","a3,fs9",
8000888c,rem,a0:00000000,,020d6533,3,"rem	x10,x26,x0","a0,s10,zero",
80008890,ori,a4:fffffeff,,efe16713,3,"ori	x14,x2,-258","a4,sp,-258",
80008894,fmul.s,ft10:d633b03c,,117e0f53,3,"fmul.s	f30,f28,f23","ft10,ft8,fs7",
80008898,sra,s2:00000001,,40dc5933,3,"sra	x18,x24,x13","s2,s8,a3",
8000889c,slti,s2:00000001,,59072913,3,"slti	x18,x14,1424","s2,a4,1424",
800088a0,xor,sp:00000001,,00ac4133,3,"xor	x2,x24,x10","sp,s8,a0",
800088a4,add,a2:80000000,,00278633,3,"add	x12,x15,x2","a2,a5,sp",
800088a8,div,t4:ffffffff,,0369ceb3,3,"div	x29,x19,x22","t4,s3,s6",
800088b0,fmv.w.x,fs7:00000000,,f00d0bd3,3,"fmv.w.x	f23,x26","fs7,s10",
800088b4,sll,t2:00000001,,000913b3,3,"sll	x7,x18,x0","t2,s2,zero",
800088b8,srli,ra:00ffffff,,0077d093,3,"srli	x1,x15,0x7","ra,a5,0x7",
800088bc,fmin.s,fs9:00000000,,28c28cd3,3,"fmin.s	f25,f5,f12","fs9,ft5,fa2",
800088c0,fmv.w.x,ft10:00000001,,f00e0f53,3,"fmv.w.x	f30,x28","ft10,t3",
800088c4,flt.s,a5:00000000,,a02c17d3,3,"flt.s	x15,f24,f2","a5,fs8,ft2",
800088c8,fclass.s,s7:00000040,,e0099bd3,3,"fclass.s	x23,f19","s7,fs3",
800088cc,ori,t3:000003eb,,3eb9ee13,3,"ori	x28,x19,1003","t3,s3,1003",
800088d0,mulh,a0:00000000,,03b69533,3,"mulh	x10,x13,x27","a0,a3,s11",
800088d4,fmin.s,fa6:3f800000,,29378853,3,"fmin.s	f16,f15,f19","fa6,fa5,fs3",
800088d8,srli,a6:03ffdf7d,,0051d813,3,"srli	x16,x3,0x5","a6,gp,0x5",
800088dc,flt.s,a3:00000000,,a1bc16d3,3,"flt.s	x13,f24,f27","a3,fs8,fs11",
800088e4,lui,s10:2ee56000,,2ee56d37,3,"lui	x26,0x2ee56","s10,0x2ee56",
800088e8,slt,a4:00000000,,01082733,3,"slt	x14,x16,x16","a4,a6,a6",
800088ec,rem,gp:00000000,,039261b3,3,"rem	x3,x4,x25","gp,tp,s9",
800088f0,sra,s8:ffffffff,,406edc33,3,"sra	x24,x29,x6","s8,t4,t1",
800088f4,fclass.s,sp:00000002,,e00e1153,3,"fclass.s	x2,f28","sp,ft8",
800088f8,slt,s7:00000000,,004fabb3,3,"slt	x23,x31,x4","s7,t6,tp",
800088fc,feq.s,t6:00000000,,a196afd3,3,"feq.s	x31,f13,f25","t6,fa3,fs9",
80008900,fcvt.wu.s,a7:00000000,,c01b78d3,3,"fcvt.wu.s	x17,f22","a7,fs6",
80008904,rem,s5:80041024,,02f2eab3,3,"rem	x21,x5,x15","s5,t0,a5",
80008908,srl,s0:00000000,,01845433,3,"srl	x8,x8,x24","s0,s0,s8",
8000890c,addi,a0:fffff9d5,,9d570513,3,"addi	x10,x14,-1579","a0,a4,-1579",
80008910,fcvt.s.w,ft4:00000000,,d006f253,3,"fcvt.s.w	f4,x13","ft4,a3",
80008914,mul,a2:00000000,,026a8633,3,"mul	x12,x21,x6","a2,s5,t1",
80008918,mulh,gp:ff800410,,035091b3,3,"mulh	x3,x1,x21","gp,ra,s5",
8000891c,andi,a2:00000000,,9343f613,3,"andi	x12,x7,-1740","a2,t2,-1740",
80008920,sltu,ra:00000000,,01fab0b3,3,"sltu	x1,x21,x31","ra,s5,t6",
80008924,fsub.s,ft3:7fc00000,,0997a1d3,3,"fsub.s	f3,f15,f25","ft3,fa5,fs9",
80008928,sub,sp:80041024,,40128133,3,"sub	x2,x5,x1","sp,t0,ra",
8000892c,fsgnjn.s,fa7:bf800000,,21d998d3,3,"fsgnjn.s	f17,f19,f29","fa7,fs3,ft9",
80008930,sltu,a4:00000001,,0142b733,3,"sltu	x14,x5,x20","a4,t0,s4",
80008938,div,a5:00000000,,029ec7b3,3,"div	x15,x29,x9","a5,t4,s1",
8000893c,div,a5:00000000,,022647b3,3,"div	x15,x12,x2","a5,a2,sp",
80008940,fmv.w.x,ft9:00000000,,f0078ed3,3,"fmv.w.x	f29,x15","ft9,a5",
80008944,flt.s,sp:00000000,,a0021153,3,"flt.s	x2,f4,f0","sp,ft4,ft0",
80008948,fle.s,a3:00000000,,a02506d3,3,"fle.s	x13,f10,f2","a3,fa0,ft2",
8000894c,xori,t6:fffffed6,,ed624f93,3,"xori	x31,x4,-298","t6,tp,-298",
80008950,ori,ra:fffffc14,,c045e093,3,"ori	x1,x11,-1020","ra,a1,-1020",
80008954,slti,t1:00000000,,a4402313,3,"slti	x6,x0,-1468","t1,zero,-1468",
80008958,fmul.s,ft10:c6b40a42,,1103ff53,3,"fmul.s	f30,f7,f16","ft10,ft7,fa6",
8000895c,srai,s4:fffff800,,4144da13,3,"srai	x20,x9,0x14","s4,s1,0x14",
80008960,addi,s2:ffffff14,,f1420913,3,"addi	x18,x4,-236","s2,tp,-236",
80008964,fmv.x.w,a0:80000000,,e0048553,3,"fmv.x.w	x10,f9","a0,fs1",
80008968,fmin.s,ft0:c6b40a41,,28770053,3,"fmin.s	f0,f14,f7","ft0,fa4,ft7",
8000896c,fcvt.w.s,t4:00000000,,c00ffed3,3,"fcvt.w.s	x29,f31","t4,ft11",
80008970,fsgnj.s,fa5:80000000,,207e87d3,3,"fsgnj.s	f15,f29,f7","fa5,ft9,ft7",
80008974,fsgnjn.s,fs4:c6b40a41,,20d01a53,3,"fsgnjn.s	f20,f0,f13","fs4,ft0,fa3",
80008978,fcvt.s.w,ft5:00000000,,d00b22d3,3,"fcvt.s.w	f5,x22","ft5,s6",
8000897c,fsgnjn.s,fs5:80000000,,20429ad3,3,"fsgnjn.s	f21,f5,f4","fs5,ft5,ft4",
80008984,sltu,s2:00000001,,01a73933,3,"sltu	x18,x14,x26","s2,a4,s10",
80008988,slti,a4:00000001,,9354a713,3,"slti	x14,x9,-1739","a4,s1,-1739",
8000898c,srli,a4:00000000,,0138d713,3,"srli	x14,x17,0x13","a4,a7,0x13",
80008990,andi,s9:00000000,,1c29fc93,3,"andi	x25,x19,450","s9,s3,450",
80008994,fsgnj.s,fs11:7fc00000,,21a50dd3,3,"fsgnj.s	f27,f10,f26","fs11,fa0,fs10",
80008998,slli,gp:00000000,,00af1193,3,"slli	x3,x30,0xa","gp,t5,0xa",
800089a0,flt.s,a4:00000000,,a1d91753,3,"flt.s	x14,f18,f29","a4,fs2,ft9",
800089a4,fcvt.s.w,fs7:4e3b9580,,d00d7bd3,3,"fcvt.s.w	f23,x26","fs7,s10",
800089a8,fdiv.s,fa4:7fc00000,,18af7753,3,"fdiv.s	f14,f30,f10","fa4,ft10,fa0",
800089ac,fle.s,s3:00000001,,a1ee09d3,3,"fle.s	x19,f28,f30","s3,ft8,ft10",
800089b0,fmul.s,fa7:80000000,,1194f8d3,3,"fmul.s	f17,f9,f25","fa7,fs1,fs9",
800089b4,fmul.s,ft10:7fc00000,,1171ff53,3,"fmul.s	f30,f3,f23","ft10,ft3,fs7",
800089b8,flt.s,s9:00000001,,a1f39cd3,3,"flt.s	x25,f7,f31","s9,ft7,ft11",
800089c0,fle.s,s3:00000000,,a06289d3,3,"fle.s	x19,f5,f6","s3,ft5,ft6",
800089c4,fsgnj.s,fa1:80000000,,214e85d3,3,"fsgnj.s	f11,f29,f20","fa1,ft9,fs4",
800089c8,divu,gp:ffffffff,,03eed1b3,3,"divu	x3,x29,x30","gp,t4,t5",
800089cc,lui,s10:8a1fe000,,8a1fed37,3,"lui	x26,0x8a1fe","s10,0x8a1fe",
800089d0,add,s2:f7506410,,00658933,3,"add	x18,x11,x6","s2,a1,t1",
800089d4,fmv.x.w,s10:c6b40a41,,e00a0d53,3,"fmv.x.w	x26,f20","s10,fs4",
800089d8,remu,tp:00000000,,03e7f233,3,"remu	x4,x15,x30","tp,a5,t5",
800089dc,srai,gp:00000000,,408bd193,3,"srai	x3,x23,0x8","gp,s7,0x8",
800089e4,sub,a3:00000001,,417386b3,3,"sub	x13,x7,x23","a3,t2,s7",
800089e8,slt,a7:00000000,,01f028b3,3,"slt	x17,x0,x31","a7,zero,t6",
800089ec,add,t4:80041024,,00628eb3,3,"add	x29,x5,x6","t4,t0,t1",
800089f0,rem,a4:00000000,,03626733,3,"rem	x14,x4,x22","a4,tp,s6",
800089f4,fsqrt.s,fs7:80000000,,58058bd3,3,"fsqrt.s	f23,f11","fs7,fa1",
800089f8,fsqrt.s,ft0:7fc00000,,580a2053,3,"fsqrt.s	f0,f20","ft0,fs4",
800089fc,sra,t5:0000003e,,409e5f33,3,"sra	x30,x28,x9","t5,t3,s1",
80008a00,fsgnjx.s,fs1:00000000,,205ca4d3,3,"fsgnjx.s	f9,f25,f5","fs1,fs9,ft5",
80008a08,and,sp:00000000,,01e07133,3,"and	x2,x0,x30","sp,zero,t5",
80008a10,lui,s8:91e6c000,,91e6cc37,3,"lui	x24,0x91e6c","s8,0x91e6c",
80008a14,fmv.w.x,ft6:00000000,,f00b8353,3,"fmv.w.x	f6,x23","ft6,s7",
80008a18,lui,a3:00318000,,003186b7,3,"lui	x13,0x318","a3,0x318",
80008a1c,srai,s8:00000000,,41315c13,3,"srai	x24,x2,0x13","s8,sp,0x13",
80008a20,mulhu,s8:00000000,,02c6bc33,3,"mulhu	x24,x13,x12","s8,a3,a2",
80008a24,sub,s8:f71ee410,,40d58c33,3,"sub	x24,x11,x13","s8,a1,a3",
80008a28,fcvt.wu.s,t2:00000001,,c01873d3,3,"fcvt.wu.s	x7,f16","t2,fa6",
80008a2c,srai,s2:00000000,,4091d913,3,"srai	x18,x3,0x9","s2,gp,0x9",
80008a30,ori,a6:80040ffd,,6994e813,3,"ori	x16,x9,1689","a6,s1,1689",
80008a34,sltiu,t2:00000001,,35ecb393,3,"sltiu	x7,x25,862","t2,s9,862",
80008a38,ori,t5:fffffdbc,,db80ef13,3,"ori	x30,x1,-584","t5,ra,-584",
80008a40,lui,t4:110bf000,,110bfeb7,3,"lui	x29,0x110bf","t4,0x110bf",
80008a44,sltu,a0:00000000,,00ac3533,3,"sltu	x10,x24,x10","a0,s8,a0",
80008a48,rem,a2:00000000,,0238e633,3,"rem	x12,x17,x3","a2,a7,gp",
80008a4c,div,s0:00000000,,0271c433,3,"div	x8,x3,x7","s0,gp,t2",
80008a50,andi,s4:00000000,,1058fa13,3,"andi	x20,x17,261","s4,a7,261",
80008a54,and,s5:00000241,,01ae7ab3,3,"and	x21,x28,x26","s5,t3,s10",
80008a58,sltu,a0:00000001,,01a8b533,3,"sltu	x10,x17,x26","a0,a7,s10",
80008a5c,fcvt.w.s,a6:7fffffff,,c00f2853,3,"fcvt.w.s	x16,f30","a6,ft10",
80008a60,fdiv.s,fs11:7fc00000,,19050dd3,3,"fdiv.s	f27,f10,f16","fs11,fa0,fa6",
80008a68,flt.s,t1:00000000,,a12d9353,3,"flt.s	x6,f27,f18","t1,fs11,fs2",
80008a6c,ori,s3:000004c2,,4c29e993,3,"ori	x19,x19,1218","s3,s3,1218",
80008a70,or,gp:00000000,,0068e1b3,3,"or	x3,x17,x6","gp,a7,t1",
80008a74,remu,t4:00000000,,0393feb3,3,"remu	x29,x7,x25","t4,t2,s9",
80008a78,fsgnj.s,fa6:00000000,,21040853,3,"fsgnj.s	f16,f8,f16","fa6,fs0,fa6",
80008a7c,mul,s11:7ffbf01c,,03048db3,3,"mul	x27,x9,x16","s11,s1,a6",
80008a80,fadd.s,ft3:00000000,,0168c1d3,3,"fadd.s	f3,f17,f22","ft3,fa7,fs6",
80008a84,slti,sp:00000000,,8a41a113,3,"slti	x2,x3,-1884","sp,gp,-1884",
80008a88,fsqrt.s,fa5:80000000,,580bf7d3,3,"fsqrt.s	f15,f23","fa5,fs7",
80008a8c,fmv.x.w,sp:00000000,,e0030153,3,"fmv.x.w	x2,f6","sp,ft6",
80008a90,srai,s10:fffff8d6,,413d5d13,3,"srai	x26,x26,0x13","s10,s10,0x13",
80008a94,add,s0:000000d6,,00198433,3,"add	x8,x19,x1","s0,s3,ra",
80008a98,slti,t5:00000000,,10e9af13,3,"slti	x30,x19,270","t5,s3,270",
80008a9c,fadd.s,ft10:00000000,,010b2f53,3,"fadd.s	f30,f22,f16","ft10,fs6,fa6",
80008aa0,flt.s,a4:00000000,,a1399753,3,"flt.s	x14,f19,f19","a4,fs3,fs3",
80008aa8,sltu,a6:00000000,,00c4b833,3,"sltu	x16,x9,x12","a6,s1,a2",
80008aac,addi,ra:00000764,,764a0093,3,"addi	x1,x20,1892","ra,s4,1892",
80008ab0,srai,a5:00000000,,4078d793,3,"srai	x15,x17,0x7","a5,a7,0x7",
80008ab4,rem,s0:00000000,,02bb6433,3,"rem	x8,x22,x11","s0,s6,a1",
80008ab8,fmv.x.w,t6:80000000,,e00b8fd3,3,"fmv.x.w	x31,f23","t6,fs7",
80008abc,fclass.s,t2:00000010,,e00413d3,3,"fclass.s	x7,f8","t2,fs0",
80008ac0,fsgnjx.s,fa1:ffc00000,,20a725d3,3,"fsgnjx.s	f11,f14,f10","fa1,fa4,fa0",
80008ac4,and,s9:00000000,,00effcb3,3,"and	x25,x31,x14","s9,t6,a4",
80008ac8,rem,a0:00000000,,02306533,3,"rem	x10,x0,x3","a0,zero,gp",
80008acc,sra,a3:f71ee410,,41dc56b3,3,"sra	x13,x24,x29","a3,s8,t4",
80008ad0,xori,s11:00000615,,615b4d93,3,"xori	x27,x22,1557","s11,s6,1557",
80008ad4,fsgnjn.s,fs5:ffc00000,,20ed9ad3,3,"fsgnjn.s	f21,f27,f14","fs5,fs11,fa4",
80008ad8,slti,t4:00000001,,73152e93,3,"slti	x29,x10,1841","t4,a0,1841",
80008adc,fcvt.w.s,ra:00000000,,c00240d3,3,"fcvt.w.s	x1,f4","ra,ft4",
80008ae0,mulhsu,ra:00000000,,02f620b3,3,"mulhsu	x1,x12,x15","ra,a2,a5",
80008ae4,fcvt.s.w,fa0:3f800000,,d00ec553,3,"fcvt.s.w	f10,x29","fa0,t4",
80008ae8,fmin.s,fs11:80000000,,28f10dd3,3,"fmin.s	f27,f2,f15","fs11,ft2,fa5",
80008aec,sltu,t6:00000001,,01f9bfb3,3,"sltu	x31,x19,x31","t6,s3,t6",
80008af0,fcvt.w.s,s2:7fffffff,,c00c0953,3,"fcvt.w.s	x18,f24","s2,fs8",
80008af4,slli,sp:00000000,,005b1113,3,"slli	x2,x22,0x5","sp,s6,0x5",
80008af8,fmax.s,ft2:3f800000,,29389153,3,"fmax.s	f2,f17,f19","ft2,fa7,fs3",
80008afc,sra,a5:00000000,,4189d7b3,3,"sra	x15,x19,x24","a5,s3,s8",
80008b00,fcvt.wu.s,a5:ffffffff,,c01717d3,3,"fcvt.wu.s	x15,f14","a5,fa4",
80008b04,fcvt.wu.s,s3:00000001,,c019f9d3,3,"fcvt.wu.s	x19,f19","s3,fs3",
80008b08,lui,a5:5f7c4000,,5f7c47b7,3,"lui	x15,0x5f7c4","a5,0x5f7c4",
80008b0c,sub,s7:fffffc15,,41cf0bb3,3,"sub	x23,x30,x28","s7,t5,t3",
80008b10,sltu,a7:00000000,,008b38b3,3,"sltu	x17,x22,x8","a7,s6,s0",
80008b14,remu,s10:00000010,,03c3fd33,3,"remu	x26,x7,x28","s10,t2,t3",
80008b1c,fmax.s,fa0:00000000,,289b9553,3,"fmax.s	f10,f23,f9","fa0,fs7,fs1",
80008b20,sltu,ra:00000001,,0176b0b3,3,"sltu	x1,x13,x23","ra,a3,s7",
80008b24,sltu,a4:00000001,,018eb733,3,"sltu	x14,x29,x24","a4,t4,s8",
80008b28,fmax.s,fs11:00000000,,29121dd3,3,"fmax.s	f27,f4,f17","fs11,ft4,fa7",
80008b2c,fclass.s,t3:00000010,,e00e9e53,3,"fclass.s	x28,f29","t3,ft9",
80008b30,fdiv.s,fa7:7fc00000,,18edf8d3,3,"fdiv.s	f17,f27,f14","fa7,fs11,fa4",
80008b34,sltiu,t2:00000001,,ec8c3393,3,"sltiu	x7,x24,-312","t2,s8,-312",
80008b38,fsgnjx.s,ft2:00000000,,20cca153,3,"fsgnjx.s	f2,f25,f12","ft2,fs9,fa2",
80008b3c,or,s3:00000000,,00a869b3,3,"or	x19,x16,x10","s3,a6,a0",
80008b40,sub,gp:ffffffff,,40e801b3,3,"sub	x3,x16,x14","gp,a6,a4",
80008b44,andi,s2:00000000,,7b2a7913,3,"andi	x18,x20,1970","s2,s4,1970",
80008b48,fcvt.s.wu,ft7:00000000,,d01473d3,3,"fcvt.s.wu	f7,x8","ft7,s0",
80008b4c,divu,s3:ffffffff,,032c59b3,3,"divu	x19,x24,x18","s3,s8,s2",
80008b50,add,a6:ffffffff,,01e18833,3,"add	x16,x3,x30","a6,gp,t5",
80008b54,fsgnjx.s,ft6:46b40a41,,215a2353,3,"fsgnjx.s	f6,f20,f21","ft6,fs4,fs5",
80008b58,fmax.s,fa0:4317ce51,,29169553,3,"fmax.s	f10,f13,f17","fa0,fa3,fa7",
80008b60,fmv.w.x,fa7:f71ee410,,f00c08d3,3,"fmv.w.x	f17,x24","fa7,s8",
80008b64,fsub.s,fa0:7fc00000,,08970553,3,"fsub.s	f10,f14,f9","fa0,fa4,fs1",
80008b68,fadd.s,fs10:00000008,,012bfd53,3,"fadd.s	f26,f23,f18","fs10,fs7,fs2",
80008b6c,mul,sp:00000000,,02048133,3,"mul	x2,x9,x0","sp,s1,zero",
80008b70,fmin.s,fs3:00000000,,287209d3,3,"fmin.s	f19,f4,f7","fs3,ft4,ft7",
80008b74,fcvt.s.w,ft2:41800000,,d00e7153,3,"fcvt.s.w	f2,x28","ft2,t3",
80008b78,sltu,t5:00000000,,002dbf33,3,"sltu	x30,x27,x2","t5,s11,sp",
80008b7c,xor,s10:f71ee410,,00da4d33,3,"xor	x26,x20,x13","s10,s4,a3",
80008b80,lui,s4:1d8f4000,,1d8f4a37,3,"lui	x20,0x1d8f4","s4,0x1d8f4",
80008b84,sub,s9:f71ee410,,40cc0cb3,3,"sub	x25,x24,x12","s9,s8,a2",
80008b88,lui,sp:be2fa000,,be2fa137,3,"lui	x2,0xbe2fa","sp,0xbe2fa",
80008b8c,remu,t3:00318000,,0395fe33,3,"remu	x28,x11,x25","t3,a1,s9",
80008b90,flt.s,t4:00000001,,a0119ed3,3,"flt.s	x29,f3,f1","t4,ft3,ft1",
80008b94,div,a6:ffffffff,,03604833,3,"div	x16,x0,x22","a6,zero,s6",
80008b98,and,s2:00000001,,0153f933,3,"and	x18,x7,x21","s2,t2,s5",
80008b9c,fsqrt.s,fs4:7fc00000,,5808aa53,3,"fsqrt.s	f20,f17","fs4,fa7",
80008ba0,fle.s,s0:00000001,,a0ce8453,3,"fle.s	x8,f29,f12","s0,ft9,fa2",
80008ba4,sltiu,a2:00000001,,f7503613,3,"sltiu	x12,x0,-139","a2,zero,-139",
80008ba8,fcvt.s.wu,fa4:00000000,,d018b753,3,"fcvt.s.wu	f14,x17","fa4,a7",
80008bac,mul,a0:90000000,,034a0533,3,"mul	x10,x20,x20","a0,s4,s4",
80008bb0,fmul.s,fs0:7fc00000,,101a4453,3,"fmul.s	f8,f20,f1","fs0,fs4,ft1",
80008bb4,fcvt.s.wu,ft4:3f800000,,d0194253,3,"fcvt.s.wu	f4,x18","ft4,s2",
80008bb8,fmul.s,fa1:7fc00000,,114075d3,3,"fmul.s	f11,f0,f20","fa1,ft0,fs4",
80008bbc,fsub.s,ft7:bf800000,,084913d3,3,"fsub.s	f7,f18,f4","ft7,fs2,ft4",
80008bc0,slt,t6:00000001,,0159afb3,3,"slt	x31,x19,x21","t6,s3,s5",
80008bc4,fmv.x.w,t4:00000000,,e00c8ed3,3,"fmv.x.w	x29,f25","t4,fs9",
80008bc8,fmul.s,fs3:7fc00000,,105a79d3,3,"fmul.s	f19,f20,f5","fs3,fs4,ft5",
80008bcc,fdiv.s,ft5:7fc00000,,18a0f2d3,3,"fdiv.s	f5,f1,f10","ft5,ft1,fa0",
80008bd0,fcvt.wu.s,t5:00000000,,c01d4f53,3,"fcvt.wu.s	x30,f26","t5,fs10",
80008bd4,fmul.s,ft11:7fc00000,,105dffd3,3,"fmul.s	f31,f27,f5","ft11,fs11,ft5",
80008bd8,slt,s5:00000000,,002e2ab3,3,"slt	x21,x28,x2","s5,t3,sp",
80008be0,fmv.w.x,fs4:00000001,,f0090a53,3,"fmv.w.x	f20,x18","fs4,s2",
80008be4,sltiu,s2:00000001,,07903913,3,"sltiu	x18,x0,121","s2,zero,121",
80008be8,andi,a5:5f7c4000,,acb7f793,3,"andi	x15,x15,-1333","a5,a5,-1333",
80008bec,mulh,tp:00000000,,035b1233,3,"mulh	x4,x22,x21","tp,s6,s5",
80008bf0,fsgnjn.s,fs2:80000001,,21aa1953,3,"fsgnjn.s	f18,f20,f26","fs2,fs4,fs10",
80008bf4,add,t2:f71ee411,,00d403b3,3,"add	x7,x8,x13","t2,s0,a3",
80008bfc,ori,s9:ffffffff,,df49ec93,3,"ori	x25,x19,-524","s9,s3,-524",
80008c00,fsgnj.s,ft9:7fc00000,,20858ed3,3,"fsgnj.s	f29,f11,f8","ft9,fa1,fs0",
80008c04,fmin.s,fa6:46b40a41,,29530853,3,"fmin.s	f16,f6,f21","fa6,ft6,fs5",
80008c08,fsgnjn.s,ft5:80000000,,210f12d3,3,"fsgnjn.s	f5,f30,f16","ft5,ft10,fa6",
80008c0c,fcvt.w.s,s3:7fffffff,,c00af9d3,3,"fcvt.w.s	x19,f21","s3,fs5",
80008c10,sll,sp:00000000,,01ae9133,3,"sll	x2,x29,x26","sp,t4,s10",
80008c14,srl,sp:80040fe4,,0164d133,3,"srl	x2,x9,x22","sp,s1,s6",
80008c18,sltu,s4:00000001,,01b03a33,3,"sltu	x20,x0,x27","s4,zero,s11",
80008c1c,fcvt.s.wu,ft3:4f771ee5,,d01c21d3,3,"fcvt.s.wu	f3,x24","ft3,s8",
80008c20,fadd.s,fs8:7fc00000,,0086fc53,3,"fadd.s	f24,f13,f8","fs8,fa3,fs0",
80008c24,lui,t1:8ec67000,,8ec67337,3,"lui	x6,0x8ec67","t1,0x8ec67",
80008c28,lui,gp:f08ac000,,f08ac1b7,3,"lui	x3,0xf08ac","gp,0xf08ac",
80008c2c,fmv.w.x,fs1:f08ac000,,f00184d3,3,"fmv.w.x	f9,x3","fs1,gp",
80008c30,slt,ra:00000000,,00b9a0b3,3,"slt	x1,x19,x11","ra,s3,a1",
80008c34,fmul.s,fa5:7fc00000,,11c5f7d3,3,"fmul.s	f15,f11,f28","fa5,fa1,ft8",
80008c38,fmin.s,fa6:00000008,,28dd0853,3,"fmin.s	f16,f26,f13","fa6,fs10,fa3",
80008c3c,auipc,sp:2b1ecc3c,,ab1e4117,3,"auipc	x2,0xab1e4","sp,0xab1e4",
80008c40,mul,t4:00318000,,02ce0eb3,3,"mul	x29,x28,x12","t4,t3,a2",
80008c44,fcvt.s.w,fs7:bf800000,,d00cfbd3,3,"fcvt.s.w	f23,x25","fs7,s9",
80008c4c,slli,s9:00000020,,00591c93,3,"slli	x25,x18,0x5","s9,s2,0x5",
80008c50,srai,s3:fffffdc7,,412c5993,3,"srai	x19,x24,0x12","s3,s8,0x12",
80008c54,auipc,a7:4bd83c54,,cbd7b897,3,"auipc	x17,0xcbd7b","a7,0xcbd7b",
80008c58,fsgnjx.s,fs6:80000000,,215dab53,3,"fsgnjx.s	f22,f27,f21","fs6,fs11,fs5",
80008c5c,flt.s,a5:00000000,,a19517d3,3,"flt.s	x15,f10,f25","a5,fa0,fs9",
80008c60,fsub.s,ft0:cfbb6f72,,083e4053,3,"fsub.s	f0,f28,f3","ft0,ft8,ft3",
80008c64,fcvt.w.s,s7:00000000,,c0062bd3,3,"fcvt.w.s	x23,f12","s7,fa2",
80008c68,fclass.s,gp:00000040,,e00311d3,3,"fclass.s	x3,f6","gp,ft6",
80008c6c,mulhu,s0:00000000,,037b3433,3,"mulhu	x8,x22,x23","s0,s6,s7",
80008c70,xor,t2:00318615,,01bec3b3,3,"xor	x7,x29,x27","t2,t4,s11",
80008c74,fmul.s,fa6:7fc00000,,10fbf853,3,"fmul.s	f16,f23,f15","fa6,fs7,fa5",
80008c78,ori,a3:0000043e,,43ebe693,3,"ori	x13,x23,1086","a3,s7,1086",
80008c7c,fmv.w.x,fs10:f71ee410,,f00d0d53,3,"fmv.w.x	f26,x26","fs10,s10",
80008c80,mulh,sp:00000000,,03c21133,3,"mulh	x2,x4,x28","sp,tp,t3",
80008c84,fcvt.s.wu,ft10:00000000,,d01aff53,3,"fcvt.s.wu	f30,x21","ft10,s5",
80008c88,srl,s4:00000000,,00c45a33,3,"srl	x20,x8,x12","s4,s0,a2",
80008c8c,sltu,gp:00000001,,007ab1b3,3,"sltu	x3,x21,x7","gp,s5,t2",
80008c90,fmax.s,ft0:00000001,,294b9053,3,"fmax.s	f0,f23,f20","ft0,fs7,fs4",
80008c94,sll,s9:00200000,,01ac9cb3,3,"sll	x25,x25,x26","s9,s9,s10",
80008c98,fsgnjx.s,fs3:4eff8000,,21ae29d3,3,"fsgnjx.s	f19,f28,f26","fs3,ft8,fs10",
80008c9c,slli,t6:08000000,,017c1f93,3,"slli	x31,x24,0x17","t6,s8,0x17",
80008ca0,srl,a5:00000000,,0007d7b3,3,"srl	x15,x15,x0","a5,a5,zero",
80008ca4,fdiv.s,fs1:4f771e24,,1841f4d3,3,"fdiv.s	f9,f3,f4","fs1,ft3,ft4",
80008ca8,sltu,a0:00000001,,01d1b533,3,"sltu	x10,x3,x29","a0,gp,t4",
80008cac,fadd.s,ft1:00000001,,000f10d3,3,"fadd.s	f1,f30,f0","ft1,ft10,ft0",
80008cb0,fsqrt.s,fa0:7fc00000,,58051553,3,"fsqrt.s	f10,f10","fa0,fa0",
80008cb4,sll,s8:1d8ce000,,00c31c33,3,"sll	x24,x6,x12","s8,t1,a2",
80008cb8,lui,s5:eb83d000,,eb83dab7,3,"lui	x21,0xeb83d","s5,0xeb83d",
80008cbc,fsgnjx.s,ft10:7fc00000,,21dc2f53,3,"fsgnjx.s	f30,f24,f29","ft10,fs8,ft9",
80008cc0,slti,s7:00000000,,bec7ab93,3,"slti	x23,x15,-1044","s7,a5,-1044",
80008cc4,fcvt.wu.s,s7:f71ee500,,c011bbd3,3,"fcvt.wu.s	x23,f3","s7,ft3",
80008cc8,flt.s,a7:00000001,,a0dd18d3,3,"flt.s	x17,f26,f13","a7,fs10,fa3",
80008ccc,flt.s,sp:00000000,,a0879153,3,"flt.s	x2,f15,f8","sp,fa5,fs0",
80008cd0,and,a4:00000001,,0131f733,3,"and	x14,x3,x19","a4,gp,s3",
80008cd4,sra,t1:fb8f7208,,40ad5333,3,"sra	x6,x26,x10","t1,s10,a0",
80008cd8,fle.s,t6:00000000,,a0758fd3,3,"fle.s	x31,f11,f7","t6,fa1,ft7",
80008cdc,add,t1:fffffb8e,,01398333,3,"add	x6,x19,x19","t1,s3,s3",
80008ce0,fsqrt.s,fs3:1f350483,,580a39d3,3,"fsqrt.s	f19,f20","fs3,fs4",
80008ce4,sub,t1:08e12205,,40b38333,3,"sub	x6,x7,x11","t1,t2,a1",
80008ce8,sub,a7:ffce79eb,,407a08b3,3,"sub	x17,x20,x7","a7,s4,t2",
80008cec,div,s10:00000000,,035d4d33,3,"div	x26,x26,x21","s10,s10,s5",
80008cf0,fsqrt.s,ft9:7fc00000,,580a9ed3,3,"fsqrt.s	f29,f21","ft9,fs5",
80008cf4,rem,s3:fffffdc7,,0269e9b3,3,"rem	x19,x19,x6","s3,s3,t1",
80008cf8,rem,s8:00000000,,026fec33,3,"rem	x24,x31,x6","s8,t6,t1",
80008cfc,auipc,s6:42f44cfc,,c2f3cb17,3,"auipc	x22,0xc2f3c","s6,0xc2f3c",
80008d00,fmv.x.w,s6:00000000,,e0070b53,3,"fmv.x.w	x22,f14","s6,fa4",
80008d04,fmv.w.x,ft4:00000001,,f0050253,3,"fmv.w.x	f4,x10","ft4,a0",
80008d08,fmax.s,ft6:00000001,,29439353,3,"fmax.s	f6,f7,f20","ft6,ft7,fs4",
80008d0c,or,t1:0000043e,,01e6e333,3,"or	x6,x13,x30","t1,a3,t5",
80008d10,sub,s10:fffffbc2,,406a0d33,3,"sub	x26,x20,x6","s10,s4,t1",
80008d14,fsqrt.s,fs6:7fc00000,,5807cb53,3,"fsqrt.s	f22,f15","fs6,fa5",
80008d18,xor,a7:0000043e,,01f6c8b3,3,"xor	x17,x13,x31","a7,a3,t6",
80008d1c,fsqrt.s,fa4:7fc00000,,58057753,3,"fsqrt.s	f14,f10","fa4,fa0",
80008d20,fsqrt.s,fs0:7fc00000,,580e9453,3,"fsqrt.s	f8,f29","fs0,ft9",
80008d24,srai,sp:00000008,,4076d113,3,"srai	x2,x13,0x7","sp,a3,0x7",
80008d28,fsgnj.s,ft9:ffc00000,,211b0ed3,3,"fsgnj.s	f29,f22,f17","ft9,fs6,fa7",
80008d2c,fcvt.w.s,s2:7fffffff,,c00b3953,3,"fcvt.w.s	x18,f22","s2,fs6",
80008d30,andi,sp:eb83d000,,9b2af113,3,"andi	x2,x21,-1614","sp,s5,-1614",
80008d34,fadd.s,ft8:7fc00000,,00e17e53,3,"fadd.s	f28,f2,f14","ft8,ft2,fa4",
80008d38,fadd.s,fs3:7fc00000,,01f679d3,3,"fadd.s	f19,f12,f31","fs3,fa2,ft11",
80008d3c,fcvt.s.wu,fa5:4a460000,,d01ef7d3,3,"fcvt.s.wu	f15,x29","fa5,t4",
80008d40,slli,t2:fffffc00,,00a91393,3,"slli	x7,x18,0xa","t2,s2,0xa",
80008d48,fmax.s,ft2:00000001,,291a1153,3,"fmax.s	f2,f20,f17","ft2,fs4,fa7",
80008d4c,fsqrt.s,fa7:7fc00000,,580848d3,3,"fsqrt.s	f17,f16","fa7,fa6",
80008d50,sub,a2:08af99b7,,40b98633,3,"sub	x12,x19,x11","a2,s3,a1",
80008d54,ori,t3:0000049d,,49dc6e13,3,"ori	x28,x24,1181","t3,s8,1181",
80008d58,remu,s8:00000000,,039b7c33,3,"remu	x24,x22,x25","s8,s6,s9",
80008d5c,mulhsu,t3:00000000,,02c0ae33,3,"mulhsu	x28,x1,x12","t3,ra,a2",
80008d60,sltiu,s4:00000001,,5f553a13,3,"sltiu	x20,x10,1525","s4,a0,1525",
80008d64,sub,s8:fffffbc3,,40618c33,3,"sub	x24,x3,x6","s8,gp,t1",
80008d68,slti,a2:00000000,,f8fb2613,3,"slti	x12,x22,-113","a2,s6,-113",
80008d6c,sll,sp:00000000,,00d41133,3,"sll	x2,x8,x13","sp,s0,a3",
80008d70,slt,s3:00000001,,019529b3,3,"slt	x19,x10,x25","s3,a0,s9",
80008d74,sub,s8:ffffffff,,40880c33,3,"sub	x24,x16,x8","s8,a6,s0",
80008d78,sub,s7:00000000,,40688bb3,3,"sub	x23,x17,x6","s7,a7,t1",
80008d7c,slti,s9:00000001,,6283ac93,3,"slti	x25,x7,1576","s9,t2,1576",
80008d80,sra,a5:ffffffff,,40dad7b3,3,"sra	x15,x21,x13","a5,s5,a3",
80008d84,ori,a7:fffffab7,,ab7b6893,3,"ori	x17,x22,-1353","a7,s6,-1353",
80008d8c,fsgnj.s,fs11:4f771e24,,20b48dd3,3,"fsgnj.s	f27,f9,f11","fs11,fs1,fa1",
80008d90,mulhsu,s9:00000000,,03ec2cb3,3,"mulhsu	x25,x24,x30","s9,s8,t5",
80008d94,fdiv.s,fs5:33b4b4b7,,182a7ad3,3,"fdiv.s	f21,f20,f2","fs5,fs4,ft2",
80008d98,fmin.s,fa0:7fc00000,,29350553,3,"fmin.s	f10,f10,f19","fa0,fa0,fs3",
80008d9c,slti,a6:00000000,,e4c6a813,3,"slti	x16,x13,-436","a6,a3,-436",
80008da0,or,s11:00000001,,014e6db3,3,"or	x27,x28,x20","s11,t3,s4",
80008da4,auipc,a5:f06b6da4,,706ae797,3,"auipc	x15,0x706ae","a5,0x706ae",
80008da8,fsgnj.s,ft0:7fc00000,,20e88053,3,"fsgnj.s	f0,f17,f14","ft0,fa7,fa4",
80008dac,srai,s11:00000000,,404b5d93,3,"srai	x27,x22,0x4","s11,s6,0x4",
80008db0,sra,a0:feb83d00,,405ad533,3,"sra	x10,x21,x5","a0,s5,t0",
80008db4,fsgnjn.s,ft6:80000001,,21c11353,3,"fsgnjn.s	f6,f2,f28","ft6,ft2,ft8",
80008db8,or,s7:f7506410,,0015ebb3,3,"or	x23,x11,x1","s7,a1,ra",
80008dbc,lui,s8:7d215000,,7d215c37,3,"lui	x24,0x7d215","s8,0x7d215",
80008dc4,srai,s3:00000000,,404dd993,3,"srai	x19,x27,0x4","s3,s11,0x4",
80008dc8,andi,a2:80041000,,9192f613,3,"andi	x12,x5,-1767","a2,t0,-1767",
80008dcc,auipc,s4:740abdcc,,f40a3a17,3,"auipc	x20,0xf40a3","s4,0xf40a3",
80008dd0,andi,s4:fffffa85,,acd8fa13,3,"andi	x20,x17,-1331","s4,a7,-1331",
80008dd4,div,s6:ffffffff,,0206cb33,3,"div	x22,x13,x0","s6,a3,zero",
80008dd8,sub,s5:7fffffff,,40290ab3,3,"sub	x21,x18,x2","s5,s2,sp",
80008ddc,xori,a3:feb83913,,41354693,3,"xori	x13,x10,1043","a3,a0,1043",
80008de0,and,ra:00000000,,000c70b3,3,"and	x1,x24,x0","ra,s8,zero",
80008de4,sll,a2:00000000,,00421633,3,"sll	x12,x4,x4","a2,tp,tp",
80008de8,fcvt.s.w,ft4:00000000,,d00ff253,3,"fcvt.s.w	f4,x31","ft4,t6",
80008dec,add,a0:7fffffff,,004a8533,3,"add	x10,x21,x4","a0,s5,tp",
80008df0,xori,s5:fffffac6,,ac71ca93,3,"xori	x21,x3,-1337","s5,gp,-1337",
80008df4,fle.s,a5:00000000,,a13a87d3,3,"fle.s	x15,f21,f19","a5,fs5,fs3",
80008df8,divu,t2:ffffffff,,03b453b3,3,"divu	x7,x8,x27","t2,s0,s11",
80008dfc,srl,a3:00000000,,0007d6b3,3,"srl	x13,x15,x0","a3,a5,zero",
80008e00,lui,s10:31a5e000,,31a5ed37,3,"lui	x26,0x31a5e","s10,0x31a5e",
80008e04,fsgnj.s,ft7:7fc00000,,216403d3,3,"fsgnj.s	f7,f8,f22","ft7,fs0,fs6",
80008e08,fmul.s,ft3:00000000,,10c081d3,3,"fmul.s	f3,f1,f12","ft3,ft1,fa2",
80008e0c,fcvt.w.s,s10:00000000,,c00a1d53,3,"fcvt.w.s	x26,f20","s10,fs4",
80008e10,and,tp:00000000,,018f7233,3,"and	x4,x30,x24","tp,t5,s8",
80008e14,fcvt.s.wu,fa3:00000000,,d01006d3,3,"fcvt.s.wu	f13,x0","fa3,zero",
80008e18,sltu,a3:00000000,,00cab6b3,3,"sltu	x13,x21,x12","a3,s5,a2",
80008e1c,fmin.s,ft10:4a460000,,28fe0f53,3,"fmin.s	f30,f28,f15","ft10,ft8,fa5",
80008e20,fcvt.w.s,a0:ffffffff,,c00ba553,3,"fcvt.w.s	x10,f23","a0,fs7",
80008e24,addi,ra:fffffa25,,f5fa8093,3,"addi	x1,x21,-161","ra,s5,-161",
80008e28,fclass.s,s6:00000010,,e0019b53,3,"fclass.s	x22,f3","s6,ft3",
80008e2c,srl,sp:00000001,,00075133,3,"srl	x2,x14,x0","sp,a4,zero",
80008e30,sll,a6:f7506410,,018b9833,3,"sll	x16,x23,x24","a6,s7,s8",
80008e34,sub,s8:fffffbc3,,40670c33,3,"sub	x24,x14,x6","s8,a4,t1",
80008e38,srli,s8:00000000,,01b9dc13,3,"srli	x24,x19,0x1b","s8,s3,0x1b",
80008e3c,sltiu,s9:00000001,,81f43c93,3,"sltiu	x25,x8,-2017","s9,s0,-2017",
80008e40,slti,t6:00000000,,e3152f93,3,"slti	x31,x10,-463","t6,a0,-463",
80008e48,add,sp:f7505ec7,,01180133,3,"add	x2,x16,x17","sp,a6,a7",
80008e50,fdiv.s,fs1:7fc00000,,1838f4d3,3,"fdiv.s	f9,f17,f3","fs1,fa7,ft3",
80008e54,slti,t5:00000000,,989daf13,3,"slti	x30,x27,-1655","t5,s11,-1655",
80008e58,remu,a3:00318000,,025ef6b3,3,"remu	x13,x29,x5","a3,t4,t0",
80008e5c,xor,a6:f7506410,,00f84833,3,"xor	x16,x16,x15","a6,a6,a5",
80008e60,divu,t6:00000000,,021d5fb3,3,"divu	x31,x26,x1","t6,s10,ra",
80008e64,lui,s2:c33b6000,,c33b6937,3,"lui	x18,0xc33b6","s2,0xc33b6",
80008e68,fmul.s,ft3:7fc00000,,10e271d3,3,"fmul.s	f3,f4,f14","ft3,ft4,fa4",
80008e6c,fsqrt.s,fa6:7fc00000,,58007853,3,"fsqrt.s	f16,f0","fa6,ft0",
80008e70,fmax.s,fs5:7fc00000,,29399ad3,3,"fmax.s	f21,f19,f19","fs5,fs3,fs3",
80008e74,andi,t4:00000000,,713ffe93,3,"andi	x29,x31,1811","t4,t6,1811",
80008e78,add,s7:00000000,,00fd8bb3,3,"add	x23,x27,x15","s7,s11,a5",
80008e80,mul,tp:00000000,,032d0233,3,"mul	x4,x26,x18","tp,s10,s2",
80008e84,fmv.x.w,s5:7fc00000,,e0080ad3,3,"fmv.x.w	x21,f16","s5,fa6",
80008e88,srai,s10:00000000,,406cdd13,3,"srai	x26,x25,0x6","s10,s9,0x6",
80008e8c,srai,s2:ffffffd5,,4058d913,3,"srai	x18,x17,0x5","s2,a7,0x5",
80008e90,ori,s4:00000237,,23776a13,3,"ori	x20,x14,567","s4,a4,567",
80008e94,srli,a7:00000000,,01b05893,3,"srli	x17,x0,0x1b","a7,zero,0x1b",
80008e98,sltiu,s3:00000001,,c3a23993,3,"sltiu	x19,x4,-966","s3,tp,-966",
80008e9c,flt.s,t4:00000000,,a1119ed3,3,"flt.s	x29,f3,f17","t4,ft3,fa7",
80008ea0,andi,s2:80040a04,,a174f913,3,"andi	x18,x9,-1513","s2,s1,-1513",
80008ea4,div,t4:ffffffff,,03abceb3,3,"div	x29,x23,x26","t4,s7,s10",
80008eac,slti,t1:00000000,,848e2313,3,"slti	x6,x28,-1976","t1,t3,-1976",
80008eb0,mul,s10:00000000,,03f38d33,3,"mul	x26,x7,x31","s10,t2,t6",
80008eb8,fsgnjn.s,ft3:80000000,,21b291d3,3,"fsgnjn.s	f3,f5,f27","ft3,ft5,fs11",
80008ebc,fsgnj.s,ft6:4f771e24,,20ad8353,3,"fsgnj.s	f6,f27,f10","ft6,fs11,fa0",
80008ec0,and,s7:00000000,,011ffbb3,3,"and	x23,x31,x17","s7,t6,a7",
80008ec4,xor,s11:7ffbf021,,0120cdb3,3,"xor	x27,x1,x18","s11,ra,s2",
80008ec8,sll,s10:00000000,,01bf1d33,3,"sll	x26,x30,x27","s10,t5,s11",
80008ecc,ori,s2:fffffb65,,b6476913,3,"ori	x18,x14,-1180","s2,a4,-1180",
80008ed0,fsgnj.s,ft7:7fc00000,,20db03d3,3,"fsgnj.s	f7,f22,f13","ft7,fs6,fa3",
80008ed4,ori,s0:fffffa0f,,a0f06413,3,"ori	x8,x0,-1521","s0,zero,-1521",
80008ed8,fle.s,s9:00000000,,a04f0cd3,3,"fle.s	x25,f30,f4","s9,ft10,ft4",
80008edc,fdiv.s,ft1:7fc00000,,18e180d3,3,"fdiv.s	f1,f3,f14","ft1,ft3,fa4",
80008ee0,fdiv.s,fs6:7fc00000,,1816cb53,3,"fdiv.s	f22,f13,f1","fs6,fa3,ft1",
80008ee4,fcvt.s.w,ft11:cd0af9bf,,d005ffd3,3,"fcvt.s.w	f31,x11","ft11,a1",
80008ee8,and,t5:00000000,,00dc7f33,3,"and	x30,x24,x13","t5,s8,a3",
80008eec,slli,t5:bd8e0000,,01111f13,3,"slli	x30,x2,0x11","t5,sp,0x11",
80008ef0,sub,s2:00000000,,40620933,3,"sub	x18,x4,x6","s2,tp,t1",
80008ef4,fle.s,s11:00000000,,a0098dd3,3,"fle.s	x27,f19,f0","s11,fs3,ft0",
80008ef8,feq.s,t1:00000000,,a1042353,3,"feq.s	x6,f8,f16","t1,fs0,fa6",
80008efc,sra,s6:00031800,,4056db33,3,"sra	x22,x13,x5","s6,a3,t0",
80008f00,xori,t5:803fff6a,,f6aacf13,3,"xori	x30,x21,-150","t5,s5,-150",
80008f04,fmv.w.x,ft11:00000000,,f0088fd3,3,"fmv.w.x	f31,x17","ft11,a7",
80008f08,and,a5:80041004,,0082f7b3,3,"and	x15,x5,x8","a5,t0,s0",
80008f0c,mulh,s3:00000000,,021219b3,3,"mulh	x19,x4,x1","s3,tp,ra",
80008f10,fsgnjn.s,fs6:bf800000,,21eb9b53,3,"fsgnjn.s	f22,f23,f30","fs6,fs7,ft10",
80008f14,fsgnj.s,fa2:3f800000,,20db8653,3,"fsgnj.s	f12,f23,f13","fa2,fs7,fa3",
80008f18,mulhu,ra:00000000,,02ee30b3,3,"mulhu	x1,x28,x14","ra,t3,a4",
80008f1c,slti,tp:00000000,,7e1b2213,3,"slti	x4,x22,2017","tp,s6,2017",
80008f20,mulhsu,t3:00000000,,034e2e33,3,"mulhsu	x28,x28,x20","t3,t3,s4",
80008f24,xor,tp:f7506410,,01984233,3,"xor	x4,x16,x25","tp,a6,s9",
80008f28,xor,a0:803ce76a,,016f4533,3,"xor	x10,x30,x22","a0,t5,s6",
80008f2c,fsgnj.s,fa6:7fc00000,,21ce8853,3,"fsgnj.s	f16,f29,f28","fa6,ft9,ft8",
80008f30,fmv.w.x,fs2:803fff6a,,f00f0953,3,"fmv.w.x	f18,x30","fs2,t5",
80008f34,mulhsu,a3:00000000,,03f226b3,3,"mulhsu	x13,x4,x31","a3,tp,t6",
80008f38,and,a0:00000000,,00e87533,3,"and	x10,x16,x14","a0,a6,a4",
80008f40,divu,ra:ffffffff,,03ff50b3,3,"divu	x1,x30,x31","ra,t5,t6",
80008f44,addi,ra:000006f9,,6f968093,3,"addi	x1,x13,1785","ra,a3,1785",
80008f48,fcvt.wu.s,a4:ffffffff,,c019a753,3,"fcvt.wu.s	x14,f19","a4,fs3",
80008f4c,fsqrt.s,fs11:7fc00000,,5804fdd3,3,"fsqrt.s	f27,f9","fs11,fs1",
80008f50,fsgnj.s,fs5:7fc00000,,209e0ad3,3,"fsgnj.s	f21,f28,f9","fs5,ft8,fs1",
80008f54,lui,a6:114bf000,,114bf837,3,"lui	x16,0x114bf","a6,0x114bf",
80008f58,addi,t2:f750689d,,48d58393,3,"addi	x7,x11,1165","t2,a1,1165",
80008f5c,fmax.s,fs0:7fc00000,,29571453,3,"fmax.s	f8,f14,f21","fs0,fa4,fs5",
80008f60,flt.s,s2:00000000,,a0df9953,3,"flt.s	x18,f31,f13","s2,ft11,fa3",
80008f64,srai,s6:00000000,,41e85b13,3,"srai	x22,x16,0x1e","s6,a6,0x1e",
80008f68,fmax.s,fs10:f71ee410,,293d1d53,3,"fmax.s	f26,f26,f19","fs10,fs10,fs3",
80008f6c,fsgnjn.s,ft8:7fc00000,,21d59e53,3,"fsgnjn.s	f28,f11,f29","ft8,fa1,ft9",
80008f70,fsgnjx.s,fa7:bf800000,,215ba8d3,3,"fsgnjx.s	f17,f23,f21","fa7,fs7,fs5",
80008f74,slli,tp:00000000,,01b99213,3,"slli	x4,x19,0x1b","tp,s3,0x1b",
80008f78,fsqrt.s,fs4:7fc00000,,58057a53,3,"fsqrt.s	f20,f10","fs4,fa0",
80008f7c,or,s3:803fff6e,,005f69b3,3,"or	x19,x30,x5","s3,t5,t0",
80008f80,andi,a4:00000000,,37227713,3,"andi	x14,x4,882","a4,tp,882",
80008f84,fcvt.w.s,s8:7fffffff,,c00efc53,3,"fcvt.w.s	x24,f29","s8,ft9",
80008f88,xori,gp:8004178e,,78a7c193,3,"xori	x3,x15,1930","gp,a5,1930",
80008f8c,fcvt.s.wu,ft2:00000000,,d0172153,3,"fcvt.s.wu	f2,x14","ft2,a4",
80008f90,add,t5:f7506410,,01658f33,3,"add	x30,x11,x22","t5,a1,s6",
80008f94,fclass.s,s2:00000200,,e0051953,3,"fclass.s	x18,f10","s2,fa0",
80008f98,or,sp:f7507edf,,00716133,3,"or	x2,x2,x7","sp,sp,t2",
80008f9c,fcvt.w.s,s11:00318000,,c007bdd3,3,"fcvt.w.s	x27,f15","s11,fa5",
80008fa0,slli,a0:00000000,,01c01513,3,"slli	x10,x0,0x1c","a0,zero,0x1c",
80008fa4,mulhu,s2:10b5b4dd,,02283933,3,"mulhu	x18,x16,x2","s2,a6,sp",
80008fa8,divu,tp:00000007,,0302d233,3,"divu	x4,x5,x16","tp,t0,a6",
80008fac,or,ra:803fff6e,,013660b3,3,"or	x1,x12,x19","ra,a2,s3",
80008fb0,srli,sp:003fe000,,009ad113,3,"srli	x2,x21,0x9","sp,s5,0x9",
80008fb4,divu,t2:ffffffff,,026053b3,3,"divu	x7,x0,x6","t2,zero,t1",
80008fb8,div,s9:ffffffff,,021c4cb3,3,"div	x25,x24,x1","s9,s8,ra",
80008fbc,sltu,tp:00000001,,01823233,3,"sltu	x4,x4,x24","tp,tp,s8",
80008fc0,srl,s8:0fffffff,,0093dc33,3,"srl	x24,x7,x9","s8,t2,s1",
80008fc4,fmv.x.w,s7:7fc00000,,e0058bd3,3,"fmv.x.w	x23,f11","s7,fa1",
80008fc8,fcvt.wu.s,a5:00000000,,c012f7d3,3,"fcvt.wu.s	x15,f5","a5,ft5",
80008fcc,fmv.x.w,t4:80000000,,e0028ed3,3,"fmv.x.w	x29,f5","t4,ft5",
80008fd0,lui,a4:6ab9f000,,6ab9f737,3,"lui	x14,0x6ab9f","a4,0x6ab9f",
80008fd4,fmv.x.w,sp:00000000,,e0020153,3,"fmv.x.w	x2,f4","sp,ft4",
80008fd8,remu,tp:803fff6e,,03e0f233,3,"remu	x4,x1,x30","tp,ra,t5",
80008fdc,sltu,s2:00000000,,01ef3933,3,"sltu	x18,x30,x30","s2,t5,t5",
80008fe0,srli,s8:0000452f,,00e85c13,3,"srli	x24,x16,0xe","s8,a6,0xe",
80008fe4,andi,tp:00000003,,ccba7213,3,"andi	x4,x20,-821","tp,s4,-821",
80008fe8,mulhsu,t3:00000000,,036f2e33,3,"mulhsu	x28,x30,x22","t3,t5,s6",
80008fec,mulhu,a2:eeec3a55,,03e5b633,3,"mulhu	x12,x11,x30","a2,a1,t5",
80008ff0,sltu,a0:00000000,,016e3533,3,"sltu	x10,x28,x22","a0,t3,s6",
80008ff4,xori,gp:803fff5a,,f5aac193,3,"xori	x3,x21,-166","gp,s5,-166",
80008ff8,mulh,s6:fbaa5dee,,03ea9b33,3,"mulh	x22,x21,x30","s6,s5,t5",
80008ffc,andi,tp:00000340,,34b4f213,3,"andi	x4,x9,843","tp,s1,843",
80009000,andi,s0:00000000,,211e7413,3,"andi	x8,x28,529","s0,t3,529",
80009004,rem,t5:00000340,,02526f33,3,"rem	x30,x4,x5","t5,tp,t0",
80009008,xori,s8:00000070,,07054c13,3,"xori	x24,x10,112","s8,a0,112",
8000900c,srli,a6:00000000,,017f5813,3,"srli	x16,x30,0x17","a6,t5,0x17",
80009014,fcvt.wu.s,ra:00000001,,c01610d3,3,"fcvt.wu.s	x1,f12","ra,fa2",
80009018,sll,s8:00000000,,003e1c33,3,"sll	x24,x28,x3","s8,t3,gp",
8000901c,mul,a6:00000000,,02df0833,3,"mul	x16,x30,x13","a6,t5,a3",
80009020,fdiv.s,fs8:7fc00000,,18ebfc53,3,"fdiv.s	f24,f23,f14","fs8,fs7,fa4",
80009024,fsgnjn.s,fs5:7fc00000,,216d9ad3,3,"fsgnjn.s	f21,f27,f22","fs5,fs11,fs6",
80009028,fdiv.s,fs2:00000000,,186cc953,3,"fdiv.s	f18,f25,f6","fs2,fs9,ft6",
8000902c,fcvt.w.s,s10:7fffffff,,c005bd53,3,"fcvt.w.s	x26,f11","s10,fa1",
80009030,fadd.s,fs9:7fc00000,,01d8fcd3,3,"fadd.s	f25,f17,f29","fs9,fa7,ft9",
80009034,slt,ra:00000000,,00c820b3,3,"slt	x1,x16,x12","ra,a6,a2",
80009038,fle.s,a6:00000000,,a12c0853,3,"fle.s	x16,f24,f18","a6,fs8,fs2",
8000903c,rem,s8:7fc00000,,023aec33,3,"rem	x24,x21,x3","s8,s5,gp",
80009040,srl,a3:00000000,,0178d6b3,3,"srl	x13,x17,x23","a3,a7,s7",
80009044,sltiu,s8:00000000,,fb0cbc13,3,"sltiu	x24,x25,-80","s8,s9,-80",
80009048,mulhsu,sp:00000000,,0315a133,3,"mulhsu	x2,x11,x17","sp,a1,a7",
8000904c,fle.s,s3:00000000,,a09209d3,3,"fle.s	x19,f4,f9","s3,ft4,fs1",
80009050,rem,s9:00000000,,02656cb3,3,"rem	x25,x10,x6","s9,a0,t1",
80009054,remu,t6:7fc00000,,02fbffb3,3,"remu	x31,x23,x15","t6,s7,a5",
80009058,flt.s,gp:00000000,,a0e811d3,3,"flt.s	x3,f16,f14","gp,fa6,fa4",
8000905c,and,s9:00000000,,007cfcb3,3,"and	x25,x25,x7","s9,s9,t2",
80009060,fsub.s,fa3:7fc00000,,094336d3,3,"fsub.s	f13,f6,f20","fa3,ft6,fs4",
80009064,xori,s2:00000585,,5858c913,3,"xori	x18,x17,1413","s2,a7,1413",
80009068,div,t1:00000000,,029cc333,3,"div	x6,x25,x9","t1,s9,s1",
8000906c,slt,a6:00000000,,016ba833,3,"slt	x16,x23,x22","a6,s7,s6",
80009070,rem,s9:00000000,,034c6cb3,3,"rem	x25,x24,x20","s9,s8,s4",
80009074,or,tp:00000237,,014c6233,3,"or	x4,x24,x20","tp,s8,s4",
80009078,slt,s11:00000001,,01bcadb3,3,"slt	x27,x25,x27","s11,s9,s11",
8000907c,auipc,t4:dab2f07c,,5ab26e97,3,"auipc	x29,0x5ab26","t4,0x5ab26",
80009080,srli,s9:0001b565,,00fedc93,3,"srli	x25,x29,0xf","s9,t4,0xf",
80009084,fdiv.s,ft3:7fc00000,,18b6f1d3,3,"fdiv.s	f3,f13,f11","ft3,fa3,fa1",
80009088,xor,s0:00000001,,01b34433,3,"xor	x8,x6,x27","s0,t1,s11",
8000908c,fsqrt.s,fa6:7fc00000,,58047853,3,"fsqrt.s	f16,f8","fa6,fs0",
80009090,srl,s4:80041024,,0002da33,3,"srl	x20,x5,x0","s4,t0,zero",
80009094,fmin.s,ft10:00000000,,28710f53,3,"fmin.s	f30,f2,f7","ft10,ft2,ft7",
80009098,addi,t4:7fc00002,,002f8e93,3,"addi	x29,x31,2","t4,t6,2",
8000909c,sltu,s6:00000000,,01c6bb33,3,"sltu	x22,x13,x28","s6,a3,t3",
800090a0,fcvt.s.wu,fa5:00000000,,d01377d3,3,"fcvt.s.wu	f15,x6","fa5,t1",
800090a4,auipc,a6:4584d0a4,,c5844817,3,"auipc	x16,0xc5844","a6,0xc5844",
800090a8,fadd.s,ft6:7fc00000,,01577353,3,"fadd.s	f6,f14,f21","ft6,fa4,fs5",
800090ac,mulh,sp:355cf7ff,,03a71133,3,"mulh	x2,x14,x26","sp,a4,s10",
800090b0,fsub.s,fs1:7fc00000,,096474d3,3,"fsub.s	f9,f8,f22","fs1,fs0,fs6",
800090b4,flt.s,s3:00000000,,a15999d3,3,"flt.s	x19,f19,f21","s3,fs3,fs5",
800090bc,sll,s3:7fc00000,,015b99b3,3,"sll	x19,x23,x21","s3,s7,s5",
800090c0,fadd.s,ft1:7fc00000,,00d3f0d3,3,"fadd.s	f1,f7,f13","ft1,ft7,fa3",
800090c4,sra,s10:00000340,,406f5d33,3,"sra	x26,x30,x6","s10,t5,t1",
800090c8,fsgnj.s,ft7:7fc00000,,209d83d3,3,"fsgnj.s	f7,f27,f9","ft7,fs11,fs1",
800090cc,xori,t6:ffffffcd,,fcd0cf93,3,"xori	x31,x1,-51","t6,ra,-51",
800090d0,andi,s6:fffffe2b,,e2b3fb13,3,"andi	x22,x7,-469","s6,t2,-469",
800090d4,fadd.s,fs0:00000000,,01fff453,3,"fadd.s	f8,f31,f31","fs0,ft11,ft11",
800090d8,sub,s8:fffffef7,,41e20c33,3,"sub	x24,x4,x30","s8,tp,t5",
800090dc,or,s10:80041024,,011a6d33,3,"or	x26,x20,x17","s10,s4,a7",
800090e0,fcvt.s.wu,fa3:4f000410,,d014a6d3,3,"fcvt.s.wu	f13,x9","fa3,s1",
800090e8,fdiv.s,fa2:7fc00000,,19953653,3,"fdiv.s	f12,f10,f25","fa2,fa0,fs9",
800090ec,feq.s,t4:00000001,,a1292ed3,3,"feq.s	x29,f18,f18","t4,fs2,fs2",
800090f0,xor,a5:00000001,,00aec7b3,3,"xor	x15,x29,x10","a5,t4,a0",
800090f4,rem,t3:ffffffff,,02c3ee33,3,"rem	x28,x7,x12","t3,t2,a2",
800090f8,mul,tp:56479710,,03480233,3,"mul	x4,x16,x20","tp,a6,s4",
800090fc,mul,t5:b6139934,,03280f33,3,"mul	x30,x16,x18","t5,a6,s2",
80009100,slli,t5:fffffffe,,00139f13,3,"slli	x30,x7,0x1","t5,t2,0x1",
80009104,fsub.s,fs5:bf800000,,09e88ad3,3,"fsub.s	f21,f17,f30","fs5,fa7,ft10",
80009108,srl,s2:00000000,,0041d933,3,"srl	x18,x3,x4","s2,gp,tp",
8000910c,fmv.w.x,fa1:80040fe4,,f00485d3,3,"fmv.w.x	f11,x9","fa1,s1",
80009110,add,s9:355cf62a,,01610cb3,3,"add	x25,x2,x22","s9,sp,s6",
80009114,fmv.x.w,a3:7fc00000,,e00606d3,3,"fmv.x.w	x13,f12","a3,fa2",
80009118,fmax.s,fs3:00000000,,29f019d3,3,"fmax.s	f19,f0,f31","fs3,ft0,ft11",
8000911c,and,t6:00000000,,01a37fb3,3,"and	x31,x6,x26","t6,t1,s10",
80009120,fcvt.s.w,fs0:00000000,,d0003453,3,"fcvt.s.w	f8,x0","fs0,zero",
80009128,slli,a7:ff000000,,002b9893,3,"slli	x17,x23,0x2","a7,s7,0x2",
8000912c,sra,a3:00000000,,418dd6b3,3,"sra	x13,x27,x24","a3,s11,s8",
80009130,remu,a3:2a8c2003,,022e76b3,3,"remu	x13,x28,x2","a3,t3,sp",
80009134,fcvt.s.wu,fs8:3f800000,,d01dcc53,3,"fcvt.s.wu	f24,x27","fs8,s11",
80009138,sltiu,s10:00000001,,b83ebd13,3,"sltiu	x26,x29,-1149","s10,t4,-1149",
8000913c,or,gp:775ff73a,,004ce1b3,3,"or	x3,x25,x4","gp,s9,tp",
80009140,lui,tp:57d6d000,,57d6d237,3,"lui	x4,0x57d6d","tp,0x57d6d",
80009144,flt.s,t3:00000000,,a12c9e53,3,"flt.s	x28,f25,f18","t3,fs9,fs2",
80009148,srai,s3:0001ff00,,40e9d993,3,"srai	x19,x19,0xe","s3,s3,0xe",
80009150,lui,s10:ff985000,,ff985d37,3,"lui	x26,0xff985","s10,0xff985",
80009154,or,t3:ff000000,,0008ee33,3,"or	x28,x17,x0","t3,a7,zero",
80009158,fsub.s,fs9:7fc00000,,0823ccd3,3,"fsub.s	f25,f7,f2","fs9,ft7,ft2",
8000915c,divu,t6:00000000,,039ddfb3,3,"divu	x31,x27,x25","t6,s11,s9",
80009160,srl,a7:0fffffff,,009f58b3,3,"srl	x17,x30,x9","a7,t5,s1",
80009164,xor,a7:355cf62b,,01dcc8b3,3,"xor	x17,x25,x29","a7,s9,t4",
80009168,sltiu,sp:00000001,,0310b113,3,"sltiu	x2,x1,49","sp,ra,49",
8000916c,xor,s4:d573def4,,00dc4a33,3,"xor	x20,x24,x13","s4,s8,a3",
80009170,feq.s,s3:00000000,,a0c029d3,3,"feq.s	x19,f0,f12","s3,ft0,fa2",
80009174,fsgnjn.s,fs10:ffc00000,,20dd9d53,3,"fsgnjn.s	f26,f27,f13","fs10,fs11,fa3",
80009178,fcvt.s.wu,ft10:3f800000,,d01dff53,3,"fcvt.s.wu	f30,x27","ft10,s11",
8000917c,div,t2:00000000,,025a43b3,3,"div	x7,x20,x5","t2,s4,t0",
80009180,srl,t3:355cf62b,,0048de33,3,"srl	x28,x17,x4","t3,a7,tp",
80009188,slti,s7:00000000,,760cab93,3,"slti	x23,x25,1888","s7,s9,1888",
8000918c,fsgnjn.s,fs9:3f800000,,21ab1cd3,3,"fsgnjn.s	f25,f22,f26","fs9,fs6,fs10",
80009190,and,t3:00000000,,003efe33,3,"and	x28,x29,x3","t3,t4,gp",
80009194,fsgnjn.s,fs4:7fc00000,,21a09a53,3,"fsgnjn.s	f20,f1,f26","fs4,ft1,fs10",
80009198,xor,s0:355cf62a,,000cc433,3,"xor	x8,x25,x0","s0,s9,zero",
8000919c,fmax.s,ft8:3f800000,,29eb1e53,3,"fmax.s	f28,f22,f30","ft8,fs6,ft10",
800091a0,mulh,s4:00000000,,03cf1a33,3,"mulh	x20,x30,x28","s4,t5,t3",
800091a4,slt,s6:00000000,,01ecab33,3,"slt	x22,x25,x30","s6,s9,t5",
800091a8,mulhsu,gp:00000000,,039ea1b3,3,"mulhsu	x3,x29,x25","gp,t4,s9",
800091ac,srai,s4:00000000,,41015a13,3,"srai	x20,x2,0x10","s4,sp,0x10",
800091b0,divu,t2:00000001,,02bc53b3,3,"divu	x7,x24,x11","t2,s8,a1",
800091b4,or,s0:fffffef7,,018b6433,3,"or	x8,x22,x24","s0,s6,s8",
800091b8,fle.s,tp:00000000,,a1e38253,3,"fle.s	x4,f7,f30","tp,ft7,ft10",
800091bc,fcvt.s.w,fa3:3f800000,,d00176d3,3,"fcvt.s.w	f13,x2","fa3,sp",
800091c0,flt.s,a5:00000000,,a14597d3,3,"flt.s	x15,f11,f20","a5,fa1,fs4",
800091c4,fcvt.wu.s,s6:ffffffff,,c0102b53,3,"fcvt.wu.s	x22,f0","s6,ft0",
800091c8,and,s2:00000000,,01f57933,3,"and	x18,x10,x31","s2,a0,t6",
800091cc,lui,a6:65a87000,,65a87837,3,"lui	x16,0x65a87","a6,0x65a87",
800091d0,fcvt.s.wu,fa6:00000000,,d010b853,3,"fcvt.s.wu	f16,x1","fa6,ra",
800091d4,rem,t4:80041024,,02a2eeb3,3,"rem	x29,x5,x10","t4,t0,a0",
800091d8,divu,a7:00000000,,027a58b3,3,"divu	x17,x20,x7","a7,s4,t2",
800091dc,andi,a0:00000000,,2828f513,3,"andi	x10,x17,642","a0,a7,642",
800091e0,fcvt.w.s,a5:00000001,,c00c07d3,3,"fcvt.w.s	x15,f24","a5,fs8",
800091e4,andi,a4:00000000,,06b8f713,3,"andi	x14,x17,107","a4,a7,107",
800091ec,fsgnjx.s,ft6:80000000,,21722353,3,"fsgnjx.s	f6,f4,f23","ft6,ft4,fs7",
800091f0,fmv.x.w,t3:7fc00000,,e0048e53,3,"fmv.x.w	x28,f9","t3,fs1",
800091f4,sltiu,gp:00000000,,b30c3193,3,"sltiu	x3,x24,-1232","gp,s8,-1232",
800091f8,xori,s2:ffffff0a,,f0aa4913,3,"xori	x18,x20,-246","s2,s4,-246",
800091fc,add,a5:7fc00000,,01c507b3,3,"add	x15,x10,x28","a5,a0,t3",
80009200,fmv.x.w,s4:7fc00000,,e0050a53,3,"fmv.x.w	x20,f10","s4,fa0",
80009204,feq.s,s9:00000000,,a10b2cd3,3,"feq.s	x25,f22,f16","s9,fs6,fa6",
80009208,mulhu,a4:00000000,,03903733,3,"mulhu	x14,x0,x25","a4,zero,s9",
8000920c,xor,s7:fffffef7,,0181cbb3,3,"xor	x23,x3,x24","s7,gp,s8",
80009210,fmv.x.w,s2:7fc00000,,e0048953,3,"fmv.x.w	x18,f9","s2,fs1",
80009214,fmax.s,fs7:3f800000,,293f1bd3,3,"fmax.s	f23,f30,f19","fs7,ft10,fs3",
80009218,fmul.s,fa3:7fc00000,,1007b6d3,3,"fmul.s	f13,f15,f0","fa3,fa5,ft0",
8000921c,fmul.s,fs10:7fc00000,,1016fd53,3,"fmul.s	f26,f13,f1","fs10,fa3,ft1",
80009220,fcvt.w.s,gp:7fffffff,,c00771d3,3,"fcvt.w.s	x3,f14","gp,fa4",
80009224,fdiv.s,ft6:7fc00000,,1964f353,3,"fdiv.s	f6,f9,f22","ft6,fs1,fs6",
80009228,xor,gp:00000000,,013241b3,3,"xor	x3,x4,x19","gp,tp,s3",
8000922c,add,a0:00000000,,00470533,3,"add	x10,x14,x4","a0,a4,tp",
80009230,sll,s5:fffffffe,,001f1ab3,3,"sll	x21,x30,x1","s5,t5,ra",
80009234,fcvt.w.s,t2:00000000,,c002f3d3,3,"fcvt.w.s	x7,f5","t2,ft5",
80009238,fmin.s,ft8:7fc00000,,28618e53,3,"fmin.s	f28,f3,f6","ft8,ft3,ft6",
8000923c,fsgnjn.s,fs10:ffc00000,,21051d53,3,"fsgnjn.s	f26,f10,f16","fs10,fa0,fa6",
80009240,sub,t5:80041024,,40028f33,3,"sub	x30,x5,x0","t5,t0,zero",
80009244,srl,s10:0f750641,,0095dd33,3,"srl	x26,x11,x9","s10,a1,s1",
80009248,ori,t5:00000083,,082def13,3,"ori	x30,x27,130","t5,s11,130",
8000924c,fsub.s,ft7:7fc00000,,08b1a3d3,3,"fsub.s	f7,f3,f11","ft7,ft3,fa1",
80009250,lui,t4:f6b92000,,f6b92eb7,3,"lui	x29,0xf6b92","t4,0xf6b92",
80009254,remu,s4:00000000,,033cfa33,3,"remu	x20,x25,x19","s4,s9,s3",
80009258,fmin.s,fa4:7fc00000,,289d0753,3,"fmin.s	f14,f26,f9","fa4,fs10,fs1",
8000925c,feq.s,s7:00000000,,a0912bd3,3,"feq.s	x23,f2,f9","s7,ft2,fs1",
80009260,fmv.w.x,fs6:f7506410,,f0058b53,3,"fmv.w.x	f22,x11","fs6,a1",
80009264,sltu,s3:00000001,,0159b9b3,3,"sltu	x19,x19,x21","s3,s3,s5",
80009268,fsqrt.s,fs8:00000000,,5807ac53,3,"fsqrt.s	f24,f15","fs8,fa5",
8000926c,fmin.s,ft7:00000000,,284183d3,3,"fmin.s	f7,f3,f4","ft7,ft3,ft4",
80009270,feq.s,a4:00000000,,a12ca753,3,"feq.s	x14,f25,f18","a4,fs9,fs2",
80009274,slt,a0:00000001,,01a52533,3,"slt	x10,x10,x26","a0,a0,s10",
80009278,fmul.s,fs6:7fc00000,,10affb53,3,"fmul.s	f22,f31,f10","fs6,ft11,fa0",
8000927c,mulhu,s5:00000000,,02fcbab3,3,"mulhu	x21,x25,x15","s5,s9,a5",
80009280,fsgnjx.s,fs6:7fc00000,,20202b53,3,"fsgnjx.s	f22,f0,f2","fs6,ft0,ft2",
80009284,fmv.x.w,a4:3f800000,,e00c8753,3,"fmv.x.w	x14,f25","a4,fs9",
80009288,sltu,t2:00000001,,0053b3b3,3,"sltu	x7,x7,x5","t2,t2,t0",
8000928c,fmul.s,fa0:80000000,,11889553,3,"fmul.s	f10,f17,f24","fa0,fa7,fs8",
80009290,fmul.s,ft9:7fc00000,,101a2ed3,3,"fmul.s	f29,f20,f1","ft9,fs4,ft1",
80009294,fcvt.s.w,ft0:00000000,,d008f053,3,"fcvt.s.w	f0,x17","ft0,a7",
80009298,sra,t3:ffffffff,,411b5e33,3,"sra	x28,x22,x17","t3,s6,a7",
8000929c,slt,s0:00000000,,0170a433,3,"slt	x8,x1,x23","s0,ra,s7",
800092a0,fmv.w.x,fs9:00000000,,f0008cd3,3,"fmv.w.x	f25,x1","fs9,ra",
800092a4,srai,s6:00000000,,41c8db13,3,"srai	x22,x17,0x1c","s6,a7,0x1c",
800092a8,div,t1:ffffffff,,02404333,3,"div	x6,x0,x4","t1,zero,tp",
800092ac,fdiv.s,fa0:7fc00000,,19301553,3,"fdiv.s	f10,f0,f19","fa0,ft0,fs3",
800092b0,sll,a0:00000000,,00b09533,3,"sll	x10,x1,x11","a0,ra,a1",
800092b4,fsgnjn.s,fa0:80000000,,20221553,3,"fsgnjn.s	f10,f4,f2","fa0,ft4,ft2",
800092b8,fsgnjx.s,fa3:00000000,,21bc26d3,3,"fsgnjx.s	f13,f24,f27","fa3,fs8,fs11",
800092bc,feq.s,t6:00000000,,a0bc2fd3,3,"feq.s	x31,f24,f11","t6,fs8,fa1",
800092c0,fsgnj.s,ft10:00000000,,21628f53,3,"fsgnj.s	f30,f5,f22","ft10,ft5,fs6",
800092c4,addi,a7:fffffcf5,,cf410893,3,"addi	x17,x2,-780","a7,sp,-780",
800092c8,fcvt.w.s,a6:00000000,,c0024853,3,"fcvt.w.s	x16,f4","a6,ft4",
800092cc,ori,t2:0000042d,,42d1e393,3,"ori	x7,x3,1069","t2,gp,1069",
800092d0,mulhsu,s9:00000000,,024dacb3,3,"mulhsu	x25,x27,x4","s9,s11,tp",
800092d4,mulhu,s9:00000000,,03ebbcb3,3,"mulhu	x25,x23,x30","s9,s7,t5",
800092d8,sll,s0:80000000,,01c99433,3,"sll	x8,x19,x28","s0,s3,t3",
800092dc,fmul.s,fs8:7fc00000,,10e8ac53,3,"fmul.s	f24,f17,f14","fs8,fa7,fa4",
800092e0,fdiv.s,fa2:7fc00000,,19c8b653,3,"fdiv.s	f12,f17,f28","fa2,fa7,ft8",
800092e4,fcvt.s.w,ft6:3f800000,,d00df353,3,"fcvt.s.w	f6,x27","ft6,s11",
800092e8,sll,s11:00000000,,00521db3,3,"sll	x27,x4,x5","s11,tp,t0",
800092ec,xor,s10:00000000,,00afcd33,3,"xor	x26,x31,x10","s10,t6,a0",
800092f0,andi,t6:7fc00000,,e0697f93,3,"andi	x31,x18,-506","t6,s2,-506",
800092f4,sub,a2:fffffef7,,410c0633,3,"sub	x12,x24,x16","a2,s8,a6",
800092f8,fmin.s,fa4:00000000,,28720753,3,"fmin.s	f14,f4,f7","fa4,ft4,ft7",
800092fc,rem,s10:3f800000,,02176d33,3,"rem	x26,x14,x1","s10,a4,ra",
80009300,fmv.x.w,s6:00000000,,e0080b53,3,"fmv.x.w	x22,f16","s6,fa6",
80009304,flt.s,s3:00000000,,a1b519d3,3,"flt.s	x19,f10,f27","s3,fa0,fs11",
80009308,mulhsu,a4:000000b1,,02d3a733,3,"mulhsu	x14,x7,x13","a4,t2,a3",
8000930c,remu,a3:01fffcf5,,03a8f6b3,3,"remu	x13,x17,x26","a3,a7,s10",
80009310,srai,sp:00000000,,41cbd113,3,"srai	x2,x23,0x1c","sp,s7,0x1c",
80009314,fadd.s,fs9:00000000,,00803cd3,3,"fadd.s	f25,f0,f8","fs9,ft0,fs0",
80009318,slli,sp:ffffffff,,00031113,3,"slli	x2,x6,0x0","sp,t1,0x0",
8000931c,add,s7:0000042c,,007e0bb3,3,"add	x23,x28,x7","s7,t3,t2",
80009320,lui,s3:ab6a8000,,ab6a89b7,3,"lui	x19,0xab6a8","s3,0xab6a8",
80009324,mulh,sp:00000000,,03431133,3,"mulh	x2,x6,x20","sp,t1,s4",
80009328,lui,t1:ca9bb000,,ca9bb337,3,"lui	x6,0xca9bb","t1,0xca9bb",
8000932c,sra,t6:00000000,,40025fb3,3,"sra	x31,x4,x0","t6,tp,zero",
80009330,sub,a7:00000000,,414088b3,3,"sub	x17,x1,x20","a7,ra,s4",
80009334,slli,a5:00000000,,000b1793,3,"slli	x15,x22,0x0","a5,s6,0x0",
80009338,srl,t6:00040000,,00745fb3,3,"srl	x31,x8,x7","t6,s0,t2",
8000933c,flt.s,s10:00000000,,a0e31d53,3,"flt.s	x26,f6,f14","s10,ft6,fa4",
80009340,flt.s,a3:00000000,,a16516d3,3,"flt.s	x13,f10,f22","a3,fa0,fs6",
80009344,srli,a3:00000000,,00005693,3,"srli	x13,x0,0x0","a3,zero,0x0",
80009348,slli,t3:80041024,,00029e13,3,"slli	x28,x5,0x0","t3,t0,0x0",
8000934c,mulh,a2:00000000,,03b01633,3,"mulh	x12,x0,x27","a2,zero,s11",
80009350,fcvt.s.wu,fs5:4485a000,,d013fad3,3,"fcvt.s.wu	f21,x7","fs5,t2",
80009354,fsub.s,ft8:7fc00000,,09a7fe53,3,"fsub.s	f28,f15,f26","ft8,fa5,fs10",
80009358,fcvt.s.w,fs0:00000000,,d00a8453,3,"fcvt.s.w	f8,x21","fs0,s5",
8000935c,slt,s7:00000001,,01832bb3,3,"slt	x23,x6,x24","s7,t1,s8",
80009360,srli,a7:00000000,,0178d893,3,"srli	x17,x17,0x17","a7,a7,0x17",
80009364,fcvt.wu.s,gp:00000000,,c01ff1d3,3,"fcvt.wu.s	x3,f31","gp,ft11",
80009368,or,tp:ca9bb000,,0060e233,3,"or	x4,x1,x6","tp,ra,t1",
8000936c,feq.s,a6:00000000,,a0caa853,3,"feq.s	x16,f21,f12","a6,fs5,fa2",
80009370,fsgnjx.s,fs2:7fc00000,,20662953,3,"fsgnjx.s	f18,f12,f6","fs2,fa2,ft6",
80009374,sltiu,a7:00000001,,afd3b893,3,"sltiu	x17,x7,-1283","a7,t2,-1283",
80009378,fclass.s,s5:00000010,,e0011ad3,3,"fclass.s	x21,f2","s5,ft2",
8000937c,fclass.s,s10:00000200,,e0091d53,3,"fclass.s	x26,f18","s10,fs2",
80009380,fcvt.s.wu,fs0:4f775064,,d015f453,3,"fcvt.s.wu	f8,x11","fs0,a1",
80009384,fcvt.s.w,fs10:41800000,,d00afd53,3,"fcvt.s.w	f26,x21","fs10,s5",
80009388,remu,s11:00000000,,02287db3,3,"remu	x27,x16,x2","s11,a6,sp",
8000938c,xori,t1:fffffec6,,ec67c313,3,"xori	x6,x15,-314","t1,a5,-314",
80009394,fmul.s,ft11:7fc00000,,11a97fd3,3,"fmul.s	f31,f18,f26","ft11,fs2,fs10",
80009398,lui,a3:5bcf9000,,5bcf96b7,3,"lui	x13,0x5bcf9","a3,0x5bcf9",
8000939c,mulh,a3:00000000,,03f616b3,3,"mulh	x13,x12,x31","a3,a2,t6",
800093a0,fsgnjx.s,ft0:7fc00000,,210a2053,3,"fsgnjx.s	f0,f20,f16","ft0,fs4,fa6",
800093a4,fcvt.w.s,s5:7fffffff,,c00dbad3,3,"fcvt.w.s	x21,f27","s5,fs11",
800093a8,mul,s3:00000000,,033a09b3,3,"mul	x19,x20,x19","s3,s4,s3",
800093ac,auipc,a2:f9fdb3ac,,79fd2617,3,"auipc	x12,0x79fd2","a2,0x79fd2",
800093b0,flt.s,gp:00000000,,a0e291d3,3,"flt.s	x3,f5,f14","gp,ft5,fa4",
800093b4,fle.s,s3:00000001,,a1a989d3,3,"fle.s	x19,f19,f26","s3,fs3,fs10",
800093b8,fcvt.wu.s,a5:f7506400,,c01447d3,3,"fcvt.wu.s	x15,f8","a5,fs0",
800093bc,fle.s,s9:00000000,,a14c0cd3,3,"fle.s	x25,f24,f20","s9,fs8,fs4",
800093c0,divu,s11:ffffffff,,0229ddb3,3,"divu	x27,x19,x2","s11,s3,sp",
800093c4,div,a3:00000002,,0244c6b3,3,"div	x13,x9,x4","a3,s1,tp",
800093c8,mulhu,s2:00000000,,034eb933,3,"mulhu	x18,x29,x20","s2,t4,s4",
800093cc,fsqrt.s,ft2:00000000,,580f7153,3,"fsqrt.s	f2,f30","ft2,ft10",
800093d0,sra,s2:00000001,,414bd933,3,"sra	x18,x23,x20","s2,s7,s4",
800093d4,sltu,t1:00000000,,0105b333,3,"sltu	x6,x11,x16","t1,a1,a6",
800093d8,sltiu,s6:00000001,,9c7cbb13,3,"sltiu	x22,x25,-1593","s6,s9,-1593",
800093dc,mul,a7:00000000,,028d08b3,3,"mul	x17,x26,x8","a7,s10,s0",
800093e0,fcvt.wu.s,s7:00000000,,c0179bd3,3,"fcvt.wu.s	x23,f15","s7,fa5",
800093e8,fmul.s,ft1:7fc00000,,10fff0d3,3,"fmul.s	f1,f31,f15","ft1,ft11,fa5",
800093ec,fcvt.wu.s,tp:00000000,,c01cb253,3,"fcvt.wu.s	x4,f25","tp,fs9",
800093f0,addi,sp:f75062ab,,e9b58113,3,"addi	x2,x11,-357","sp,a1,-357",
800093f4,srai,t5:00000000,,40dd5f13,3,"srai	x30,x26,0xd","t5,s10,0xd",
800093f8,fcvt.wu.s,t3:ffffffff,,c011be53,3,"fcvt.wu.s	x28,f3","t3,ft3",
800093fc,fmul.s,ft1:7fc00000,,11d170d3,3,"fmul.s	f1,f2,f29","ft1,ft2,ft9",
80009400,srl,s10:0f750641,,0055dd33,3,"srl	x26,x11,x5","s10,a1,t0",
80009404,mulhsu,t1:00000000,,023ea333,3,"mulhsu	x6,x29,x3","t1,t4,gp",
80009408,fmin.s,ft5:7fc00000,,29c902d3,3,"fmin.s	f5,f18,f28","ft5,fs2,ft8",
8000940c,fmul.s,ft6:7fc00000,,1001c353,3,"fmul.s	f6,f3,f0","ft6,ft3,ft0",
80009410,fcvt.w.s,s0:7fffffff,,c00a7453,3,"fcvt.w.s	x8,f20","s0,fs4",
80009414,fsub.s,ft11:7fc00000,,09bd3fd3,3,"fsub.s	f31,f26,f27","ft11,fs10,fs11",
80009418,rem,a5:f6b92000,,035ee7b3,3,"rem	x15,x29,x21","a5,t4,s5",
8000941c,fcvt.wu.s,ra:ffffffff,,c01ea0d3,3,"fcvt.wu.s	x1,f29","ra,ft9",
80009420,and,a2:00000000,,00a07633,3,"and	x12,x0,x10","a2,zero,a0",
80009424,lui,ra:653c0000,,653c00b7,3,"lui	x1,0x653c0","ra,0x653c0",
80009428,remu,t1:00000001,,028e7333,3,"remu	x6,x28,x8","t1,t3,s0",
80009430,fcvt.s.w,ft6:3f800000,,d0090353,3,"fcvt.s.w	f6,x18","ft6,s2",
80009434,fle.s,s7:00000000,,a1618bd3,3,"fle.s	x23,f3,f22","s7,ft3,fs6",
80009438,xori,ra:00000207,,207bc093,3,"xori	x1,x23,519","ra,s7,519",
8000943c,sltiu,sp:00000001,,0629b113,3,"sltiu	x2,x19,98","sp,s3,98",
80009440,fdiv.s,fa2:7fc00000,,1994b653,3,"fdiv.s	f12,f9,f25","fa2,fs1,fs9",
80009444,add,a7:000000b1,,000708b3,3,"add	x17,x14,x0","a7,a4,zero",
80009448,slli,s9:00000004,,002b1c93,3,"slli	x25,x22,0x2","s9,s6,0x2",
8000944c,fmax.s,fs10:00000000,,28cf1d53,3,"fmax.s	f26,f30,f12","fs10,ft10,fa2",
80009450,fmin.s,fs4:7fc00000,,294b0a53,3,"fmin.s	f20,f22,f20","fs4,fs6,fs4",
80009454,fmul.s,fa3:00000000,,104ab6d3,3,"fmul.s	f13,f21,f4","fa3,fs5,ft4",
80009458,fmax.s,fs6:00000000,,29051b53,3,"fmax.s	f22,f10,f16","fs6,fa0,fa6",
8000945c,or,t3:000000b1,,01376e33,3,"or	x28,x14,x19","t3,a4,s3",
80009460,remu,s3:774c542c,,0295f9b3,3,"remu	x19,x11,x9","s3,a1,s1",
80009464,fmv.x.w,a6:3f800000,,e0030853,3,"fmv.x.w	x16,f6","a6,ft6",
80009468,xori,t3:0f7502ca,,48bd4e13,3,"xori	x28,x26,1163","t3,s10,1163",
8000946c,fcvt.wu.s,a0:00000000,,c01d7553,3,"fcvt.wu.s	x10,f26","a0,fs10",
80009470,sltiu,s4:00000000,,23043a13,3,"sltiu	x20,x8,560","s4,s0,560",
80009474,ori,t1:fffffecf,,ecf1e313,3,"ori	x6,x3,-305","t1,gp,-305",
80009478,feq.s,s3:00000000,,a013a9d3,3,"feq.s	x19,f7,f1","s3,ft7,ft1",
8000947c,fmv.x.w,s2:4f775064,,e0040953,3,"fmv.x.w	x18,f8","s2,fs0",
80009480,mulh,s0:04cc512e,,032d1433,3,"mulh	x8,x26,x18","s0,s10,s2",
80009484,sltu,a5:00000000,,0154b7b3,3,"sltu	x15,x9,x21","a5,s1,s5",
80009488,fsqrt.s,fs10:7fc00000,,580dfd53,3,"fsqrt.s	f26,f27","fs10,fs11",
80009490,sll,t3:00000000,,01421e33,3,"sll	x28,x4,x20","t3,tp,s4",
80009494,fadd.s,ft5:00000000,,00dcf2d3,3,"fadd.s	f5,f25,f13","ft5,fs9,fa3",
80009498,sltiu,t5:00000001,,dad93f13,3,"sltiu	x30,x18,-595","t5,s2,-595",
8000949c,fclass.s,a7:00000010,,e00298d3,3,"fclass.s	x17,f5","a7,ft5",
800094a0,andi,s5:00000000,,689cfa93,3,"andi	x21,x25,1673","s5,s9,1673",
800094a4,fsub.s,ft4:80000000,,099cf253,3,"fsub.s	f4,f25,f25","ft4,fs9,fs9",
800094a8,flt.s,s11:00000000,,a1ad9dd3,3,"flt.s	x27,f27,f26","s11,fs11,fs10",
800094ac,fdiv.s,fs11:7fc00000,,1898fdd3,3,"fdiv.s	f27,f17,f9","fs11,fa7,fs1",
800094b0,srli,a0:00000000,,00965513,3,"srli	x10,x12,0x9","a0,a2,0x9",
800094b4,fsgnj.s,fs1:00000000,,21f284d3,3,"fsgnj.s	f9,f5,f31","fs1,ft5,ft11",
800094b8,fcvt.wu.s,a4:0000042d,,c01ac753,3,"fcvt.wu.s	x14,f21","a4,fs5",
800094bc,sltiu,s7:00000001,,b63bbb93,3,"sltiu	x23,x23,-1181","s7,s7,-1181",
800094c0,fsgnjn.s,fs8:ffc00000,,20dc1c53,3,"fsgnjn.s	f24,f24,f13","fs8,fs8,fa3",
800094c4,fdiv.s,fa5:7f800000,,189477d3,3,"fdiv.s	f15,f8,f9","fa5,fs0,fs1",
800094c8,mul,s9:563fadc7,,03a08cb3,3,"mul	x25,x1,x26","s9,ra,s10",
800094cc,remu,s0:00000001,,02dd7433,3,"remu	x8,x26,x13","s0,s10,a3",
800094d0,mul,s7:75064100,,03158bb3,3,"mul	x23,x11,x17","s7,a1,a7",
800094d4,fsgnjx.s,fa7:7fc00000,,2120a8d3,3,"fsgnjx.s	f17,f1,f18","fa7,ft1,fs2",
800094d8,fle.s,a7:00000000,,a03108d3,3,"fle.s	x17,f2,f3","a7,ft2,ft3",
800094dc,xor,s9:00000001,,01e24cb3,3,"xor	x25,x4,x30","s9,tp,t5",
800094e4,fcvt.s.wu,fs3:3f800000,,d01439d3,3,"fcvt.s.wu	f19,x8","fs3,s0",
800094e8,fcvt.s.w,ft2:4eea0c82,,d00bf153,3,"fcvt.s.w	f2,x23","ft2,s7",
800094ec,div,s11:00000000,,02ba4db3,3,"div	x27,x20,x11","s11,s4,a1",
800094f0,slli,s8:f6780000,,01331c13,3,"slli	x24,x6,0x13","s8,t1,0x13",
800094f4,fmul.s,fa3:7fc00000,,117d76d3,3,"fmul.s	f13,f26,f23","fa3,fs10,fs7",
800094f8,mulhsu,a2:00000000,,037ca633,3,"mulhsu	x12,x25,x23","a2,s9,s7",
800094fc,mulh,t2:0052c9c6,,038593b3,3,"mulh	x7,x11,x24","t2,a1,s8",
80009500,fcvt.w.s,s8:7fffffff,,c00e4c53,3,"fcvt.w.s	x24,f28","s8,ft8",
80009504,fclass.s,tp:00000040,,e00b9253,3,"fclass.s	x4,f23","tp,fs7",
80009508,srli,a4:00000000,,0056d713,3,"srli	x14,x13,0x5","a4,a3,0x5",
8000950c,fmv.x.w,t2:7fc00000,,e00603d3,3,"fmv.x.w	x7,f12","t2,fa2",
80009510,xori,a3:ffffface,,ace54693,3,"xori	x13,x10,-1330","a3,a0,-1330",
8000951c,lui,t6:16bbc000,,16bbcfb7,3,"lui	x31,0x16bbc","t6,0x16bbc",
80009520,sltiu,s11:00000001,,cef2bd93,3,"sltiu	x27,x5,-785","s11,t0,-785",
80009524,rem,t2:00000000,,03ec63b3,3,"rem	x7,x24,x30","t2,s8,t5",
80009528,srl,a0:00000000,,00f3d533,3,"srl	x10,x7,x15","a0,t2,a5",
8000952c,remu,t6:00000000,,0351ffb3,3,"remu	x31,x3,x21","t6,gp,s5",
80009530,feq.s,s3:00000000,,a07fa9d3,3,"feq.s	x19,f31,f7","s3,ft11,ft7",
80009534,feq.s,s2:00000000,,a1efa953,3,"feq.s	x18,f31,f30","s2,ft11,ft10",
80009538,ori,t3:fffffd90,,d90aee13,3,"ori	x28,x21,-624","t3,s5,-624",
80009540,div,t3:00000000,,02d3ce33,3,"div	x28,x7,x13","t3,t2,a3",
80009544,fsgnjn.s,fa5:bf800000,,201317d3,3,"fsgnjn.s	f15,f6,f1","fa5,ft6,ft1",
80009548,fsqrt.s,fs10:00000000,,5804fd53,3,"fsqrt.s	f26,f9","fs10,fs1",
8000954c,mulhu,s3:00000000,,0316b9b3,3,"mulhu	x19,x13,x17","s3,a3,a7",
80009550,mul,s4:00000000,,03d78a33,3,"mul	x20,x15,x29","s4,a5,t4",
80009554,mulh,ra:00000000,,02d390b3,3,"mulh	x1,x7,x13","ra,t2,a3",
80009558,slt,tp:00000001,,00e2a233,3,"slt	x4,x5,x14","tp,t0,a4",
80009560,lui,a4:36098000,,36098737,3,"lui	x14,0x36098","a4,0x36098",
80009564,sub,s4:ffffffff,,41978a33,3,"sub	x20,x15,x25","s4,a5,s9",
80009568,fmv.x.w,ra:80000000,,e00200d3,3,"fmv.x.w	x1,f4","ra,ft4",
8000956c,auipc,s8:9353356c,,1352ac17,3,"auipc	x24,0x1352a","s8,0x1352a",
80009570,fmul.s,fs4:7fc00000,,11287a53,3,"fmul.s	f20,f16,f18","fs4,fa6,fs2",
80009574,slli,tp:fe000000,,019a1213,3,"slli	x4,x20,0x19","tp,s4,0x19",
80009578,fdiv.s,fs4:7fc00000,,18e4fa53,3,"fdiv.s	f20,f9,f14","fs4,fs1,fa4",
8000957c,fsgnj.s,fs5:00000000,,216f0ad3,3,"fsgnj.s	f21,f30,f22","fs5,ft10,fs6",
80009580,div,s5:00000000,,03a1cab3,3,"div	x21,x3,x26","s5,gp,s10",
80009584,sltiu,t4:00000001,,424b3e93,3,"sltiu	x29,x22,1060","t4,s6,1060",
80009588,fadd.s,ft8:00000000,,01951e53,3,"fadd.s	f28,f10,f25","ft8,fa0,fs9",
8000958c,srl,a6:80040fe4,,00f4d833,3,"srl	x16,x9,x15","a6,s1,a5",
80009590,mulhu,t3:00000000,,02033e33,3,"mulhu	x28,x6,x0","t3,t1,zero",
80009594,div,s10:ffffffff,,03f4cd33,3,"div	x26,x9,x31","s10,s1,t6",
80009598,sll,t6:00000000,,01689fb3,3,"sll	x31,x17,x22","t6,a7,s6",
8000959c,or,s3:f757756c,,018be9b3,3,"or	x19,x23,x24","s3,s7,s8",
800095a0,fadd.s,fa7:7fc00000,,00e8f8d3,3,"fadd.s	f17,f17,f14","fa7,fa7,fa4",
800095a4,sltu,t4:00000000,,00983eb3,3,"sltu	x29,x16,x9","t4,a6,s1",
800095a8,lui,a0:25ea6000,,25ea6537,3,"lui	x10,0x25ea6","a0,0x25ea6",
800095ac,sub,ra:00000000,,40d680b3,3,"sub	x1,x13,x13","ra,a3,a3",
800095b0,fclass.s,s7:00000200,,e0009bd3,3,"fclass.s	x23,f1","s7,ft1",
800095b4,fdiv.s,fs1:7fc00000,,18a804d3,3,"fdiv.s	f9,f16,f10","fs1,fa6,fa0",
800095b8,div,s9:00000000,,028fccb3,3,"div	x25,x31,x8","s9,t6,s0",
800095bc,fsgnjn.s,ft10:80000000,,21221f53,3,"fsgnjn.s	f30,f4,f18","ft10,ft4,fs2",
800095c0,fcvt.w.s,gp:00000001,,c00991d3,3,"fcvt.w.s	x3,f19","gp,fs3",
800095c4,fsqrt.s,fs1:7fc00000,,580ff4d3,3,"fsqrt.s	f9,f31","fs1,ft11",
800095c8,fcvt.s.wu,ft11:3f800000,,d01b7fd3,3,"fcvt.s.wu	f31,x22","ft11,s6",
800095cc,mulhsu,s10:f79b98e1,,0335ad33,3,"mulhsu	x26,x11,x19","s10,a1,s3",
800095d0,srl,t2:00000000,,007ad3b3,3,"srl	x7,x21,x7","t2,s5,t2",
800095d4,sub,s8:00000001,,41110c33,3,"sub	x24,x2,x17","s8,sp,a7",
800095d8,remu,t2:00000000,,026373b3,3,"remu	x7,x6,x6","t2,t1,t1",
800095dc,fle.s,s8:00000000,,a0a60c53,3,"fle.s	x24,f12,f10","s8,fa2,fa0",
800095e0,fmv.w.x,ft8:00000000,,f00f8e53,3,"fmv.w.x	f28,x31","ft8,t6",
800095e4,addi,s3:fffffdc1,,dc178993,3,"addi	x19,x15,-575","s3,a5,-575",
800095e8,flt.s,sp:00000001,,a0851153,3,"flt.s	x2,f10,f8","sp,fa0,fs0",
800095ec,fmv.w.x,ft6:00000200,,f00b8353,3,"fmv.w.x	f6,x23","ft6,s7",
800095f0,fmv.x.w,t5:00000000,,e00e0f53,3,"fmv.x.w	x30,f28","t5,ft8",
800095f4,mulhsu,s8:00000000,,0314ac33,3,"mulhsu	x24,x9,x17","s8,s1,a7",
800095f8,sltiu,a5:00000001,,fbe63793,3,"sltiu	x15,x12,-66","a5,a2,-66",
800095fc,mul,s8:90000000,,02e50c33,3,"mul	x24,x10,x14","s8,a0,a4",
80009600,or,a0:80040fe4,,009be533,3,"or	x10,x23,x9","a0,s7,s1",
80009604,lui,s6:b0860000,,b0860b37,3,"lui	x22,0xb0860","s6,0xb0860",
80009608,sltu,a6:00000001,,01473833,3,"sltu	x16,x14,x20","a6,a4,s4",
8000960c,fcvt.s.wu,fs4:4f000410,,d014aa53,3,"fcvt.s.wu	f20,x9","fs4,s1",
80009610,slti,s0:00000000,,a89e2413,3,"slti	x8,x28,-1399","s0,t3,-1399",
80009614,fcvt.wu.s,t6:00000000,,c01e1fd3,3,"fcvt.wu.s	x31,f28","t6,ft8",
80009618,xori,a5:fffffc6c,,c6c94793,3,"xori	x15,x18,-916","a5,s2,-916",
8000961c,divu,s4:ffffffff,,03955a33,3,"divu	x20,x10,x25","s4,a0,s9",
80009620,add,s4:00000001,,01180a33,3,"add	x20,x16,x17","s4,a6,a7",
80009624,xori,s4:fffffb2c,,b2d1ca13,3,"xori	x20,x3,-1235","s4,gp,-1235",
80009628,sll,a7:fface000,,00f698b3,3,"sll	x17,x13,x15","a7,a3,a5",
8000962c,fsgnjx.s,fs10:00000000,,21ef2d53,3,"fsgnjx.s	f26,f30,f30","fs10,ft10,ft10",
80009630,fsgnj.s,fs7:cf775064,,20f40bd3,3,"fsgnj.s	f23,f8,f15","fs7,fs0,fa5",
80009634,divu,s11:00480000,,037c5db3,3,"divu	x27,x24,x23","s11,s8,s7",
80009638,fsgnjn.s,ft1:80000000,,201510d3,3,"fsgnjn.s	f1,f10,f1","ft1,fa0,ft1",
8000963c,ori,a4:00000021,,021f6713,3,"ori	x14,x30,33","a4,t5,33",
80009640,mulh,t6:00000000,,02879fb3,3,"mulh	x31,x15,x8","t6,a5,s0",
80009644,sltu,s6:00000001,,011abb33,3,"sltu	x22,x21,x17","s6,s5,a7",
80009648,fmax.s,fs10:00000000,,28729d53,3,"fmax.s	f26,f5,f7","fs10,ft5,ft7",
8000964c,mulhsu,a5:ffffface,,0346a7b3,3,"mulhsu	x15,x13,x20","a5,a3,s4",
80009650,mulhsu,s4:00000000,,02bfaa33,3,"mulhsu	x20,x31,x11","s4,t6,a1",
80009654,fmax.s,fs4:3f800000,,286f9a53,3,"fmax.s	f20,f31,f6","fs4,ft11,ft6",
80009658,srai,t4:00000000,,413bde93,3,"srai	x29,x23,0x13","t4,s7,0x13",
8000965c,ori,s7:00000755,,755eeb93,3,"ori	x23,x29,1877","s7,t4,1877",
80009660,sub,sp:fffffdc0,,41098133,3,"sub	x2,x19,x16","sp,s3,a6",
80009664,addi,s8:fe0003ff,,3ff20c13,3,"addi	x24,x4,1023","s8,tp,1023",
80009668,fclass.s,tp:00000200,,e0069253,3,"fclass.s	x4,f13","tp,fa3",
8000966c,fadd.s,fs0:7fc00000,,01b9f453,3,"fadd.s	f8,f19,f27","fs0,fs3,fs11",
80009670,sltu,a4:00000000,,01c23733,3,"sltu	x14,x4,x28","a4,tp,t3",
80009674,lui,s2:f1db7000,,f1db7937,3,"lui	x18,0xf1db7","s2,0xf1db7",
80009678,add,s8:80041024,,005f0c33,3,"add	x24,x30,x5","s8,t5,t0",
8000967c,ori,t4:fffffd6d,,d6d2ee93,3,"ori	x29,x5,-659","t4,t0,-659",
80009680,fcvt.s.w,fa2:c4a64000,,d007f653,3,"fcvt.s.w	f12,x15","fa2,a5",
80009684,fcvt.s.wu,fs11:3f800000,,d01b0dd3,3,"fcvt.s.wu	f27,x22","fs11,s6",
80009688,mulhu,a0:00000000,,0201b533,3,"mulhu	x10,x3,x0","a0,gp,zero",
8000968c,andi,a7:00000286,,3b637893,3,"andi	x17,x6,950","a7,t1,950",
80009690,srl,s9:00480000,,001ddcb3,3,"srl	x25,x27,x1","s9,s11,ra",
80009694,mulh,t1:ffffff00,,02921333,3,"mulh	x6,x4,x9","t1,tp,s1",
80009698,fcvt.wu.s,s4:00000001,,c019fa53,3,"fcvt.wu.s	x20,f19","s4,fs3",
8000969c,fle.s,s2:00000000,,a1518953,3,"fle.s	x18,f3,f21","s2,ft3,fs5",
800096a0,sll,sp:00000001,,00181133,3,"sll	x2,x16,x1","sp,a6,ra",
800096a8,fsgnjx.s,fs7:c4a64000,,20362bd3,3,"fsgnjx.s	f23,f12,f3","fs7,fa2,ft3",
800096ac,lui,a5:a3c32000,,a3c327b7,3,"lui	x15,0xa3c32","a5,0xa3c32",
800096b0,fmul.s,fa5:7fc00000,,10ec77d3,3,"fmul.s	f15,f24,f14","fa5,fs8,fa4",
800096b4,fle.s,a4:00000000,,a0c38753,3,"fle.s	x14,f7,f12","a4,ft7,fa2",
800096b8,slti,a7:00000001,,c3a6a893,3,"slti	x17,x13,-966","a7,a3,-966",
800096bc,add,a4:a3c32000,,00f70733,3,"add	x14,x14,x15","a4,a4,a5",
800096c0,srai,gp:00000000,,401ad193,3,"srai	x3,x21,0x1","gp,s5,0x1",
800096c4,andi,t3:00000000,,009ffe13,3,"andi	x28,x31,9","t3,t6,9",
800096c8,mulh,s0:0457aaaf,,02959433,3,"mulh	x8,x11,x9","s0,a1,s1",
800096cc,divu,a6:00000000,,02d55833,3,"divu	x16,x10,x13","a6,a0,a3",
800096d0,div,s6:00000000,,03dacb33,3,"div	x22,x21,x29","s6,s5,t4",
800096d4,sltu,a6:00000001,,006c3833,3,"sltu	x16,x24,x6","a6,s8,t1",
800096d8,xori,t4:ffffff1f,,01f34e93,3,"xori	x29,x6,31","t4,t1,31",
800096dc,srli,s0:00000000,,01c8d413,3,"srli	x8,x17,0x1c","s0,a7,0x1c",
800096e0,sll,a3:00480000,,015d96b3,3,"sll	x13,x27,x21","a3,s11,s5",
800096e4,sub,t6:00000200,,41c20fb3,3,"sub	x31,x4,x28","t6,tp,t3",
800096e8,srai,a7:fffff478,,4137d893,3,"srai	x17,x15,0x13","a7,a5,0x13",
800096f0,fcvt.wu.s,s0:00000532,,c0167453,3,"fcvt.wu.s	x8,f12","s0,fa2",
800096f4,fcvt.s.w,fa4:00000000,,d0038753,3,"fcvt.s.w	f14,x7","fa4,t2",
800096f8,slli,s0:20000000,,01bc1413,3,"slli	x8,x24,0x1b","s0,s8,0x1b",
800096fc,srl,s11:ffffff00,,00f35db3,3,"srl	x27,x6,x15","s11,t1,a5",
80009700,slt,t2:00000000,,01aa23b3,3,"slt	x7,x20,x26","t2,s4,s10",
80009704,add,tp:f79b98e2,,014d0233,3,"add	x4,x26,x20","tp,s10,s4",
80009708,lui,a7:debd8000,,debd88b7,3,"lui	x17,0xdebd8","a7,0xdebd8",
8000970c,addi,t4:ffffff5b,,f5b18e93,3,"addi	x29,x3,-165","t4,gp,-165",
80009710,remu,t5:f79b98e2,,03e27f33,3,"remu	x30,x4,x30","t5,tp,t5",
80009714,mul,t1:fffe0000,,03fd8333,3,"mul	x6,x27,x31","t1,s11,t6",
80009718,fsgnjn.s,fs5:80000000,,20d81ad3,3,"fsgnjn.s	f21,f16,f13","fs5,fa6,fa3",
8000971c,fadd.s,fs6:7fc00000,,01847b53,3,"fadd.s	f22,f8,f24","fs6,fs0,fs8",
80009720,srl,s7:f79b98e2,,01925bb3,3,"srl	x23,x4,x25","s7,tp,s9",
80009724,fmax.s,fa7:4eea0c82,,282498d3,3,"fmax.s	f17,f9,f2","fa7,fs1,ft2",
80009728,fcvt.wu.s,s11:ffffffff,,c01efdd3,3,"fcvt.wu.s	x27,f29","s11,ft9",
8000972c,auipc,s9:44ac572c,,c4abcc97,3,"auipc	x25,0xc4abc","s9,0xc4abc",
80009730,addi,s5:00000048,,04808a93,3,"addi	x21,x1,72","s5,ra,72",
80009734,fcvt.s.wu,fa5:44000000,,d01fb7d3,3,"fcvt.s.wu	f15,x31","fa5,t6",
80009738,fsgnjx.s,ft0:c4a64000,,206ba053,3,"fsgnjx.s	f0,f23,f6","ft0,fs7,ft6",
8000973c,fsub.s,fs6:80000000,,08e2fb53,3,"fsub.s	f22,f5,f14","fs6,ft5,fa4",
80009740,fcvt.w.s,t2:ffffface,,c00043d3,3,"fcvt.w.s	x7,f0","t2,ft0",
80009744,mulh,s0:00000000,,02491433,3,"mulh	x8,x18,x4","s0,s2,tp",
80009748,sub,t4:f79b98e2,,40a20eb3,3,"sub	x29,x4,x10","t4,tp,a0",
8000974c,fdiv.s,fs0:7fc00000,,19397453,3,"fdiv.s	f8,f18,f19","fs0,fs2,fs3",
80009750,fsgnj.s,ft9:3f800000,,21dd8ed3,3,"fsgnj.s	f29,f27,f29","ft9,fs11,ft9",
80009754,andi,a6:00000000,,63e17813,3,"andi	x16,x2,1598","a6,sp,1598",
80009758,fcvt.w.s,a6:00000000,,c0021853,3,"fcvt.w.s	x16,f4","a6,ft4",
8000975c,fclass.s,t6:00000002,,e00b9fd3,3,"fclass.s	x31,f23","t6,fs7",
80009760,fmax.s,ft8:00000000,,28eb1e53,3,"fmax.s	f28,f22,f14","ft8,fs6,fa4",
80009764,fmv.x.w,s5:3f800000,,e00f8ad3,3,"fmv.x.w	x21,f31","s5,ft11",
80009768,addi,s0:00000289,,287f8413,3,"addi	x8,x31,647","s0,t6,647",
8000976c,mulhsu,a4:00000000,,03082733,3,"mulhsu	x14,x16,x16","a4,a6,a6",
80009770,mulhsu,a6:00000000,,023b2833,3,"mulhsu	x16,x22,x3","a6,s6,gp",
80009774,fmv.w.x,fa2:fffe0000,,f0030653,3,"fmv.w.x	f12,x6","fa2,t1",
80009778,fcvt.wu.s,s4:00000000,,c0159a53,3,"fcvt.wu.s	x20,f11","s4,fa1",
80009780,fsgnj.s,fa6:4eea0c82,,20310853,3,"fsgnj.s	f16,f2,f3","fa6,ft2,ft3",
80009784,mul,t5:c4000000,,02f78f33,3,"mul	x30,x15,x15","t5,a5,a5",
80009788,rem,sp:f79b98e1,,025d6133,3,"rem	x2,x26,x5","sp,s10,t0",
8000978c,fcvt.wu.s,t6:00000000,,c01abfd3,3,"fcvt.wu.s	x31,f21","t6,fs5",
80009790,fadd.s,ft1:7fc00000,,003b10d3,3,"fadd.s	f1,f22,f3","ft1,fs6,ft3",
80009794,fsgnj.s,fa4:7fc00000,,20590753,3,"fsgnj.s	f14,f18,f5","fa4,fs2,ft5",
80009798,sltiu,t6:00000001,,b5e13f93,3,"sltiu	x31,x2,-1186","t6,sp,-1186",
8000979c,fcvt.wu.s,ra:75064100,,c01870d3,3,"fcvt.wu.s	x1,f16","ra,fa6",
800097a0,fcvt.w.s,a5:00000001,,c00ef7d3,3,"fcvt.w.s	x15,f29","a5,ft9",
800097a4,fdiv.s,fs4:00000000,,19331a53,3,"fdiv.s	f20,f6,f19","fs4,ft6,fs3",
800097a8,div,t5:00000000,,03144f33,3,"div	x30,x8,x17","t5,s0,a7",
800097ac,fsgnjn.s,fa0:7fc00000,,21519553,3,"fsgnjn.s	f10,f3,f21","fa0,ft3,fs5",
800097b0,remu,ra:44ac572c,,03dcf0b3,3,"remu	x1,x25,x29","ra,s9,t4",
800097b4,fadd.s,fa1:7fc00000,,006515d3,3,"fadd.s	f11,f10,f6","fa1,fa0,ft6",
800097b8,srli,s6:0000001e,,01b25b13,3,"srli	x22,x4,0x1b","s6,tp,0x1b",
800097bc,mulhu,t5:00000000,,0277bf33,3,"mulhu	x30,x15,x7","t5,a5,t2",
800097c0,fmax.s,fs9:7fc00000,,28e09cd3,3,"fmax.s	f25,f1,f14","fs9,ft1,fa4",
800097c4,fdiv.s,fs2:3f7fff38,,19ddf953,3,"fdiv.s	f18,f27,f29","fs2,fs11,ft9",
800097c8,addi,a4:0000023e,,23d78713,3,"addi	x14,x15,573","a4,a5,573",
800097cc,fle.s,s11:00000000,,a1b50dd3,3,"fle.s	x27,f10,f27","s11,fa0,fs11",
800097d0,fcvt.wu.s,a5:00000000,,c01d77d3,3,"fcvt.wu.s	x15,f26","a5,fs10",
800097d4,mulhu,a5:00000000,,03de37b3,3,"mulhu	x15,x28,x29","a5,t3,t4",
800097d8,auipc,a6:fd2667d8,,7d25d817,3,"auipc	x16,0x7d25d","a6,0x7d25d",
800097dc,fsqrt.s,ft10:7fc00000,,58057f53,3,"fsqrt.s	f30,f10","ft10,fa0",
800097e0,mul,s9:00000000,,02190cb3,3,"mul	x25,x18,x1","s9,s2,ra",
800097e4,fcvt.s.wu,fs4:00000000,,d0104a53,3,"fcvt.s.wu	f20,x0","fs4,zero",
800097e8,ori,s10:f75066dd,,2dd5ed13,3,"ori	x26,x11,733","s10,a1,733",
800097ec,fmax.s,ft1:4eea0c82,,291090d3,3,"fmax.s	f1,f1,f17","ft1,ft1,fa7",
800097f0,fclass.s,s7:00000040,,e00e9bd3,3,"fclass.s	x23,f29","s7,ft9",
800097f4,or,gp:00000001,,014fe1b3,3,"or	x3,x31,x20","gp,t6,s4",
800097f8,add,s4:77547434,,00558a33,3,"add	x20,x11,x5","s4,a1,t0",
800097fc,fadd.s,fs7:7fc00000,,01447bd3,3,"fadd.s	f23,f8,f20","fs7,fs0,fs4",
80009800,fsgnj.s,fa7:4eea0c82,,20e108d3,3,"fsgnj.s	f17,f2,f14","fa7,ft2,fa4",
80009804,mulhu,s7:00000000,,03ca3bb3,3,"mulhu	x23,x20,x28","s7,s4,t3",
80009808,fsqrt.s,fs5:7fc00000,,58018ad3,3,"fsqrt.s	f21,f3","fs5,ft3",
8000980c,mul,s11:aea00000,,02da0db3,3,"mul	x27,x20,x13","s11,s4,a3",
80009810,fcvt.w.s,a5:00000001,,c00e97d3,3,"fcvt.w.s	x15,f29","a5,ft9",
80009814,or,tp:ffffffee,,0074e233,3,"or	x4,x9,x7","tp,s1,t2",
80009818,flt.s,t2:00000000,,a0b013d3,3,"flt.s	x7,f0,f11","t2,ft0,fa1",
8000981c,flt.s,sp:00000001,,a1d39153,3,"flt.s	x2,f7,f29","sp,ft7,ft9",
80009820,mulhsu,a4:fe932858,,02982733,3,"mulhsu	x14,x16,x9","a4,a6,s1",
80009824,remu,s9:004b3205,,03aefcb3,3,"remu	x25,x29,x26","s9,t4,s10",
80009828,andi,s0:f7506410,,edf5f413,3,"andi	x8,x11,-289","s0,a1,-289",
8000982c,feq.s,t3:00000000,,a1712e53,3,"feq.s	x28,f2,f23","t3,ft2,fs7",
80009830,slt,s5:00000000,,009b2ab3,3,"slt	x21,x22,x9","s5,s6,s1",
80009834,fmul.s,fs4:7fc00000,,10cd2a53,3,"fmul.s	f20,f26,f12","fs4,fs10,fa2",
80009838,slli,s11:00000000,,00d51d93,3,"slli	x27,x10,0xd","s11,a0,0xd",
8000983c,fsgnj.s,fa5:7fc00000,,213407d3,3,"fsgnj.s	f15,f8,f19","fa5,fs0,fs3",
80009840,fsgnjx.s,ft2:3f800000,,214ea153,3,"fsgnjx.s	f2,f29,f20","ft2,ft9,fs4",
80009844,and,a5:00000000,,002777b3,3,"and	x15,x14,x2","a5,a4,sp",
80009848,slti,s5:00000001,,8a5c2a93,3,"slti	x21,x24,-1883","s5,s8,-1883",
8000984c,srli,s8:00000010,,01b2dc13,3,"srli	x24,x5,0x1b","s8,t0,0x1b",
80009850,divu,t2:ffffffff,,032253b3,3,"divu	x7,x4,x18","t2,tp,s2",
80009854,fclass.s,ra:00000040,,e00d90d3,3,"fclass.s	x1,f27","ra,fs11",
80009858,srli,t6:00000000,,014adf93,3,"srli	x31,x21,0x14","t6,s5,0x14",
8000985c,sra,t6:f75066dd,,41fd5fb3,3,"sra	x31,x26,x31","t6,s10,t6",
80009860,fmax.s,ft5:00000000,,287d12d3,3,"fmax.s	f5,f26,f7","ft5,fs10,ft7",
80009864,fmv.x.w,a0:3f800000,,e0098553,3,"fmv.x.w	x10,f19","a0,fs3",
80009868,sra,a0:00000000,,41505533,3,"sra	x10,x0,x21","a0,zero,s5",
8000986c,sltiu,a5:00000001,,6bc7b793,3,"sltiu	x15,x15,1724","a5,a5,1724",
80009870,ori,t4:fffff807,,8061ee93,3,"ori	x29,x3,-2042","t4,gp,-2042",
80009874,divu,a2:00000000,,029e5633,3,"divu	x12,x28,x9","a2,t3,s1",
80009878,sltiu,s8:00000001,,98ecbc13,3,"sltiu	x24,x25,-1650","s8,s9,-1650",
8000987c,fcvt.w.s,sp:7fffffff,,c00a0153,3,"fcvt.w.s	x2,f20","sp,fs4",
80009880,fsub.s,fa0:7fc00000,,080c7553,3,"fsub.s	f10,f24,f0","fa0,fs8,ft0",
80009884,slli,a2:04000000,,01a79613,3,"slli	x12,x15,0x1a","a2,a5,0x1a",
8000988c,slli,a0:00000000,,01a09513,3,"slli	x10,x1,0x1a","a0,ra,0x1a",
80009890,fcvt.wu.s,s9:00000000,,c01d7cd3,3,"fcvt.wu.s	x25,f26","s9,fs10",
80009894,srl,ra:fffe0000,,019350b3,3,"srl	x1,x6,x25","ra,t1,s9",
80009898,fmv.x.w,s6:4eea0c82,,e0080b53,3,"fmv.x.w	x22,f16","s6,fa6",
8000989c,fcvt.s.wu,ft7:4f000410,,d012f3d3,3,"fcvt.s.wu	f7,x5","ft7,t0",
800098a0,fsgnjx.s,fs7:bf800000,,200eabd3,3,"fsgnjx.s	f23,f29,f0","fs7,ft9,ft0",
800098a4,slti,s3:00000001,,7b57a993,3,"slti	x19,x15,1973","s3,a5,1973",
800098a8,fmin.s,fs4:80000000,,28820a53,3,"fmin.s	f20,f4,f8","fs4,ft4,fs0",
800098ac,lui,t6:28e1b000,,28e1bfb7,3,"lui	x31,0x28e1b","t6,0x28e1b",
800098b0,srli,s4:00000000,,009bda13,3,"srli	x20,x23,0x9","s4,s7,0x9",
800098b4,fmin.s,ft8:80000000,,281b0e53,3,"fmin.s	f28,f22,f1","ft8,fs6,ft1",
800098b8,xor,s9:00000000,,017a4cb3,3,"xor	x25,x20,x23","s9,s4,s7",
800098bc,slt,a6:00000000,,00e62833,3,"slt	x16,x12,x14","a6,a2,a4",
800098c0,fsgnjn.s,fs2:3f800000,,20099953,3,"fsgnjn.s	f18,f19,f0","fs2,fs3,ft0",
800098c4,lui,tp:e954a000,,e954a237,3,"lui	x4,0xe954a","tp,0xe954a",
800098c8,fsqrt.s,fs2:00000000,,580d4953,3,"fsqrt.s	f18,f26","fs2,fs10",
800098cc,fcvt.s.w,fs7:3f800000,,d001fbd3,3,"fcvt.s.w	f23,x3","fs7,gp",
800098d0,mul,s6:04000000,,02360b33,3,"mul	x22,x12,x3","s6,a2,gp",
800098d4,fle.s,s2:00000000,,a17c0953,3,"fle.s	x18,f24,f23","s2,fs8,fs7",
800098d8,srai,t6:fe00103f,,4064df93,3,"srai	x31,x9,0x6","t6,s1,0x6",
800098dc,fsgnjx.s,fa3:00000000,,219926d3,3,"fsgnjx.s	f13,f18,f25","fa3,fs2,fs9",
800098e0,fcvt.s.w,fs9:cefff7e0,,d002ccd3,3,"fcvt.s.w	f25,x5","fs9,t0",
800098e4,slt,tp:00000001,,01642233,3,"slt	x4,x8,x22","tp,s0,s6",
800098e8,lui,s3:0d4c1000,,0d4c19b7,3,"lui	x19,0xd4c1","s3,0xd4c1",
800098ec,lui,sp:b2901000,,b2901137,3,"lui	x2,0xb2901","sp,0xb2901",
800098f0,fcvt.s.w,ft3:00000000,,d00f71d3,3,"fcvt.s.w	f3,x30","ft3,t5",
800098f4,lui,s5:59a04000,,59a04ab7,3,"lui	x21,0x59a04","s5,0x59a04",
800098f8,srli,t1:00000020,,015b5313,3,"srli	x6,x22,0x15","t1,s6,0x15",
80009900,fdiv.s,ft2:7fc00000,,1887f153,3,"fdiv.s	f2,f15,f8","ft2,fa5,fs0",
80009904,and,a0:00000000,,0004f533,3,"and	x10,x9,x0","a0,s1,zero",
80009908,mulhu,t2:00001440,,02d6b3b3,3,"mulhu	x7,x13,x13","t2,a3,a3",
8000990c,fmul.s,ft9:7fc00000,,10bb2ed3,3,"fmul.s	f29,f22,f11","ft9,fs6,fa1",
80009910,sltu,a6:00000000,,01023833,3,"sltu	x16,x4,x16","a6,tp,a6",
80009914,rem,s6:00001440,,0363eb33,3,"rem	x22,x7,x22","s6,t2,s6",
8000991c,fmul.s,ft11:3f800000,,11fdafd3,3,"fmul.s	f31,f27,f31","ft11,fs11,ft11",
80009924,fcvt.w.s,sp:7fffffff,,c007f153,3,"fcvt.w.s	x2,f15","sp,fa5",
80009928,fle.s,a6:00000001,,a07f8853,3,"fle.s	x16,f31,f7","a6,ft11,ft7",
8000992c,feq.s,s5:00000000,,a1502ad3,3,"feq.s	x21,f0,f21","s5,ft0,fs5",
80009930,add,a3:02932858,,00e606b3,3,"add	x13,x12,x14","a3,a2,a4",
80009934,fsgnj.s,fa2:00000000,,21db0653,3,"fsgnj.s	f12,f22,f29","fa2,fs6,ft9",
80009938,flt.s,a4:00000000,,a0bb9753,3,"flt.s	x14,f23,f11","a4,fs7,fa1",
8000993c,fmax.s,fs11:80000000,,294c9dd3,3,"fmax.s	f27,f25,f20","fs11,fs9,fs4",
80009940,fsub.s,ft5:80000000,,08ddc2d3,3,"fsub.s	f5,f27,f13","ft5,fs11,fa3",
80009944,fle.s,sp:00000000,,a1fe8153,3,"fle.s	x2,f29,f31","sp,ft9,ft11",
80009948,fsgnjx.s,ft2:ffc00000,,21dc2153,3,"fsgnjx.s	f2,f24,f29","ft2,fs8,ft9",
8000994c,mulhu,tp:00000000,,02793233,3,"mulhu	x4,x18,x7","tp,s2,t2",
80009950,fclass.s,a0:00000200,,e00e9553,3,"fclass.s	x10,f29","a0,ft9",
80009954,flt.s,a6:00000000,,a0489853,3,"flt.s	x16,f17,f4","a6,fa7,ft4",
80009958,divu,a5:ffffffff,,024e57b3,3,"divu	x15,x28,x4","a5,t3,tp",
8000995c,sub,t4:00001440,,414b0eb3,3,"sub	x29,x22,x20","t4,s6,s4",
80009960,fmin.s,ft10:7fc00000,,29878f53,3,"fmin.s	f30,f15,f24","ft10,fa5,fs8",
80009964,mulhu,t3:00000000,,033f3e33,3,"mulhu	x28,x30,x19","t3,t5,s3",
80009968,fmax.s,fs0:80000000,,294e9453,3,"fmax.s	f8,f29,f20","fs0,ft9,fs4",
8000996c,srl,s4:80040fe4,,0134da33,3,"srl	x20,x9,x19","s4,s1,s3",
80009970,sltiu,tp:00000001,,fdbdb213,3,"sltiu	x4,x27,-37","tp,s11,-37",
80009974,slti,s8:00000001,,dfb8ac13,3,"slti	x24,x17,-517","s8,a7,-517",
80009978,slt,s8:00000000,,01972c33,3,"slt	x24,x14,x25","s8,a4,s9",
8000997c,div,a7:fc002080,,0264c8b3,3,"div	x17,x9,x6","a7,s1,t1",
80009980,add,t6:fe00247f,,01df8fb3,3,"add	x31,x31,x29","t6,t6,t4",
80009984,slt,a0:00000001,,007a2533,3,"slt	x10,x20,x7","a0,s4,t2",
8000998c,slli,t1:00400000,,01621313,3,"slli	x6,x4,0x16","t1,tp,0x16",
80009990,auipc,s9:e8b85990,,68b7cc97,3,"auipc	x25,0x68b7c","s9,0x68b7c",
80009994,sltiu,a0:00000001,,ac4a3513,3,"sltiu	x10,x20,-1340","a0,s4,-1340",
8000999c,fcvt.wu.s,s2:ffffffff,,c017b953,3,"fcvt.wu.s	x18,f15","s2,fa5",
800099a4,divu,s10:ffffffff,,0205dd33,3,"divu	x26,x11,x0","s10,a1,zero",
800099a8,fcvt.wu.s,tp:00000000,,c01d7253,3,"fcvt.wu.s	x4,f26","tp,fs10",
800099ac,fclass.s,tp:00000200,,e00a9253,3,"fclass.s	x4,f21","tp,fs5",
800099b0,slti,t2:00000000,,7b96a393,3,"slti	x7,x13,1977","t2,a3,1977",
800099b4,remu,a5:fc002080,,0328f7b3,3,"remu	x15,x17,x18","a5,a7,s2",
800099b8,sltiu,s0:00000000,,58633413,3,"sltiu	x8,x6,1414","s0,t1,1414",
800099bc,fadd.s,fa1:7fc00000,,0093c5d3,3,"fadd.s	f11,f7,f9","fa1,ft7,fs1",
800099c0,fsqrt.s,ft1:00000000,,580d40d3,3,"fsqrt.s	f1,f26","ft1,fs10",
800099c4,sll,s0:00000000,,00d81433,3,"sll	x8,x16,x13","s0,a6,a3",
800099c8,srli,s6:00000000,,00c15b13,3,"srli	x22,x2,0xc","s6,sp,0xc",
800099cc,fcvt.wu.s,t4:00000000,,c01d8ed3,3,"fcvt.wu.s	x29,f27","t4,fs11",
800099d0,sltiu,s6:00000001,,f99ebb13,3,"sltiu	x22,x29,-103","s6,t4,-103",
800099d8,sltu,t5:00000000,,0065bf33,3,"sltu	x30,x11,x6","t5,a1,t1",
800099dc,fsqrt.s,ft5:7fc00000,,580cc2d3,3,"fsqrt.s	f5,f25","ft5,fs9",
800099e0,andi,a5:04000000,,ff167793,3,"andi	x15,x12,-15","a5,a2,-15",
800099e4,fcvt.s.w,fs5:4d54c100,,d009bad3,3,"fcvt.s.w	f21,x19","fs5,s3",
800099e8,sltu,a4:00000001,,0013b733,3,"sltu	x14,x7,x1","a4,t2,ra",
800099ec,fdiv.s,fs10:7fc00000,,1877bd53,3,"fdiv.s	f26,f15,f7","fs10,fa5,ft7",
800099f0,fsgnjn.s,fs7:80000000,,211a1bd3,3,"fsgnjn.s	f23,f20,f17","fs7,fs4,fa7",
800099f4,slli,s3:dd419040,,00259993,3,"slli	x19,x11,0x2","s3,a1,0x2",
800099f8,sub,a0:fd6cd7a9,,40db0533,3,"sub	x10,x22,x13","a0,s6,a3",
800099fc,srl,s0:80040fe4,,01ba5433,3,"srl	x8,x20,x27","s0,s4,s11",
80009a00,fdiv.s,fs1:80000000,,199914d3,3,"fdiv.s	f9,f18,f25","fs1,fs2,fs9",
80009a04,fsgnjx.s,fa1:80000200,,21c325d3,3,"fsgnjx.s	f11,f6,f28","fa1,ft6,ft8",
80009a08,fle.s,a6:00000000,,a0938853,3,"fle.s	x16,f7,f9","a6,ft7,fs1",
80009a0c,sll,s10:00000000,,00201d33,3,"sll	x26,x0,x2","s10,zero,sp",
80009a10,remu,t3:80040fe4,,03b47e33,3,"remu	x28,x8,x27","t3,s0,s11",
80009a14,fsgnj.s,fa5:80000000,,200e07d3,3,"fsgnj.s	f15,f28,f0","fa5,ft8,ft0",
80009a18,sll,gp:fffe0000,,000091b3,3,"sll	x3,x1,x0","gp,ra,zero",
80009a20,fsgnjn.s,fa2:80000000,,21db9653,3,"fsgnjn.s	f12,f23,f29","fa2,fs7,ft9",
80009a24,fsgnj.s,ft0:00000000,,21048053,3,"fsgnj.s	f0,f9,f16","ft0,fs1,fa6",
80009a28,addi,s10:fffe0317,,31708d13,3,"addi	x26,x1,791","s10,ra,791",
80009a2c,fsgnjx.s,fa3:80000000,,20c0a6d3,3,"fsgnjx.s	f13,f1,f12","fa3,ft1,fa2",
80009a30,fmv.w.x,ft10:00000000,,f0000f53,3,"fmv.w.x	f30,x0","ft10,zero",
80009a34,fmul.s,ft0:7fc00000,,10a27053,3,"fmul.s	f0,f4,f10","ft0,ft4,fa0",
80009a38,sll,s6:00000001,,00171b33,3,"sll	x22,x14,x1","s6,a4,ra",
80009a40,xor,s7:00000000,,002f4bb3,3,"xor	x23,x30,x2","s7,t5,sp",
80009a44,sll,a0:00000000,,00d01533,3,"sll	x10,x0,x13","a0,zero,a3",
80009a48,fmax.s,fs6:00000000,,283d9b53,3,"fmax.s	f22,f27,f3","fs6,fs11,ft3",
80009a4c,fmul.s,ft8:80000000,,11542e53,3,"fmul.s	f28,f8,f21","ft8,fs0,fs5",
80009a50,sub,a0:fffdffff,,41618533,3,"sub	x10,x3,x22","a0,gp,s6",
80009a54,mulhu,gp:80040fe3,,034931b3,3,"mulhu	x3,x18,x20","gp,s2,s4",
80009a58,mul,t4:e03a0000,,02118eb3,3,"mul	x29,x3,x1","t4,gp,ra",
80009a5c,sll,a0:e03a0000,,01be9533,3,"sll	x10,x29,x27","a0,t4,s11",
80009a60,rem,t2:00000000,,021163b3,3,"rem	x7,x2,x1","t2,sp,ra",
80009a64,fcvt.s.wu,fa6:44000000,,d0127853,3,"fcvt.s.wu	f16,x4","fa6,tp",
80009a68,feq.s,t3:00000000,,a053ae53,3,"feq.s	x28,f7,f5","t3,ft7,ft5",
80009a6c,mulhu,ra:00000000,,0377b0b3,3,"mulhu	x1,x15,x23","ra,a5,s7",
80009a70,sll,s10:00010000,,00b71d33,3,"sll	x26,x14,x11","s10,a4,a1",
80009a78,lui,s3:4140c000,,4140c9b7,3,"lui	x19,0x4140c","s3,0x4140c",
80009a7c,fsgnjx.s,ft5:80000000,,2074a2d3,3,"fsgnjx.s	f5,f9,f7","ft5,fs1,ft7",
80009a80,srai,s6:00001000,,40a35b13,3,"srai	x22,x6,0xa","s6,t1,0xa",
80009a84,srli,tp:00000000,,01de5213,3,"srli	x4,x28,0x1d","tp,t3,0x1d",
80009a88,fmul.s,ft11:80000000,,11437fd3,3,"fmul.s	f31,f6,f20","ft11,ft6,fs4",
80009a8c,fsgnj.s,fs5:cefff7e0,,208c8ad3,3,"fsgnj.s	f21,f25,f8","fs5,fs9,fs0",
80009a90,flt.s,s3:00000000,,a0b219d3,3,"flt.s	x19,f4,f11","s3,ft4,fa1",
80009a94,slli,tp:00000000,,01639213,3,"slli	x4,x7,0x16","tp,t2,0x16",
80009a98,fmul.s,ft6:7fc00000,,109d4353,3,"fmul.s	f6,f26,f9","ft6,fs10,fs1",
80009a9c,slli,ra:b3200000,,011c9093,3,"slli	x1,x25,0x11","ra,s9,0x11",
80009aa0,fsgnjx.s,fs8:ffc00000,,212c2c53,3,"fsgnjx.s	f24,f24,f18","fs8,fs8,fs2",
80009aa4,fclass.s,ra:00000008,,e00690d3,3,"fclass.s	x1,f13","ra,fa3",
80009aa8,fmv.x.w,t3:7fc00000,,e0030e53,3,"fmv.x.w	x28,f6","t3,ft6",
80009aac,fmv.w.x,ft11:80040fe4,,f0048fd3,3,"fmv.w.x	f31,x9","ft11,s1",
80009ab0,srl,s2:00000000,,012f5933,3,"srl	x18,x30,x18","s2,t5,s2",
80009ab4,sub,s3:01ffdb81,,41ff09b3,3,"sub	x19,x30,x31","s3,t5,t6",
80009ab8,fmv.w.x,ft5:00000000,,f00902d3,3,"fmv.w.x	f5,x18","ft5,s2",
80009abc,fle.s,gp:00000001,,a16c81d3,3,"fle.s	x3,f25,f22","gp,fs9,fs6",
80009ac0,fmax.s,fs11:80000000,,28969dd3,3,"fmax.s	f27,f13,f9","fs11,fa3,fs1",
80009ac4,div,a4:ffffffff,,02004733,3,"div	x14,x0,x0","a4,zero,zero",
80009ac8,fadd.s,fs3:7fc00000,,0024f9d3,3,"fadd.s	f19,f9,f2","fs3,fs1,ft2",
80009acc,fsgnjn.s,fs0:00000000,,21841453,3,"fsgnjn.s	f8,f8,f24","fs0,fs0,fs8",
80009ad0,srl,s5:04000000,,00665ab3,3,"srl	x21,x12,x6","s5,a2,t1",
80009ad4,fcvt.s.w,ft8:4c800000,,d007fe53,3,"fcvt.s.w	f28,x15","ft8,a5",
80009ad8,mulhu,t6:40041014,,02543fb3,3,"mulhu	x31,x8,x5","t6,s0,t0",
80009adc,fcvt.w.s,gp:00000000,,c00b31d3,3,"fcvt.w.s	x3,f22","gp,fs6",
80009ae0,xor,s7:04000000,,00fdcbb3,3,"xor	x23,x27,x15","s7,s11,a5",
80009ae4,fcvt.s.w,ft5:bf800000,,d00772d3,3,"fcvt.s.w	f5,x14","ft5,a4",
80009ae8,srai,a6:00000000,,4163d813,3,"srai	x16,x7,0x16","a6,t2,0x16",
80009aec,fle.s,t6:00000001,,a0d08fd3,3,"fle.s	x31,f1,f13","t6,ft1,fa3",
80009af0,srli,sp:00000100,,0127d113,3,"srli	x2,x15,0x12","sp,a5,0x12",
80009af4,xor,s4:9ffa0000,,01ceca33,3,"xor	x20,x29,x28","s4,t4,t3",
80009af8,mulh,t1:00000000,,02301333,3,"mulh	x6,x0,x3","t1,zero,gp",
80009afc,fle.s,t4:00000000,,a0c00ed3,3,"fle.s	x29,f0,f12","t4,ft0,fa2",
80009b00,fsub.s,fs7:00000200,,08bdfbd3,3,"fsub.s	f23,f27,f11","fs7,fs11,fa1",
80009b04,mulh,s11:00000004,,02261db3,3,"mulh	x27,x12,x2","s11,a2,sp",
80009b08,fle.s,a6:00000001,,a1078853,3,"fle.s	x16,f15,f16","a6,fa5,fa6",
80009b0c,sra,tp:7fc00000,,407e5233,3,"sra	x4,x28,x7","tp,t3,t2",
80009b10,fmax.s,ft10:80000000,,289c1f53,3,"fmax.s	f30,f24,f9","ft10,fs8,fs1",
80009b14,fadd.s,ft11:00000200,,01797fd3,3,"fadd.s	f31,f18,f23","ft11,fs2,fs7",
80009b18,fmin.s,ft9:00000200,,29ab8ed3,3,"fmin.s	f29,f23,f26","ft9,fs7,fs10",
80009b1c,sra,s11:f7506410,,4045ddb3,3,"sra	x27,x11,x4","s11,a1,tp",
80009b20,fmul.s,fa6:80000000,,10509853,3,"fmul.s	f16,f1,f5","fa6,ft1,ft5",
80009b24,flt.s,a7:00000000,,a09d98d3,3,"flt.s	x17,f27,f9","a7,fs11,fs1",
80009b28,sub,tp:f3506410,,40fd8233,3,"sub	x4,x27,x15","tp,s11,a5",
80009b2c,fsgnjn.s,fs8:00000000,,20da1c53,3,"fsgnjn.s	f24,f20,f13","fs8,fs4,fa3",
80009b30,fcvt.s.w,fa4:cec00c00,,d00a0753,3,"fcvt.s.w	f14,x20","fa4,s4",
80009b34,add,t3:775473f4,,00858e33,3,"add	x28,x11,x8","t3,a1,s0",
80009b38,auipc,a4:d1b5fb38,,51b56717,3,"auipc	x14,0x51b56","a4,0x51b56",
80009b40,fmul.s,fs9:00000000,,112f9cd3,3,"fmul.s	f25,f31,f18","fs9,ft11,fs2",
80009b44,srli,s6:0000007f,,0129db13,3,"srli	x22,x19,0x12","s6,s3,0x12",
80009b48,mulhu,tp:01499ea1,,02d43233,3,"mulhu	x4,x8,x13","tp,s0,a3",
80009b4c,fadd.s,ft9:00000000,,01268ed3,3,"fadd.s	f29,f13,f18","ft9,fa3,fs2",
80009b50,divu,t2:0000003b,,033e53b3,3,"divu	x7,x28,x19","t2,t3,s3",
80009b54,fsqrt.s,fs9:7fc00000,,58004cd3,3,"fsqrt.s	f25,f0","fs9,ft0",
80009b58,xor,ra:00000001,,018840b3,3,"xor	x1,x16,x24","ra,a6,s8",
80009b5c,xori,tp:fe002418,,f999c213,3,"xori	x4,x19,-103","tp,s3,-103",
80009b60,srl,tp:0000007f,,01db5233,3,"srl	x4,x22,x29","tp,s6,t4",
80009b64,fmul.s,fs5:00000000,,11d09ad3,3,"fmul.s	f21,f1,f29","fs5,ft1,ft9",
80009b68,xor,s3:80040fe5,,0080c9b3,3,"xor	x19,x1,x8","s3,ra,s0",
80009b6c,flt.s,a7:00000000,,a10218d3,3,"flt.s	x17,f4,f16","a7,ft4,fa6",
80009b70,auipc,sp:cb5c7b70,,4b5be117,3,"auipc	x2,0x4b5be","sp,0x4b5be",
80009b74,add,s7:d1b5fb38,,01870bb3,3,"add	x23,x14,x24","s7,a4,s8",
80009b78,fsqrt.s,ft5:7fc00000,,5809a2d3,3,"fsqrt.s	f5,f19","ft5,fs3",
80009b7c,slt,a0:00000001,,0012a533,3,"slt	x10,x5,x1","a0,t0,ra",
80009b80,fle.s,s10:00000000,,a0d30d53,3,"fle.s	x26,f6,f13","s10,ft6,fa3",
80009b84,or,t3:e8bc59b4,,0192ee33,3,"or	x28,x5,x25","t3,t0,s9",
80009b88,fsgnjn.s,ft0:80000000,,21ac1053,3,"fsgnjn.s	f0,f24,f26","ft0,fs8,fs10",
80009b8c,slti,s7:00000001,,15c4ab93,3,"slti	x23,x9,348","s7,s1,348",
80009b90,fsgnj.s,fa4:4f000410,,20838753,3,"fsgnj.s	f14,f7,f8","fa4,ft7,fs0",
80009b94,fmv.x.w,s10:00000000,,e00e8d53,3,"fmv.x.w	x26,f29","s10,ft9",
80009b98,srli,s4:00000020,,01565a13,3,"srli	x20,x12,0x15","s4,a2,0x15",
80009b9c,mulhsu,s11:00000000,,038cadb3,3,"mulhsu	x27,x25,x24","s11,s9,s8",
80009ba0,xori,s6:e8b85950,,0c0ccb13,3,"xori	x22,x25,192","s6,s9,192",
80009ba4,mulhsu,t5:00000000,,03432f33,3,"mulhsu	x30,x6,x20","t5,t1,s4",
80009ba8,mul,t2:00000000,,03d683b3,3,"mul	x7,x13,x29","t2,a3,t4",
80009bb0,ori,t1:fffffe67,,e672e313,3,"ori	x6,x5,-409","t1,t0,-409",
80009bbc,fmin.s,fs10:80000000,,28950d53,3,"fmin.s	f26,f10,f9","fs10,fa0,fs1",
80009bc0,and,s3:00000000,,01fdf9b3,3,"and	x19,x27,x31","s3,s11,t6",
80009bc4,fmv.w.x,ft1:00000000,,f00980d3,3,"fmv.w.x	f1,x19","ft1,s3",
80009bc8,or,gp:04000000,,015de1b3,3,"or	x3,x27,x21","gp,s11,s5",
80009bcc,slti,t1:00000001,,6a592313,3,"slti	x6,x18,1701","t1,s2,1701",
80009bd0,or,s2:e8bc59b5,,01c56933,3,"or	x18,x10,x28","s2,a0,t3",
80009bd4,fmul.s,ft6:80000000,,10cab353,3,"fmul.s	f6,f21,f12","ft6,fs5,fa2",
80009bd8,fmax.s,fs7:80000000,,29481bd3,3,"fmax.s	f23,f16,f20","fs7,fa6,fs4",
80009be0,mulh,a2:04c899e6,,03c11633,3,"mulh	x12,x2,x28","a2,sp,t3",
80009be4,fmv.w.x,ft9:04000000,,f0078ed3,3,"fmv.w.x	f29,x15","ft9,a5",
80009be8,fmin.s,ft7:80000200,,29a583d3,3,"fmin.s	f7,f11,f26","ft7,fa1,fs10",
80009bec,srl,a3:00000000,,005856b3,3,"srl	x13,x16,x5","a3,a6,t0",
80009bf0,fcvt.s.wu,fs10:4f68bc59,,d0197d53,3,"fcvt.s.wu	f26,x18","fs10,s2",
80009bf4,mulhu,s3:00000000,,03e339b3,3,"mulhu	x19,x6,x30","s3,t1,t5",
80009bf8,fclass.s,t5:00000010,,e00a9f53,3,"fclass.s	x30,f21","t5,fs5",
80009c00,fmul.s,ft1:5ee8c3bc,,11a700d3,3,"fmul.s	f1,f14,f26","ft1,fa4,fs10",
80009c04,fsgnjn.s,fa6:80000000,,218a1853,3,"fsgnjn.s	f16,f20,f24","fa6,fs4,fs8",
80009c08,xor,a6:80040fe5,,01744833,3,"xor	x16,x8,x23","a6,s0,s7",
80009c0c,fmul.s,fs8:7fc00000,,11653c53,3,"fmul.s	f24,f10,f22","fs8,fa0,fs6",
80009c10,ori,t1:d1b5fbb8,,0a876313,3,"ori	x6,x14,168","t1,a4,168",
80009c14,fcvt.w.s,t5:00000000,,c0062f53,3,"fcvt.w.s	x30,f12","t5,fa2",
80009c18,fmul.s,fa7:80000000,,103398d3,3,"fmul.s	f17,f7,f3","fa7,ft7,ft3",
80009c1c,divu,s2:00000000,,0307d933,3,"divu	x18,x15,x16","s2,a5,a6",
80009c20,fmv.x.w,s4:04000000,,e00e8a53,3,"fmv.x.w	x20,f29","s4,ft9",
80009c24,mulh,a2:00000000,,029d9633,3,"mulh	x12,x27,x9","a2,s11,s1",
80009c28,fsgnjn.s,fa3:00000000,,21b196d3,3,"fsgnjn.s	f13,f3,f27","fa3,ft3,fs11",
80009c2c,div,s11:ffffffff,,02d1cdb3,3,"div	x27,x3,x13","s11,gp,a3",
80009c30,slti,s2:00000001,,f94e2913,3,"slti	x18,x28,-108","s2,t3,-108",
80009c34,remu,s8:00000000,,03087c33,3,"remu	x24,x16,x16","s8,a6,a6",
80009c38,addi,s3:e8bc5ff1,,63de0993,3,"addi	x19,x28,1597","s3,t3,1597",
80009c3c,divu,a7:ffffffff,,027ad8b3,3,"divu	x17,x21,x7","a7,s5,t2",
80009c40,fsub.s,fs11:04000000,,096ebdd3,3,"fsub.s	f27,f29,f22","fs11,ft9,fs6",
80009c44,fsgnjn.s,ft9:00000200,,217f9ed3,3,"fsgnjn.s	f29,f31,f23","ft9,ft11,fs7",
80009c48,div,t6:00000000,,030ccfb3,3,"div	x31,x25,x16","t6,s9,a6",
80009c4c,slli,s6:0fe40000,,01041b13,3,"slli	x22,x8,0x10","s6,s0,0x10",
80009c50,rem,a0:00000000,,02aae533,3,"rem	x10,x21,x10","a0,s5,a0",
80009c54,fsqrt.s,fa2:80000000,,58027653,3,"fsqrt.s	f12,f4","fa2,ft4",
80009c58,add,s9:e8b85990,,00cc8cb3,3,"add	x25,x25,x12","s9,s9,a2",
80009c5c,divu,s5:00000000,,03ca5ab3,3,"divu	x21,x20,x28","s5,s4,t3",
80009c60,srl,t2:00000000,,012d53b3,3,"srl	x7,x26,x18","t2,s10,s2",
80009c64,mul,s2:00000000,,03cf0933,3,"mul	x18,x30,x28","s2,t5,t3",
80009c68,fmul.s,ft7:00000000,,10f7f3d3,3,"fmul.s	f7,f15,f15","ft7,fa5,fa5",
80009c6c,and,s3:00000000,,016579b3,3,"and	x19,x10,x22","s3,a0,s6",
80009c70,rem,s0:00000000,,03d96433,3,"rem	x8,x18,x29","s0,s2,t4",
80009c74,sub,s7:00000000,,40740bb3,3,"sub	x23,x8,x7","s7,s0,t2",
80009c78,fdiv.s,fs0:80000000,,19b8f453,3,"fdiv.s	f8,f17,f27","fs0,fa7,fs11",
80009c7c,fmul.s,fs6:80000000,,11558b53,3,"fmul.s	f22,f11,f21","fs6,fa1,fs5",
80009c80,slt,a5:00000000,,010427b3,3,"slt	x15,x8,x16","a5,s0,a6",
80009c84,fmin.s,ft5:80000000,,28eb82d3,3,"fmin.s	f5,f23,f14","ft5,fs7,fa4",
80009c88,auipc,a7:77f97c88,,f7f8e897,3,"auipc	x17,0xf7f8e","a7,0xf7f8e",
80009c8c,fcvt.wu.s,a6:00000000,,c01fb853,3,"fcvt.wu.s	x16,f31","a6,ft11",
80009c90,fsub.s,fs6:7fc00000,,0937fb53,3,"fsub.s	f22,f15,f19","fs6,fa5,fs3",
80009c94,srai,a2:00000000,,41d25613,3,"srai	x12,x4,0x1d","a2,tp,0x1d",
80009c98,fdiv.s,fs10:7fc00000,,189b7d53,3,"fdiv.s	f26,f22,f9","fs10,fs6,fs1",
80009c9c,fmul.s,fa6:7fc00000,,102cf853,3,"fmul.s	f16,f25,f2","fa6,fs9,ft2",
80009ca0,remu,a4:00000000,,02c67733,3,"remu	x14,x12,x12","a4,a2,a2",
80009ca4,fmul.s,fa6:7fc00000,,11af1853,3,"fmul.s	f16,f30,f26","fa6,ft10,fs10",
80009ca8,div,a7:00000000,,02b9c8b3,3,"div	x17,x19,x11","a7,s3,a1",
80009cac,fmax.s,ft11:80000000,,28941fd3,3,"fmax.s	f31,f8,f9","ft11,fs0,fs1",
80009cb0,mulhu,a2:00000000,,024ab633,3,"mulhu	x12,x21,x4","a2,s5,tp",
80009cb4,fmax.s,fa2:80000000,,29759653,3,"fmax.s	f12,f11,f23","fa2,fa1,fs7",
80009cb8,or,a6:cb5c7b70,,01716833,3,"or	x16,x2,x23","a6,sp,s7",
80009cbc,add,t2:e8bc59b4,,017e03b3,3,"add	x7,x28,x23","t2,t3,s7",
80009cc0,rem,a5:00000000,,03cfe7b3,3,"rem	x15,x31,x28","a5,t6,t3",
80009cc4,mulh,sp:00000000,,02e71133,3,"mulh	x2,x14,x14","sp,a4,a4",
80009cc8,fsgnjx.s,fa7:4f000410,,21a728d3,3,"fsgnjx.s	f17,f14,f26","fa7,fa4,fs10",
80009ccc,feq.s,s0:00000000,,a09da453,3,"feq.s	x8,f27,f9","s0,fs11,fs1",
80009cd0,fmv.x.w,t3:00000200,,e00e8e53,3,"fmv.x.w	x28,f29","t3,ft9",
80009cd8,fmv.w.x,fa7:00000000,,f00b88d3,3,"fmv.w.x	f17,x23","fa7,s7",
80009cdc,sll,s9:00000000,,009a9cb3,3,"sll	x25,x21,x9","s9,s5,s1",
80009ce0,div,a5:ffffffff,,02f4c7b3,3,"div	x15,x9,x15","a5,s1,a5",
80009ce4,fcvt.w.s,a3:00000000,,c00f26d3,3,"fcvt.w.s	x13,f30","a3,ft10",
80009ce8,fclass.s,s5:00000008,,e00f1ad3,3,"fclass.s	x21,f30","s5,ft10",
80009cec,fadd.s,fa4:7fc00000,,01667753,3,"fadd.s	f14,f12,f22","fa4,fa2,fs6",
80009cf0,slt,t2:00000001,,00f5a3b3,3,"slt	x7,x11,x15","t2,a1,a5",
80009cf4,srli,t4:00000000,,01255e93,3,"srli	x29,x10,0x12","t4,a0,0x12",
80009cf8,fcvt.w.s,s4:00000000,,c0027a53,3,"fcvt.w.s	x20,f4","s4,ft4",
80009cfc,slli,ra:00000000,,011b1093,3,"slli	x1,x22,0x11","ra,s6,0x11",
80009d00,slt,s3:00000000,,01f9a9b3,3,"slt	x19,x19,x31","s3,s3,t6",
80009d04,and,a7:00000200,,01cdf8b3,3,"and	x17,x27,x28","a7,s11,t3",
80009d08,and,a3:00000000,,000a76b3,3,"and	x13,x20,x0","a3,s4,zero",
80009d0c,fmv.x.w,t1:00000000,,e0088353,3,"fmv.x.w	x6,f17","t1,fa7",
80009d10,and,t3:00000000,,0140fe33,3,"and	x28,x1,x20","t3,ra,s4",
80009d14,xori,s2:7ffbe8cc,,8e82c913,3,"xori	x18,x5,-1816","s2,t0,-1816",
80009d18,fmv.x.w,s7:80000000,,e00f0bd3,3,"fmv.x.w	x23,f30","s7,ft10",
80009d1c,andi,s6:cb5c7940,,94087b13,3,"andi	x22,x16,-1728","s6,a6,-1728",
80009d20,rem,s0:00000000,,03a0e433,3,"rem	x8,x1,x26","s0,ra,s10",
80009d24,fclass.s,t3:00000200,,e00c9e53,3,"fclass.s	x28,f25","t3,fs9",
80009d28,fcvt.wu.s,ra:00000000,,c01ef0d3,3,"fcvt.wu.s	x1,f29","ra,ft9",
80009d2c,sub,a6:7ffbe8cc,,40090833,3,"sub	x16,x18,x0","a6,s2,zero",
80009d30,fclass.s,s7:00000008,,e0031bd3,3,"fclass.s	x23,f6","s7,ft6",
80009d34,xor,t3:04000000,,01f1ce33,3,"xor	x28,x3,x31","t3,gp,t6",
80009d38,mul,a3:00000000,,037406b3,3,"mul	x13,x8,x23","a3,s0,s7",
80009d3c,feq.s,a0:00000000,,a14ea553,3,"feq.s	x10,f29,f20","a0,ft9,fs4",
80009d40,srai,a6:00000000,,40105813,3,"srai	x16,x0,0x1","a6,zero,0x1",
80009d44,fsub.s,ft9:dee8c3bc,,081f0ed3,3,"fsub.s	f29,f30,f1","ft9,ft10,ft1",
80009d48,and,a5:00000000,,0102f7b3,3,"and	x15,x5,x16","a5,t0,a6",
80009d4c,andi,s11:00000100,,118b7d93,3,"andi	x27,x22,280","s11,s6,280",
80009d50,remu,ra:00000000,,023570b3,3,"remu	x1,x10,x3","ra,a0,gp",
80009d54,sll,a7:00000008,,001a98b3,3,"sll	x17,x21,x1","a7,s5,ra",
80009d58,fcvt.wu.s,t3:00000000,,c01f9e53,3,"fcvt.wu.s	x28,f31","t3,ft11",
80009d5c,fmin.s,fs11:80000000,,283f0dd3,3,"fmin.s	f27,f30,f3","fs11,ft10,ft3",
80009d60,sltiu,s6:00000001,,97b73b13,3,"sltiu	x22,x14,-1669","s6,a4,-1669",
80009d64,mulhu,s9:00000000,,037cbcb3,3,"mulhu	x25,x25,x23","s9,s9,s7",
80009d68,fadd.s,fs9:80000000,,0068fcd3,3,"fadd.s	f25,f17,f6","fs9,fa7,ft6",
80009d6c,fcvt.s.wu,ft1:00000000,,d01d70d3,3,"fcvt.s.wu	f1,x26","ft1,s10",
80009d70,fsqrt.s,fs3:7fc00000,,580829d3,3,"fsqrt.s	f19,f16","fs3,fa6",
80009d74,fadd.s,fa7:80000000,,00c318d3,3,"fadd.s	f17,f6,f12","fa7,ft6,fa2",
80009d78,mulh,s3:00000000,,034f99b3,3,"mulh	x19,x31,x20","s3,t6,s4",
80009d7c,fsgnjx.s,fs10:80000000,,21042d53,3,"fsgnjx.s	f26,f8,f16","fs10,fs0,fa6",
80009d80,fmv.x.w,s7:80000000,,e0000bd3,3,"fmv.x.w	x23,f0","s7,ft0",
80009d84,flt.s,s4:00000000,,a15d9a53,3,"flt.s	x20,f27,f21","s4,fs11,fs5",
80009d88,andi,tp:00000000,,9fbf7213,3,"andi	x4,x30,-1541","tp,t5,-1541",
80009d8c,fmv.x.w,t3:7fc00000,,e0050e53,3,"fmv.x.w	x28,f10","t3,fa0",
80009d90,sra,sp:00000000,,40725133,3,"sra	x2,x4,x7","sp,tp,t2",
80009d94,xori,t1:000006a6,,6a6cc313,3,"xori	x6,x25,1702","t1,s9,1702",
80009d98,srl,s8:07ffbe8c,,00995c33,3,"srl	x24,x18,x9","s8,s2,s1",
80009d9c,fmul.s,ft0:80000000,,107c8053,3,"fmul.s	f0,f25,f7","ft0,fs9,ft7",
80009da0,fmv.w.x,fs7:80041024,,f0028bd3,3,"fmv.w.x	f23,x5","fs7,t0",
80009da4,fmul.s,ft0:00000000,,1174a053,3,"fmul.s	f0,f9,f23","ft0,fs1,fs7",
80009da8,xori,s2:fffffe82,,e8274913,3,"xori	x18,x14,-382","s2,a4,-382",
80009dac,mulh,ra:00000000,,035310b3,3,"mulh	x1,x6,x21","ra,t1,s5",
80009db0,fsqrt.s,fs0:80000000,,580fa453,3,"fsqrt.s	f8,f31","fs0,ft11",
80009db4,fclass.s,s9:00000008,,e00f9cd3,3,"fclass.s	x25,f31","s9,ft11",
80009db8,add,s4:00000001,,00720a33,3,"add	x20,x4,x7","s4,tp,t2",
80009dbc,fmax.s,ft7:80000000,,294d93d3,3,"fmax.s	f7,f27,f20","ft7,fs11,fs4",
80009dc0,mul,a5:00000000,,033a87b3,3,"mul	x15,x21,x19","a5,s5,s3",
80009dc8,fclass.s,t4:00000200,,e0081ed3,3,"fclass.s	x29,f16","t4,fa6",
80009dcc,fmv.w.x,fs4:00000000,,f0020a53,3,"fmv.w.x	f20,x4","fs4,tp",
80009dd0,slt,a6:00000000,,01ac2833,3,"slt	x16,x24,x26","a6,s8,s10",
80009dd4,rem,s7:80041024,,02a2ebb3,3,"rem	x23,x5,x10","s7,t0,a0",
80009dd8,fdiv.s,fs6:7fc00000,,1889fb53,3,"fdiv.s	f22,f19,f8","fs6,fs3,fs0",
80009ddc,fcvt.wu.s,t1:04000000,,c01e7353,3,"fcvt.wu.s	x6,f28","t1,ft8",
80009de0,srai,tp:ffe00104,,40a2d213,3,"srai	x4,x5,0xa","tp,t0,0xa",
80009de4,sub,a7:00000000,,40e608b3,3,"sub	x17,x12,x14","a7,a2,a4",
80009de8,slt,t6:00000000,,004c2fb3,3,"slt	x31,x24,x4","t6,s8,tp",
80009dec,sll,t4:00000000,,00589eb3,3,"sll	x29,x17,x5","t4,a7,t0",
80009df0,fsgnj.s,ft4:80000000,,21da8253,3,"fsgnj.s	f4,f21,f29","ft4,fs5,ft9",
80009df4,fle.s,a2:00000000,,a1068653,3,"fle.s	x12,f13,f16","a2,fa3,fa6",
80009df8,sltiu,s6:00000000,,96a93b13,3,"sltiu	x22,x18,-1686","s6,s2,-1686",
80009dfc,divu,s11:ffffffff,,02ecddb3,3,"divu	x27,x25,x14","s11,s9,a4",
80009e00,lui,t4:31a86000,,31a86eb7,3,"lui	x29,0x31a86","t4,0x31a86",
80009e04,fcvt.s.wu,fs9:00000000,,d0111cd3,3,"fcvt.s.wu	f25,x2","fs9,sp",
80009e08,fsgnjn.s,fs2:7fc00000,,205b1953,3,"fsgnjn.s	f18,f22,f5","fs2,fs6,ft5",
80009e0c,sll,t2:80041024,,013b93b3,3,"sll	x7,x23,x19","t2,s7,s3",
80009e10,fclass.s,gp:00000008,,e00611d3,3,"fclass.s	x3,f12","gp,fa2",
80009e14,fsgnjn.s,fs11:00000200,,20859dd3,3,"fsgnjn.s	f27,f11,f8","fs11,fa1,fs0",
80009e18,fdiv.s,ft0:7fc00000,,19538053,3,"fdiv.s	f0,f7,f21","ft0,ft7,fs5",
80009e1c,remu,s8:00000000,,026ffc33,3,"remu	x24,x31,x6","s8,t6,t1",
80009e20,flt.s,t4:00000001,,a19b9ed3,3,"flt.s	x29,f23,f25","t4,fs7,fs9",
80009e24,remu,s11:00000000,,02367db3,3,"remu	x27,x12,x3","s11,a2,gp",
80009e28,or,s5:ffe00104,,004c6ab3,3,"or	x21,x24,x4","s5,s8,tp",
80009e2c,fsqrt.s,fs0:7fc00000,,58057453,3,"fsqrt.s	f8,f10","fs0,fa0",
80009e30,auipc,tp:bbb69e30,,3bb60217,3,"auipc	x4,0x3bb60","tp,0x3bb60",
80009e34,sub,s3:f7506410,,41e589b3,3,"sub	x19,x11,x30","s3,a1,t5",
80009e38,sra,a5:00000000,,404557b3,3,"sra	x15,x10,x4","a5,a0,tp",
80009e3c,rem,sp:fffffffc,,0394e133,3,"rem	x2,x9,x25","sp,s1,s9",
80009e40,sra,s11:fffffff8,,402bddb3,3,"sra	x27,x23,x2","s11,s7,sp",
80009e44,andi,t5:00000400,,7479ff13,3,"andi	x30,x19,1863","t5,s3,1863",
80009e48,fdiv.s,fs0:7fc00000,,1853f453,3,"fdiv.s	f8,f7,f5","fs0,ft7,ft5",
80009e4c,fcvt.s.w,fs7:00000000,,d0047bd3,3,"fcvt.s.w	f23,x8","fs7,s0",
80009e50,mulhsu,t4:3fe2070d,,037e2eb3,3,"mulhsu	x29,x28,x23","t4,t3,s7",
80009e54,fsub.s,ft3:00000000,,087af1d3,3,"fsub.s	f3,f21,f7","ft3,fs5,ft7",
80009e58,srl,a6:00000000,,01465833,3,"srl	x16,x12,x20","a6,a2,s4",
80009e5c,auipc,gp:765f6e5c,,f65ed197,3,"auipc	x3,0xf65ed","gp,0xf65ed",
80009e60,sra,a4:00400000,,40735733,3,"sra	x14,x6,x7","a4,t1,t2",
80009e64,addi,t4:fffff83b,,83b88e93,3,"addi	x29,x17,-1989","t4,a7,-1989",
80009e68,rem,a4:00400000,,02a76733,3,"rem	x14,x14,x10","a4,a4,a0",
80009e6c,fle.s,a0:00000001,,a1bf0553,3,"fle.s	x10,f30,f27","a0,ft10,fs11",
80009e70,fsgnjx.s,ft2:00000000,,21e32153,3,"fsgnjx.s	f2,f6,f30","ft2,ft6,ft10",
80009e74,fsgnjx.s,fs8:80000000,,214d2c53,3,"fsgnjx.s	f24,f26,f20","fs8,fs10,fs4",
80009e78,mulhsu,a6:fffdd419,,02e5a833,3,"mulhsu	x16,x11,x14","a6,a1,a4",
80009e7c,divu,a5:04000000,,02a357b3,3,"divu	x15,x6,x10","a5,t1,a0",
80009e80,xori,a2:000006fd,,6fd04613,3,"xori	x12,x0,1789","a2,zero,1789",
80009e84,divu,s4:00000000,,03255a33,3,"divu	x20,x10,x18","s4,a0,s2",
80009e88,fsgnjn.s,ft2:ffc00000,,21251153,3,"fsgnjn.s	f2,f10,f18","ft2,fa0,fs2",
80009e8c,fsgnjn.s,fs7:7fc00000,,21801bd3,3,"fsgnjn.s	f23,f0,f24","fs7,ft0,fs8",
80009e90,mulhsu,tp:003fffff,,02272233,3,"mulhsu	x4,x14,x2","tp,a4,sp",
80009e94,andi,s2:00400000,,92b77913,3,"andi	x18,x14,-1749","s2,a4,-1749",
80009e98,fsgnjx.s,ft9:ffc00000,,20cbaed3,3,"fsgnjx.s	f29,f23,f12","ft9,fs7,fa2",
80009e9c,fle.s,s6:00000000,,a0e88b53,3,"fle.s	x22,f17,f14","s6,fa7,fa4",
80009ea0,remu,sp:80040fe4,,03b4f133,3,"remu	x2,x9,x27","sp,s1,s11",
80009ea4,sltiu,gp:00000001,,489cb193,3,"sltiu	x3,x25,1161","gp,s9,1161",
80009ea8,srli,t3:00000001,,003cde13,3,"srli	x28,x25,0x3","t3,s9,0x3",
80009eac,sltiu,s2:00000001,,fabfb913,3,"sltiu	x18,x31,-85","s2,t6,-85",
80009eb0,remu,gp:00200104,,02eaf1b3,3,"remu	x3,x21,x14","gp,s5,a4",
80009eb4,auipc,a1:80009eb4,,00000597,3,"auipc	x11,0x0","a1,0x0",
80009eb8,addi,a1:80009ec0,,00c58593,3,"addi	x11,x11,12","a1,a1,12",
80009ec0,addi,gp:00000001,,00100193,3,"addi	x3,x0,1","gp,zero,1",
